"""社保基金入驻股票""",3,24,2024
"""看周末的券商金融消息面，此股短期内要大幅下跌剧本杀了，先观望一下等回调结束再来捡""",3,24,2024
"""利好利空资金说了算""",3,23,2024
"""亏损惨重原因就是拥抱垃圾股，最后割肉，错失牛股。短线不断换股，换的都是死股。所以""",3,23,2024
"""转发""",3,23,2024
"""星期一有希望吗？""",3,23,2024
"""以常理推测消息放出来就应该要发酵一段时间""",3,23,2024
"""新力金融今年行情结束了，现在回归底部区域""",3,23,2024
"""新力金融：融资净偿还1568.57万元，融资余额2.82亿元（03-22）""",3,23,2024
"""转发""",3,23,2024
"""长线""",3,22,2024
"""一阴破三线了都，居然还有人在这里唱多，准备下到6元吧""",3,22,2024
"""这业绩还行，股票怎么这差""",3,22,2024
"""这一个月新力都干了个啥？[捂脸]""",3,22,2024
"""3月18那天买的，买完就跌到7.19，服了！""",3,22,2024
"""请教各位，四季报，这撕是亏损得，哪位大神解读一下，从年报里是否看出端倪？""",3,22,2024
"""开盘跑了7.48""",3,22,2024
"""今天跌到120日线，周线绿柱放大了，但是月线啥的都还挺好，这股喜欢突然发力，希望""",3,22,2024
"""今天诱空，快的话周一就反包，兄弟们坚持住[得意][得意]""",3,22,2024
"""今天是当坏人的""",3,22,2024
"""涨的最少，跌的最多的2月7日卖了九鼎进了你，人都要晕了""",3,22,2024
"""$新力金融(SH600318)$""",3,22,2024
"""今天""",3,22,2024
"""已经回踩120线完成！下周一就回升了。现在没有哪个敢做空砸盘了，除非自己作死""",3,22,2024
"""唉，利好落地就是利空。还好昨天7.54跑了进了别的股，但今天80%都跌。去的别的""",3,22,2024
"""如履薄冰风险无处不在运气好昨天跑了""",3,22,2024
"""今天跌的莫名其妙呀""",3,22,2024
"""小极端小交易！""",3,22,2024
"""烂泥永远扶不上墙的道理你们也不懂么""",3,22,2024
"""跌第一名有雷远离垃圾""",3,22,2024
"""周一割""",3,22,2024
"""板块里面最垃圾的就是这个，涨的少跌的多""",3,22,2024
"""子弹怎么打不完吖，跑了4000多万了。""",3,22,2024
"""我买了100股一直看多，你们有没有票呀，天天看空的""",3,22,2024
"""散户太多，走了""",3,22,2024
"""追涨杀跌说的就是我[哭]""",3,22,2024
"""从未大涨跌起来比谁都猛[微笑]""",3,22,2024
"""7.21强支撑，昨天新闻查公募今天金融类都下挫，只能看下周有没有修复预期，新力是""",3,22,2024
"""卖了，""",3,22,2024
"""都消户了，让他们自己玩""",3,22,2024
"""你也不涨啊？有需要调整吗？""",3,22,2024
"""板块倒数第一""",3,22,2024
"""就问你们怕不怕""",3,22,2024
"""狗托们能别骗了吗，差不多得了，良心过得去吗？""",3,22,2024
"""太急人了，卖了去买多媒体视频去""",3,22,2024
"""子公司都盈利，基本没有风险""",3,22,2024
"""底部黄金坑[呲牙][呲牙]""",3,22,2024
"""大拉几，你跟你爷爷九鼎一头一尾""",3,22,2024
"""新经济的代表股""",3,22,2024
"""先吃螃蟹的人在此""",3,22,2024
"""再加一层仓位，下周该你护盘了""",3,22,2024
"""第六大股东在里边，只能跌。""",3,22,2024
"""互联网电商国联股份已经涨停""",3,22,2024
"""今天最低点7.15，下一个交易日最低点就是六块七。快快快，不要磨磨唧唧""",3,22,2024
"""互联网电商都在大涨，互联网金融什么时候涨""",3,22,2024
"""都看困了[哈欠]散户最大的特点就是亏了也要死拿硬抗，这也是最拖节奏[哈欠]""",3,22,2024
"""看好16元""",3,22,2024
"""大盘金融拉升不反弹吗""",3,22,2024
"""早说过了，三股东张敬红全出来了，你们散户接了""",3,22,2024
"""今天再不涨停这周你没机会了老铁""",3,22,2024
"""这是要破七了，坐等六块五""",3,22,2024
"""金融拉升了垃圾还在砸盘""",3,22,2024
"""这股票的空投还没有完全消化掉""",3,22,2024
"""-27，我就死磕到底！不相信你不起来，啥也不看了。在这里盯两个多月，就跟你耗着；""",3,22,2024
"""我又来哩，有什么不懂尽管问""",3,22,2024
"""大股东都是玩金融的。放贷。典当。租赁。等。自己的股票怎么不翻个几倍。丢人""",3,22,2024
"""看大盘点位，考虑小极端小交易！""",3,22,2024
"""汇率""",3,22,2024
"""我来哩""",3,22,2024
"""这个位置缩量大跌，也是醉了!""",3,22,2024
"""下午金融起飞！""",3,22,2024
"""散户为什么增加这么多？又没利好又没题材又没热点又不是低价股，怎么这么多散户进来？""",3,22,2024
"""出利好是为了出货？""",3,22,2024
"""筹码都给我吧便宜的筹码""",3,22,2024
"""我又抢跑了[哭]7.23买进1000手""",3,22,2024
"""跌破7元，全仓买进""",3,22,2024
"""哈哈，散户集中营，6.8，等着你哈""",3,22,2024
"""200万买盘挂单应该经不住你一砸，磨叽""",3,22,2024
"""笑死，前几天说逃命机会，还有人不信，不信的人哭了没有？哈哈哈哈笑死""",3,22,2024
"""下跌原因""",3,22,2024
"""板块倒数第一，还有谁？！""",3,22,2024
"""3000点保卫战开始了。""",3,22,2024
"""前面喊涨停的gou狗怎么不见了""",3,22,2024
"""必须跌停""",3,22,2024
"""玛德，前几天买在了最高点7.65草踏马""",3,22,2024
"""既然大家都不要，那扔给我吧[旺柴]""",3,22,2024
"""新力金融：2023年盈利2849.66万元 同比扭亏""",3,22,2024
"""10.20的本，随你怎么搞，不回本不交易""",3,22,2024
"""9鼎都站起来了，你还不起来，大盘这样跌，大金融不站出来护盘吗？""",3,22,2024
"""进了散户窝了，难怪涨不起来""",3,22,2024
"""都是散户，破七才有资金愿意建仓吸筹。还是看科技股""",3,22,2024
"""新力年报盈利股价下跌，筹码集中度高散户增加一倍多。是庄家还在洗盘还是前期低吸现在""",3,22,2024
"""持股10天，亏了5000出来，还错过了万丰奥峰。""",3,22,2024
"""玛德，被在了山顶上""",3,22,2024
"""新力金融(600318.SH)：2023年全年实现净利润2850万元，同比扭亏为盈""",3,22,2024
"""韭菜们也太可爱了，昨天追涨，今天又杀跌""",3,22,2024
"""还得一段时间洗，谁愿意为散韭菜抬轿""",3,22,2024
"""5万块钱，今天清仓，亏1000昨天赚钱没卖""",3,22,2024
"""防守反击，九鼎加新力""",3,22,2024
"""垃圾本色，决不掺假！""",3,22,2024
"""卖了，留下的发财""",3,22,2024
"""九鼎真是你爹""",3,22,2024
"""板块倒数，傻眼了吧[笑哭]""",3,22,2024
"""A股果然不是炒业绩的市场，亏损股涨上天，业绩预增的继续下跌，""",3,22,2024
"""真不知道这货抽什么风！！业绩公告盈利落定，你却开始大跌，这些庄的脑回路真够清奇。""",3,22,2024
"""跌停，我加仓，股东人数那么多，""",3,22,2024
"""很明显短期大盘见顶，今天大盘正常回调需求，前期涨的好的板块会更抗跌，越是这种没怎""",3,22,2024
"""恭喜新进来的3万多小散，准备好割肉吧，不然这股别想涨，大家一起套十年""",3,22,2024
"""所以出了业绩就是倒数第一的原因么，业绩扭亏都带不动你了""",3,22,2024
"""前两天进来的，这股有毒，涨不起来，跌就是大哥，乌烟瘴气，希望查查""",3,22,2024
"""板块倒数第一，""",3,22,2024
"""业绩好的票下跌，业绩亏损的拼命涨，""",3,22,2024
"""吐了""",3,22,2024
"""散户集中营，能涨起来太阳从西边出来了""",3,22,2024
"""啊？""",3,22,2024
"""破位了""",3,22,2024
"""这是套人的，前两天追高的站岗""",3,22,2024
"""完蛋了，快跑啊……""",3,22,2024
"""开盘就绿，给点力，红起来一下。""",3,22,2024
"""不由自主就冒出来一句，不懂科学狗撵摩托""",3,22,2024
"""散户人数创上市以来24年新高""",3,22,2024
"""发小钱冲金融板块！！！""",3,22,2024
"""开盘快跑，不跑来不及了""",3,22,2024
"""新力业绩比九鼎强N倍，市值却少人家一大半，股价还不到人家的1／2[笑哭]""",3,22,2024
"""开盘快跑，情势不妙……""",3,22,2024
"""新力金融：融资净偿还202.34万元，融资余额2.97亿元（03-21）""",3,22,2024
"""现在散户多一倍，十大股东没什么变化。是谁转融通的出去。转融通是要还的。。转融通三""",3,22,2024
"""业绩增长，技术结构佳，今日开启上涨模式""",3,22,2024
"""可惜不在风口，如果在风口亏损多少都能飞起来。""",3,22,2024
"""散户多了这是一个不好的现象啊""",3,22,2024
"""十年八年不分红，这样的公司要重点问询。""",3,22,2024
"""新力金融2023年净利2849.66万同比扭亏为盈 董事长孟庆立薪酬50.43万""",3,22,2024
"""净利润同比增长几倍？""",3,22,2024
"""新力金融(600318.SH)发布2023年度业绩 净利润2849.66万元 同比扭亏为盈""",3,21,2024
"""新力金融(600318.SH)：2023年净利润2849.66万元 同比扭亏""",3,21,2024
"""人气起来了，一片看涨，感觉有点㤺，明天找机会跑。""",3,21,2024
"""人家8块以上都敢追，现在跌这么多了我都不明白你们怕什么。前面的量买了都在锁仓，没""",3,21,2024
"""一字板走起了""",3,21,2024
"""业绩不及预期，明天肯定凉了""",3,21,2024
"""股价上去再下来！看似股价又回到了原点，但流通筹码却不在同一批人手中了！上去再下来""",3,21,2024
"""原来这股全是散户，看来是没得涨了""",3,21,2024
"""增加的散户，是张敬红出来的货，被散户接了""",3,21,2024
"""明天跌停，因为散户太多。""",3,21,2024
"""预测明天+/-3个点""",3,21,2024
"""一分钟看懂新力金融2023年度报告""",3,21,2024
"""从股东人数快涨一倍了，股东高盛也走了，不知道你们还哪来的自信涨停，明天必定大跌，""",3,21,2024
"""没人评论了，散户兄弟跑完了""",3,21,2024
"""明天跌停""",3,21,2024
"""扭亏为盈，业绩拐点，明天一字板""",3,21,2024
"""明天一字顶起""",3,21,2024
"""新力金融：2023年度净利润约2850万元""",3,21,2024
"""新力金融：3月20日召开董事会会议""",3,21,2024
"""新力金融：2023年净利润2849.66万元，同比扭亏为盈""",3,21,2024
"""注意！新力金融将于4月11日召开股东大会""",3,21,2024
"""一晚上出20个公告，涨20点就行""",3,21,2024
"""明天不涨就出来了。没意义了""",3,21,2024
"""真不明白，光大和中信怎么看上，没分红，大股东减持，员工减持，""",3,21,2024
"""没救了，散户增加太多了，大股东还减持""",3,21,2024
"""业绩增长，各位怎么看？""",3,21,2024
"""年报确认，扭亏为盈！！净利润约2850万，在预告2600-3200万净利润的范围""",3,21,2024
"""散户翻倍了，没救了""",3,21,2024
"""新力金融股东户数增加83.70%，户均持股5.55万元""",3,21,2024
"""业绩超预期""",3,21,2024
"""明天看看谁跑的快……[笑哭][笑哭][笑哭][笑哭][笑哭][笑哭]""",3,21,2024
"""新力金融:安徽新力金融股份有限公司2023年度内部控制审计报告""",3,21,2024
"""新力金融:安徽新力金融股份有限公司董事会审计委员会对会计师事务所履行监督职责的情况报告""",3,21,2024
"""新力金融:安徽新力金融股份有限公司关于召开2023年年度股东大会的通知""",3,21,2024
"""新力金融:安徽新力金融股份有限公司2023年度独立董事述职报告(赵定涛)""",3,21,2024
"""新力金融:安徽新力金融股份有限公司2023年度拟不进行利润分配的公告""",3,21,2024
"""新力金融:安徽新力金融股份有限公司2023年度独立董事述职报告(蒋本跃)""",3,21,2024
"""新力金融:安徽新力金融股份有限公司关于公司2024年度担保计划的公告""",3,21,2024
"""新力金融:安徽新力金融股份有限公司第九届董事会第八次会议决议公告""",3,21,2024
"""新力金融:安徽新力金融股份有限公司2023年年度报告摘要""",3,21,2024
"""新力金融:安徽新力金融股份有限公司2023年年度报告""",3,21,2024
"""新力金融:安徽新力金融股份有限公司2023年度财务报表之审计报告""",3,21,2024
"""新力金融:安徽新力金融股份有限公司非经营性资金占用及其他关联资金往来的专项报告""",3,21,2024
"""新力金融:安徽新力金融股份有限公司关于续聘会计师事务所的公告""",3,21,2024
"""新力金融:安徽新力金融股份有限公司营业收入扣除情况表专项核查报告""",3,21,2024
"""新力金融:安徽新力金融股份有限公司对会计师事务所2023年度履职情况评估报告""",3,21,2024
"""新力金融:安徽新力金融股份有限公司2023年度董事会审计委员会履职报告""",3,21,2024
"""新力金融:安徽新力金融股份有限公司2023年年度内部控制评价报告""",3,21,2024
"""新力金融:安徽新力金融股份有限公司关于确认2023年度日常关联交易及预计2024年度日常关联交易的公告""",3,21,2024
"""新力金融:安徽新力金融股份有限公司第九届监事会第八次会议决议公告""",3,21,2024
"""新力金融:安徽新力金融股份有限公司董事会关于独立董事独立性自查情况的专项报告""",3,21,2024
"""爱爱精工6.5到32了，兄弟们还在这里趴着呢""",3,21,2024
"""业绩看到了，要st。""",3,21,2024
"""会不会有超预期的东西，这个股太坑了，完全就没有反弹""",3,21,2024
"""业绩预告还没出来，财务造假了吗""",3,21,2024
"""预期药明康德后续的走势可参考被苹果砍单后的歌尔股份当时的走势！""",3,21,2024
"""再转一次务必重视！大宗商品、资源类品种都在创历史新高，相关的炒作周期相对会长。""",3,21,2024
"""浪潮信息！工业富联！启动的初期第一时间关注，当时思考人工智能产业链是否会由sor""",3,21,2024
"""$新力金融(SH600318)$""",3,21,2024
"""全仓这个真的痛苦，2月6号之后反弹10个点都没有真无语了""",3,21,2024
"""感觉近一个月空仓可以战胜99^""",3,21,2024
"""真是垃圾""",3,21,2024
"""中西部崛起概念炒一波的话这货或许有机会！""",3,21,2024
"""走势良好！不着急！""",3,21,2024
"""看了一天的盘，我真的要睡着了""",3,21,2024
"""今天晚上出业绩公告[上涨]""",3,21,2024
"""年报马上公布，没涨，可能业绩一般般。""",3,21,2024
"""明天券商拉升的话，会跟券商走，如果没有拉升，30分钟级别有个反弹，不行就跑，""",3,21,2024
"""散""",3,21,2024
"""抢跑了""",3,21,2024
"""如果想卖的大家仅管卖，不过后续可能走出一字连板喔[坏笑]""",3,21,2024
"""这股和业绩无关了，没热点就是半死不活，每次放消息重组大涨，重组失败大跌，真棒，欢""",3,21,2024
"""卖了""",3,21,2024
"""去科技股了88[再见]""",3,21,2024
"""买人工智能ETF了，不在这里浪费时间""",3,21,2024
"""买低空飞行去啊，""",3,21,2024
"""区域性个股真不能碰""",3,21,2024
"""太臭了""",3,21,2024
"""放量洗盘，7.45-7.55区间来回震荡，预计明要涨停！""",3,21,2024
"""7.457.55震荡洗盘，""",3,21,2024
"""卖了  换了纳思达""",3,21,2024
"""这股近段时间不会有动作。能走就走吧""",3,21,2024
"""四十分钟一分钱终于上去了""",3,21,2024
"""今年还是看科技股，这种垃圾股浪费时间""",3,21,2024
"""等你们没耐心了尾盘秒板""",3,21,2024
"""业绩不如预告吗""",3,21,2024
"""两眼相看泪眼，竟无语凝噎""",3,21,2024
"""清仓了，割肉走了，不玩了""",3,21,2024
"""最垃圾股、没有之一、年初到现在才10个多点、其它科技股好几倍了""",3,21,2024
"""7.50全仓坐等拉升午后大金融会有所表现""",3,21,2024
"""热点都在概念股票里，不要买这个股票，等半年都不涨的""",3,21,2024
"""请教一下老股民这支有什么优势？是人气龙头、跟风还是啥？没什么题材、热点还有机会吗""",3,21,2024
"""六块七价位什么时候给个机会买进""",3,21,2024
"""新力全融真的是太让人失望了，走人""",3,21,2024
"""周一尾盘追进错了，一早7.58没出掉，改7.56也没成。""",3,21,2024
"""等业绩出来不涨就出来去买万丰""",3,21,2024
"""属螃蟹的横着走""",3,21,2024
"""等待砸下来，加仓""",3,21,2024
"""[想一下][想一下]""",3,21,2024
"""昨晚上一堆吹今天涨停封板的呢[哈欠]又骗了一批人上套[哈欠]""",3,21,2024
"""这个票主力太琐了，不值得跟！走人了！""",3,21,2024
"""估计下午要绿""",3,21,2024
"""垃圾""",3,21,2024
"""量化1个点抛了5w手，""",3,21,2024
"""滚动！""",3,21,2024
"""等你厚积薄发！""",3,21,2024
"""买高了，今天后悔买你了""",3,21,2024
"""新力金融筹码高度集中2.3""",3,21,2024
"""要连板了！拉好啊""",3,21,2024
"""猜一下，今天高点7.58低点7.46就这样来回倒。""",3,21,2024
"""今天给个上车机会吧""",3,21,2024
"""新力金融在七块一的时候卖了，坐等六块五接盘""",3,21,2024
"""托多必输，哎，又来一帮托""",3,21,2024
"""看来今天必须抢筹码了""",3,21,2024
"""季报，季报，季报""",3,21,2024
"""布林线收缩了，正式进入盘整阶段，等缩量，等一根百分之五的长阳，就是不知道要等多久""",3,21,2024
"""新力金融：融资净买入153.87万元，融资余额2.99亿元（03-20）""",3,21,2024
"""不是避险因素引发的持续上涨！而是降息预期+通胀推动了金价的上涨，黄金+铜只是开始""",3,21,2024
"""曾用名新力药业，吃错了药的新力，一支票亏45%9W多。我擦""",3,20,2024
"""中部地区崛起，新力金融""",3,20,2024
"""这段话讲的是对人工智能板块的看法！面对A股市场的人工智能产业链需看长做短，盯着城""",3,20,2024
"""供销社概念""",3,20,2024
"""明天白天的涨跌就预告了晚上的业绩""",3,20,2024
"""小步快上二浪开始""",3,20,2024
"""中部崛起，新力是哪里的""",3,20,2024
"""这股今天的织布状态，可以完全证明庄股无疑，夹板式吸筹，要不成龙，要不成虫。""",3,20,2024
"""现阶段对新力的策略思考""",3,20,2024
"""拿段时间看看，一个筹码高度集中，蓄势待发，随时可能拉板！另一个热点集齐一身滞涨股""",3,20,2024
"""一直坚守这个股，10.41没买回万丰亏大了。真是不适合炒股。跟不上节奏。万丰5元""",3,20,2024
"""新力还在平稳期//@蛰伏SJ :平稳期受大盘上涨影响走的有些不平稳，相对自身股价""",3,20,2024
"""大盘要新高了，它这东西要新低了，真不是东西""",3,20,2024
"""恶人盘，量大不涨，下套网鱼""",3,20,2024
"""自选的科技科技票不进，前天尾盘偏偏进了这个和一个旅游票。又被套住了[哭]""",3,20,2024
"""你就是说这种票呢。也没人来玩。你看他一月份，他是奋勇争先，跟瀑布似的几十厘米""",3,20,2024
"""大盘指数3090压力位，今天还是收红还待调整回踩量化僵尸新力，今儿暴涨2分，资金""",3,20,2024
"""没想到今天暴涨一分钱，明天也可以大跌了，低开低走套死尾盘抄底的""",3,20,2024
"""今天出业绩么？""",3,20,2024
"""这个市场不买到热门题材10％的趋势票，亏钱容易，挣钱难""",3,20,2024
"""今天收盘价7.38。明天收盘价7.12，后天收盘价6.78""",3,20,2024
"""今天地量，是不是要变盘了，今天刚买[大哭][大哭][大哭]""",3,20,2024
"""不是很懂。这个为什么不如九鼎""",3,20,2024
"""恶人盘，量大不涨，下套网鱼""",3,20,2024
"""……""",3,20,2024
"""这拉几心电图的走势[大哭][大哭][大哭]是不是要退市啊？他咋这样捏""",3,20,2024
"""坐等回调买入""",3,20,2024
"""太不给力了""",3,20,2024
"""你真的了解小米消金吗，其实他是这样的""",3,20,2024
"""又是浪费时间，早点跌下来不行吗？跌到六块多大家一起买""",3,20,2024
"""我看好你""",3,20,2024
"""这种图形，不是大牛，就是大恶，使劲祈祷吧。""",3,20,2024
"""人不咋滴，股也不行""",3,20,2024
"""为什么走得想心电图一样，主力还没有吸够了筹码么?""",3,20,2024
"""如果股东不减持就会涨，""",3,20,2024
"""没概念""",3,20,2024
"""5日线打上去了""",3,20,2024
"""仔细看了券商板块里个股，发现最近不走连板模式，走趋势？！不过我相信等大盘温度足够""",3,20,2024
"""铜受到涨价也被疯狂围猎！通胀+降息预期让资源类股票走强创造了有利条件！迅速定位到""",3,20,2024
"""我把这两个标的构建一个价值牧场的投资组合！不破前低的情况下保持底仓不动，短期涨幅""",3,20,2024
"""如此小的盘子，那么大的卖盘，怎么能涨？""",3,20,2024
"""秒板""",3,20,2024
"""黏糊的，再泡杯咖啡，提提神""",3,20,2024
"""极度缩量，这也能忍""",3,20,2024
"""1.4买的美吉姆挣了不少。哈哈""",3,20,2024
"""主力又想一字封板突然拉升""",3,20,2024
"""等风来，不如追风去""",3,20,2024
"""天鹅要起飞了，会不会跟""",3,20,2024
"""恶庄没人性""",3,20,2024
"""挂7.45的单了，来收走，能走成就7.26再进。""",3,20,2024
"""……""",3,20,2024
"""上蹿下跳的""",3,20,2024
"""跟跌不跟涨，垃圾""",3,20,2024
"""多元金融里面最垃圾的股票，每次反弹都是诱多""",3,20,2024
"""差一点绿盘没买进[哭]""",3,20,2024
"""天天瞎折腾，你们都赚了吗？""",3,20,2024
"""早上诱多，今天还是大跌，破七再说，六块多才有投资价值""",3,20,2024
"""涨一分钱都困难，昨天跌起来一点都不含糊，垃圾""",3,20,2024
"""连板开始""",3,20,2024
"""今天可能会砸到7.26""",3,20,2024
"""近段时间就是控制好仓位找机会低吸，半仓即可""",3,20,2024
"""海螺仍会尝试拉升出货！！""",3,20,2024
"""明天出业绩。看今天如何走势""",3,20,2024
"""上一轮无人驾驶炒作的城门立木！这一轮呢？它们的表现会如何？有一只已经了！""",3,20,2024
"""新力金融：融资净偿还428.6万元，融资余额2.98亿元（03-19）""",3,20,2024
"""明天晚上发布年报，业绩大增，估计直接涨停。有补涨需求，今天最后买入机会""",3,20,2024
"""冲啊！昨天下午抄底的等着上午大涨[微笑]""",3,20,2024
"""明天反包了""",3,20,2024
"""浪费外面的大好行情，今天亲仓走人[大笑]""",3,19,2024
"""今天刚买。请问大家时机对不？还是入坑了？""",3,19,2024
"""14买的，6块补仓的，10块跑路的""",3,19,2024
"""7-7.50区间，随便买！建好仓，耐心持有！继续下来，继续买！""",3,19,2024
"""这么小的盘子卖盘几乎都是六位数，下方买盘也是长时间保持六位数。表明上压下托，压盘""",3,19,2024
"""缩量回踩，放量拉升。主力还在洗盘。大盘跳水，回落。金融板块也好不到哪里。但是大盘""",3,19,2024
"""2022年4月1号前一天买的，14买进，吃了5个一字板跌股，大盘2640的时候，""",3,19,2024
"""昨天输7.66没被收，今天有跌.浪费大好行情，可能会涉及重组""",3,19,2024
"""天天左手倒右手，没有鱼上钩""",3,19,2024
"""明天又是低开，直接越过支撑线，继续往下，勾助力""",3,19,2024
"""数据都是他做给你看到，其实这个股全是散户""",3,19,2024
"""没见过这股3月份有行情，大金融一般要到下半年才会走一波""",3,19,2024
"""真的应该一大早跌破均线就卖的，幻想什么呢""",3,19,2024
"""割了，受不了这垃圾货色了""",3,19,2024
"""清仓，认识你是我这辈子最倒霉的事""",3,19,2024
"""持续高换手率，股价跌跌不休，资金量流出，拉稀摆带""",3,19,2024
"""来了""",3,19,2024
"""高盛买的股，应该有行情啊""",3,19,2024
"""狼真的来了""",3,19,2024
"""自己左右对敲，好消息是看发帖和盘中弹幕，已经没有多少散户了。""",3,19,2024
"""跳水了""",3,19,2024
"""这样控盘有一天你会自己跟自己玩的""",3,19,2024
"""美联储周四有议息会议，结合年报公布。大金融要看周五吧。""",3,19,2024
"""怎么样，说了昨天最后跑路时间，还不信，笑死，他跑他追，他插翅难飞哈哈哈哈，再不跑""",3,19,2024
"""准备好""",3,19,2024
"""周四22号披露业绩""",3,19,2024
"""青海春天今天就开板了！跌幅空间太小了！暂不做极端交易的打算了！""",3,19,2024
"""$新力金融(SH600318)$""",3,19,2024
"""主力明显在阴跌出货。""",3,19,2024
"""涨幅不少了！""",3,19,2024
"""今天多远金融板块是没发力""",3,19,2024
"""昨天进3000万涨了4%。今天跑了5000多万只跌了2%。很明显承接有力，试盘通""",3,19,2024
"""最近表现不错！//@蛰伏SJ :去弱留强！""",3,19,2024
"""这支票历来没有年报行情[哈欠]狗托昨天一顿唱多骗人接盘，今天直接被闷到底，套舒服""",3,19,2024
"""下午大盘反攻的话，涨停可能性很大""",3,19,2024
"""金融渣男，一追就套。""",3,19,2024
"""感觉今天会砸4个点""",3,19,2024
"""下来你不买，难不成整天去追高？缩量回踩，放量拉升。典型吸筹拿货痕迹。洗洗更健康！""",3,19,2024
"""怕毛！位置在底部区域，后天晚上公布年报。预告扭亏为盈！基本面向好。拿稳了！这两天""",3,19,2024
"""内盘20万股等着卖，不怕的快来接，根本买不完。""",3,19,2024
"""。买了就后悔，又要全跌回去垃圾""",3,19,2024
"""砸指数吗""",3,19,2024
"""大盘上不去3090.就会下3048，北向在跑，新力金融先下负7，收盘负4""",3,19,2024
"""看来昨天有人融券特别多啊，每次都是万手多的砸，有点意思""",3,19,2024
"""新力业绩和筹码集中度强过九鼎，但新力和香融溢通，哪个更强呢？""",3,19,2024
"""这是一个转融通股，稍有拉伸就要卖，总有很低成本买回来的机会。""",3,19,2024
"""走了，走了，，留下的发财！""",3,19,2024
"""新力是个优秀的企业，5个板没问题""",3,19,2024
"""太了！！""",3,19,2024
"""这内场有这多卖的，卖方盘子这大？？？？""",3,19,2024
"""根本跌不下去""",3,19,2024
"""买了就后悔，又要全跌回去垃圾""",3,19,2024
"""42天换手率777%，换手太充分了，等待新主力的爆发""",3,19,2024
"""感觉新力这波反弹要翻倍""",3,19,2024
"""昨天尾盘买了，没想到坑货啊""",3,19,2024
"""昨天融券的今天可以砸了，一下一下的砸，到时候砸低了再还券，但是如果来个大哥拉起来""",3,19,2024
"""当大家看多时少赚离手资金为王远离""",3,19,2024
"""费力金融又要废一天，跑了。""",3,19,2024
"""扶不起的阿斗，一日游行情""",3,19,2024
"""回踩是机会""",3,19,2024
"""草""",3,19,2024
"""昨天7.6进的""",3,19,2024
"""转发""",3,19,2024
"""如果回购增加持股达标""",3,19,2024
"""股票违规、违法行为举报电话010-12386 ！""",3,19,2024
"""今天有不少吹票的，看来优势的确在我""",3,19,2024
"""转发""",3,19,2024
"""股票欺诈行为举报电话010-12386""",3,19,2024
"""新力金融：连续3日融资净买入累计3217.31万元（03-18）""",3,19,2024
"""转发""",3,19,2024
"""5个板起步。进不去了。""",3,19,2024
"""明天适合低吸，起3浪或者c浪了。""",3,18,2024
"""意思是要回购20%股份？""",3,18,2024
"""十点之前拉起来就是为了出货""",3,18,2024
"""转发""",3,18,2024
"""明天低开涨停""",3,18,2024
"""想啥呢均线全部向上大牛股的走势短期8.3么的问题[微笑][鼓掌][旺柴]""",3,18,2024
"""缺口一个一个补，三步一回头""",3,18,2024
"""换手率怎么这么高""",3,18,2024
"""你认为青海春天几个跌停后能开板？开板后有无交易机会？说说你的看法！""",3,18,2024
"""大盘要上攻必须是金融带动，金融板块有机会，看这周能不能继续复制前期连续三个板的机""",3,18,2024
"""放量再次启动，资金回流！大盘要上攻，金融必不可少！证券，银行，保险，金融。。。。""",3,18,2024
"""一夜暴富的梦想，不来也平常。长线不心慌""",3,18,2024
"""一个老股民如何去快速成长1：要突破思维的强。2：发挥你的想象力。想象力就是生产力""",3,18,2024
"""每天换手那么高""",3,18,2024
"""九鼎4次没突破压力位，明天再突破不了，就可能带动整个多元金融下行拉""",3,18,2024
"""不着急！再看看情况，短线极端交易！""",3,18,2024
"""割了割了。直接够劲了。磨叽死""",3,18,2024
"""说真的，今天早上加仓的时候，在中公教育，药明康德，和新力金融中间三选一。选了个最""",3,18,2024
"""明天可以跑了""",3,18,2024
"""现在可以进了吗？？算不算追高""",3,18,2024
"""我擦，我擦，我擦。我不相信""",3,18,2024
"""9.60再卖吧""",3,18,2024
"""跟九鼎提鞋也不配""",3,18,2024
"""[捂脸]动一下吧""",3,18,2024
"""今天318，318来个涨停，大吉大利哈哈哈哈""",3,18,2024
"""力给我华强一个面子封了吧[左哼哼]""",3,18,2024
"""只要主力拉涨停，我立马就收割!""",3,18,2024
"""你的肉，我要割~！""",3,18,2024
"""我是股神，我要割主力的肉！""",3,18,2024
"""我要割主力的肉！""",3,18,2024
"""我要割主力的肉~！""",3,18,2024
"""我是中国股神，我坚信我加仓10000股，明天有肉吃！[大笑]""",3,18,2024
"""下午震荡上行，上午卖飞了吗""",3,18,2024
"""看图就知道主力资金进来了，我加仓10000股""",3,18,2024
"""主力资金已经进场了，大家一起加仓哦，等主力拉涨停，一起吃肉！""",3,18,2024
"""九鼎没上去吓死这货""",3,18,2024
"""感觉这个股要起飞，买盘很少很少了，一直浮动零线附近，就是不知道洗盘时间长短而已""",3,18,2024
"""心累看见要涨停""",3,18,2024
"""九鼎跟风小弟""",3,18,2024
"""九鼎真大哥啊""",3,18,2024
"""擦""",3,18,2024
"""一日游的""",3,18,2024
"""再不跑，就来不及了，今天最后逃命机会，他跑他追，他插翅难飞""",3,18,2024
"""今天3月18，你该涨婷了""",3,18,2024
"""选择个股必须选择极端个股交易！何为极端？极端就是要么选极端涨！要么选极端跌！绝不""",3,18,2024
"""分批梯次滚入！原则上只选择低吸，谨慎追高！见大涨考虑滚出部分仓位！""",3,18,2024
"""感觉还是会绿""",3,18,2024
"""先把药明康德的极端交易做好后，再来考虑看看青海春天有无极端机会？""",3,18,2024
"""下午翻绿？""",3,18,2024
"""可惜了，不是主力拉的。10点的时候证券板块进了etf资金，拉了一下大金融板块。""",3,18,2024
"""赚了一条华子谢谢""",3,18,2024
"""这段时间每个交易日都高换手。。。价格却抑郁。。。高手们有什么见解呢？""",3,18,2024
"""没戏了""",3,18,2024
"""玩了，前几天卖完了""",3,18,2024
"""卧薪尝胆，几次冲高回落。这次我陪你冲锋，上10元！""",3,18,2024
"""7.59追进去的。还有比我高的吗[哭]""",3,18,2024
"""完了，追高了""",3,18,2024
"""高位横盘必是出货，没人拉[666]能起早起来了""",3,18,2024
"""7.21买少了，今天7.65继续加仓！""",3,18,2024
"""调整充分，后市可期！""",3,18,2024
"""就算鸡吃完了米，狗舔完了面，火烧断了锁，我们新力金融也绝不涨停是吧""",3,18,2024
"""今天收盘7.45""",3,18,2024
"""走了走了，横盘必跌，六块再回来""",3,18,2024
"""再不跑，就来不及了，今天最后逃命机会，他跑他追，他插翅难飞""",3,18,2024
"""多好的标的，股性嘎嘎滴""",3,18,2024
"""一个涨停了""",3,18,2024
"""怎么还不拉涨停，难道是在诱多""",3,18,2024
"""$新力金融(SH600318)$""",3,18,2024
"""10点半能涨停你就是村里最靓的仔""",3,18,2024
"""多元金融目前新力金融领涨""",3,18,2024
""".7.31刚割肉就起来""",3,18,2024
"""今天脑子抽筋怎么想起来埋单卖掉的，操""",3,18,2024
"""嘿嘿，只想说，买少了""",3,18,2024
"""我就是股市反向标吗""",3,18,2024
"""继续""",3,18,2024
"""底部！重点关注""",3,18,2024
"""新力航空，海阔凭鱼跃，天高任鸟飞""",3,18,2024
"""小盘金融低价股大漏""",3,18,2024
"""G庄走了88等着你44444""",3,18,2024
"""……""",3,18,2024
"""像是在换庄！！""",3,18,2024
"""一直压盘，只等井喷""",3,18,2024
"""杂毛猪""",3,18,2024
"""观望""",3,18,2024
"""逢低继续加仓逢高适当做t，两手都要抓""",3,18,2024
"""今日高开在7.4-7.5左右，而后如能放量进攻，以一个涨停之姿站稳8元，那么春季""",3,18,2024
"""转发""",3,18,2024
"""5000家上市就算全部高开，新力金融也会低开低走的，它就是这种尿性""",3,18,2024
"""周一继续下跌，目前没有上涨信号。""",3,17,2024
"""$新力金融(SH600318)$""",3,17,2024
"""他跑他追，他插翅难飞，哈哈，下周开盘不跑有人要哭了。""",3,17,2024
"""1月份，三股东张敬红已经清仓了（见龙虎榜光大证券席位），如果3月底报告显示他又买""",3,17,2024
"""开盘准备闪""",3,17,2024
"""比特币，黄金日本股市，印度股市，法国股市等等都在创历史新高可见外面市场上的资金很""",3,17,2024
"""海螺准备拉升了，因为它要出货！！""",3,17,2024
"""新力金融自重组失败后的4次炒作机会！只要不退市，就还有下一次！""",3,17,2024
"""有色金属板块属于涨价""",3,17,2024
"""转发""",3,17,2024
"""周一开盘低开3个点就知道意狠无聊了""",3,17,2024
"""破位票，还整天那么多人yy，纯韭菜，下周一开盘直接跑路最后逃命机会。""",3,16,2024
"""在工业富联启动初期的一些思考，事后来看走的确实不错！无疑是这轮人工智能产业链上的""",3,16,2024
"""必涨形态，每次调到底部都会有一波上涨。""",3,16,2024
"""没看出新力好的都是韭菜""",3,16,2024
"""转发""",3,16,2024
"""转发""",3,16,2024
"""金融起飞""",3,16,2024
"""本机构给予强烈增持评级。""",3,16,2024
"""大利好，周一涨停了，可惜周五下车了""",3,16,2024
"""麦趣尔事件历历在目！现在青海春天又出了个天价酒事件！回顾麦趣尔事件及后续股价走势""",3,16,2024
"""机构控盘。""",3,16,2024
"""按照A股炒股神逻辑的方面思考：有机会？！提前思考眼见为实！前提是出现短线连续暴跌""",3,16,2024
"""美国上市的大金融中概股集体大涨，下周一大金融集体起飞了，希望能买到""",3,16,2024
"""新力金融：融资净买入1119.47万元，融资余额2.95亿元（03-15）""",3,16,2024
"""看看龙虎榜清醒一下""",3,16,2024
"""美股金融疯狂大涨金融涨疯了""",3,15,2024
"""打死不分红，老赖""",3,15,2024
"""买你的早晚清家荡产""",3,15,2024
"""他跑他追，他插翅难飞，哈哈，下周有人要哭了""",3,15,2024
"""下周一最后清仓机会，不要追悔莫及""",3,15,2024
"""垃圾，恶心股""",3,15,2024
"""这票盘子不大排队买卖压单到不少F12345牛逼""",3,15,2024
"""一阴破4线，这股还废了，还有减持，下周一是最后逃命机会，保命要紧""",3,15,2024
"""此股不涨原来是这吧里面散户太多了吧？股价没有涨人气创新高了呀！继续大跌洗盘哦！""",3,15,2024
"""昨天尾盘这么强，今天在指数探底回升，在券商股拉升情况下竟然水下游了一天[哭][困""",3,15,2024
"""三湘印象的董秘都回答我提问了，可惜我刚割肉来新力金融了。不会卖飞吧！！！！！""",3,15,2024
"""什么垃圾""",3,15,2024
"""今天进了30000gu就看你下周涨不涨[怒][怒][怒]""",3,15,2024
"""难得今天都能绿，真的我买的股我真能说YYDD，没有意外""",3,15,2024
"""没翻红，卖了！""",3,15,2024
"""去弱留强！""",3,15,2024
"""去弱留强！""",3,15,2024
"""自选股里面唯一的绿垃圾""",3,15,2024
"""大盘能站住五日线，你看它能吗[哈欠]狗托们别骗人接盘了，差不多得了[滴汗]""",3,15,2024
"""尾盘建仓[吃瓜][吃瓜]""",3,15,2024
"""你在干什么，啊力！""",3,15,2024
"""多元金融的耻辱""",3,15,2024
"""上次惨败而归，高买低卖了。这次我又来了。希望回本！""",3,15,2024
"""什么情况，没怎么涨，怎么跌起来这么多""",3,15,2024
"""怎么没有人管你啊，你大哥们都涨停了""",3,15,2024
"""[捂脸]你是真垃圾""",3,15,2024
"""浪费大好行情，外面随便买一个都比他强""",3,15,2024
"""也够垃圾了""",3,15,2024
"""7块1我就买了""",3,15,2024
"""今天尾盘都是卖盘""",3,15,2024
"""l四线合一，下星期起飞""",3,15,2024
"""年后一直持股新力金融的非常痛苦，而掐指一算，他们命本不该绝，所以，我来也""",3,15,2024
"""一买就跌""",3,15,2024
"""减仓，大盘上不去""",3,15,2024
"""近4000家上市公司上周翻红，唯独没有你个垃圾，真是浪费行情，走了，留下的发财！""",3,15,2024
"""买它，我买，我再买，我还买……完全买不完啊。""",3,15,2024
"""我发起了一个投票""",3,15,2024
"""它在等板块绿""",3,15,2024
"""我还以为是我昨天卖了一大半所以你昨天尾盘拉升进货，没想到是为了今天砸盘么""",3,15,2024
"""今天目标不大：翻红就管""",3,15,2024
"""这票什么时候也能突袭拉升涨停？""",3,15,2024
"""垃圾股""",3,15,2024
"""老乡别走""",3,15,2024
"""瘟猪股""",3,15,2024
"""买了这个股真是倒了血霉，别的股翻倍的，涨了六七十个点比比皆是，这个拉纪从底部起来""",3,15,2024
"""就这种气氛最好，主力折磨的不要不要的[俏皮]""",3,15,2024
"""这下真的完了，被套牢了！""",3,15,2024
"""可在7.2-7.3一线下手建仓了！""",3,15,2024
"""继续极端交易！""",3,15,2024
"""不该这么弱啊，可惜了主力，今日账户缩水了""",3,15,2024
"""不怕说错就怕不说，股吧就是要踊跃发言多沟通看法多交流信息""",3,15,2024
"""昨天不是确认低部了吗？量也有怎么今天这样了""",3,15,2024
"""出货""",3,15,2024
"""一季报大增""",3,15,2024
"""这个股吧，鬼哭狼嚎，能涨才怪了，什么时候清静了才考虑进。""",3,15,2024
"""昨天买了一点点，希望不要套死""",3,15,2024
"""费力金融""",3,15,2024
"""昨天进来今天就闷杀，我这个反向指标太优秀了，都怪快跑吧，我不赚钱不割，躺了。""",3,15,2024
"""六块五才有资金愿意接盘，六块钱可以大胆建仓""",3,15,2024
"""评论里大多，个个都牛逼烘烘，股市涨跌都在他们掌控之中，韭菜们还是远离为好""",3,15,2024
"""知道有好消息的想进去 不知道啥情况的想出来""",3,15,2024
"""说一下技术面，短期是要考验7.08支撑位，但大概率确认不住，往届相同筹码集中度时""",3,15,2024
"""九鼎不动，你就只能趴着""",3,15,2024
"""看看你兄弟财信发展都两板了""",3,15,2024
"""月K线还在底部区域""",3,15,2024
"""买""",3,15,2024
"""跌到六块五再说吧，现在趁早跑路""",3,15,2024
"""不砸到7附近我不买""",3,15,2024
"""论股 欢迎评论""",3,15,2024
"""理性分析下新力金融""",3,15,2024
"""砸到七块呗[微笑]""",3,15,2024
"""大家有的熬了，阴买阳卖洗盘折磨进行时""",3,15,2024
"""干""",3,15,2024
"""哥说，目标价8[看多][看多][买入]""",3,15,2024
"""有量有价不用怕""",3,15,2024
"""倒数第二""",3,15,2024
"""已满""",3,15,2024
"""也没见你跟涨咋这么牛批呢""",3,15,2024
"""26加早了""",3,15,2024
"""新力金融(SH600318)$昨天该跑的，腾出资金来这股散户太多主力不傻给你""",3,15,2024
"""主力都多少货还没出完""",3,15,2024
"""小新啊，我看好你，你要加油哦[强壮]""",3,15,2024
"""被骗了，昨天尾盘进来那么多""",3,15,2024
"""股票不咋的，人气还挺旺！！""",3,15,2024
"""骗筹码""",3,15,2024
"""又有砸盘的[哭][哭][哭]""",3,15,2024
"""LJ""",3,15,2024
"""九鼎带头跳水，兄弟们，6.7见。""",3,15,2024
"""仓位控制好，年报之前都是以进为主""",3,15,2024
"""深套""",3,15,2024
"""7.1等你[微笑][微笑]""",3,15,2024
"""心里荣，没有最低只有更低""",3,15,2024
"""昨天该跑的，腾出资金来""",3,15,2024
"""财信发展都板了""",3,15,2024
"""我看昨天尾盘谁被诱进来了[哈欠]""",3,15,2024
"""股权交割日，黑色星期五""",3,15,2024
"""溜""",3,15,2024
"""跑""",3,15,2024
"""跑""",3,15,2024
"""高开7.7，然后拉涨停出货，收盘7.8""",3,15,2024
"""新力金融：融资净买入1421.92万元，融资余额2.84亿元（03-14）""",3,15,2024
"""年前，我拿了你，年后，你用百分之十的涨幅回报我承担的巨大市场风险，同期大量科技股""",3,15,2024
"""政策利好多元金融，准备一字连板""",3,15,2024
"""春江水暖鸭先知，股市要想大涨，跑前排的应该是“证券，金融”，多元金融会不会是那只""",3,15,2024
"""怎么突然来人气了，它咋了[为什么][为什么]""",3,14,2024
"""这人气高的离谱""",3,14,2024
"""准备2周一字板""",3,14,2024
"""明天高开。""",3,14,2024
"""已经圆弧底，明天要大涨""",3,14,2024
"""别太乐观，拉尾盘一般是第二天砸盘，""",3,14,2024
"""急拉缓跌，加尾盘拉升，韭菜们注意安全哟""",3,14,2024
"""明天很可能低开5个点，然后连续跌停""",3,14,2024
"""全是唱多的，明天完蛋了！""",3,14,2024
"""明天有戏了""",3,14,2024
"""晚上出公告？""",3,14,2024
"""明天看你的了""",3,14,2024
"""业绩不好的都大涨，业绩好的都不动""",3,14,2024
"""明天厉害了，看你表现嗷""",3,14,2024
"""新力第二波上涨即将开启，年报扭亏为盈明天随证券一起来一波""",3,14,2024
"""调整时间蛮长了，调整空间也比较大了！走势进入春季了吗？继续跟踪！同时盯着高息股类""",3,14,2024
"""老伙计，别让我失望啊""",3,14,2024
"""马上重组，股权转让""",3,14,2024
"""尾盘拉升，非奸即盗！""",3,14,2024
"""见底了没？？[为什么][为什么]""",3,14,2024
"""这破股给九鼎提鞋都不配，强者恒强果断换""",3,14,2024
"""明天给我下来，7.33刚卖就拉起来了!""",3,14,2024
"""这票的风格就是大盘跌它逆势涨""",3,14,2024
"""要启动了，明天开盘下探洗盘买入，明天涨停几率大。""",3,14,2024
"""轻舟已过万重山。""",3,14,2024
"""每天尾盘拉升出货""",3,14,2024
"""拉尾盘快6""",3,14,2024
"""有什么利好么，难道是我今天卖了一大半的原因？不知道该不该买回来了""",3,14,2024
"""只有券商大金融能够起到作用""",3,14,2024
"""新力金融今日这算异动啊，刚才5000手主动买单又来""",3,14,2024
"""要去九鼎的别口嗨了[滴汗]快走快走[哈欠]""",3,14,2024
"""为什么一直砸盘""",3,14,2024
"""急拉缓跌是啥来着，是不是要赶紧跑？""",3,14,2024
"""唉还是九鼎牛[哭][哭][哭]""",3,14,2024
"""当太多散户买入时庄家顺势卖出装大傻下咂下咂吧""",3,14,2024
"""今天是真没想到啊，上午走势这么好，下午竟然跳水""",3,14,2024
"""当太多散户买入时庄家顺势卖出装大傻下咂下咂""",3,14,2024
"""还没涨，大盘又要回调了""",3,14,2024
"""进了点""",3,14,2024
"""7.3的本现在跑吗？""",3,14,2024
"""今天刚进去就被套[哭]""",3,14,2024
"""买买买""",3,14,2024
"""，7.35买入成功，哈哈哈，发财了""",3,14,2024
"""准备护盘了？明天315，先等等吧""",3,14,2024
"""近期会拉升，稳住""",3,14,2024
"""割了九鼎买了你，真恶心""",3,14,2024
"""九鼎就是你祖宗""",3,14,2024
"""以后都不要大金融了[捂脸]""",3,14,2024
"""这量化把你搞死啊，111手202020手，买了永远不可能上。""",3,14,2024
"""还有极端交易机会！消息面的影响呈现逐级减弱的特征！敢继续暴跌，考虑再次极端交易！""",3,14,2024
"""恒瑞医药今天再次进行难得的滚动的机会！""",3,14,2024
"""这票给量化玩坏了，趁早走吧""",3,14,2024
"""把半仓九鼎卖了这，有本事跌下来融资搞[大笑]""",3,14,2024
"""这操盘手整天睡大觉，最起码吸吸筹呀，下次见到九鼎记得""",3,14,2024
"""三只个股有机会涨停！""",3,14,2024
"""这个票盘子这么小，为什么每天的成交量那么大，哪位高手能指点一下吗""",3,14,2024
"""快跑下午跌停""",3,14,2024
"""建仓机会！可以重点关注一下！""",3,14,2024
"""5十日线第二次交了是不是止跌信号了""",3,14,2024
"""天天让散户去买套此股就是渣""",3,14,2024
"""怎么那么恶心守了这么久也不涨""",3,14,2024
"""盯了一下盘，7.45一直卖不完了是吧。""",3,14,2024
"""调整过后再冲锋。""",3,14,2024
"""这也叫放量？[滴汗][滴汗]""",3,14,2024
"""里面全是砸盘哥还想涨停洗洗睡吧，收盘一个点不到""",3,14,2024
"""放量了，赶快上车""",3,14,2024
"""新力金融3月14日快速上涨""",3,14,2024
"""什么时候能像九鼎一样？别这么LJ""",3,14,2024
"""跟九鼎提鞋都不够资格""",3,14,2024
"""冲""",3,14,2024
"""看看九鼎""",3,14,2024
"""幸好卖了部分去了九鼎，估计这几天能赚10个点，优秀！垃圾，准备把剩余的也""",3,14,2024
"""趋势向下""",3,14,2024
"""九鼎今天被人当杀猪盘了，能带动你吗，挣扎一下[怒]""",3,14,2024
"""但凡有一个高开，都是主力前一晚搞狠了，虚脱了，没看清楚""",3,14,2024
"""九鼎又高开了气死你，人家走的是一个漂亮，我都不知道你整天在这干嘛""",3,14,2024
"""九鼎都有人推这杀猪盘搞得你连杀猪盘都没资格[大笑]""",3,14,2024
"""希望一周内能有低吸机会，越低越好我好全压""",3,14,2024
"""调整近尾声，可在7.2-7.3一线建仓了！上方30日线下压后，日K场线汇聚一起，""",3,14,2024
"""新力金融：融资净偿还131.87万元，融资余额2.7亿元（03-13）""",3,14,2024
"""转发""",3,14,2024
"""新力一个金叉""",3,14,2024
"""最近万科又被推上了风口浪尖！作为极端交易者应该积极思考，这里是否存在极端交易机会""",3,13,2024
"""干新力""",3,13,2024
"""不如九鼎""",3,13,2024
"""绿毛龟！""",3,13,2024
"""1月上旬前我重仓新力苟我套40个点，2月中旬全割了，换了算力、AI、机器人概念，""",3,13,2024
"""明天涨停""",3,13,2024
"""割了。尽快换股。""",3,13,2024
"""2024年准备二次攻击新力，在此静待新力挖个坑！""",3,13,2024
"""当时相对滞涨的人工智能产业链上的个股最近开始补涨了！""",3,13,2024
"""绿毛龟""",3,13,2024
"""筹码又集中了，回到1月12号百分之5点几，谁在卖谁在买？小散一直说出货为什么没量""",3,13,2024
"""看着九鼎，让拿新力的人情何以堪""",3,13,2024
"""高手说吓这个，现在可以整么？""",3,13,2024
"""明天7以下可到了""",3,13,2024
"""垃圾票，真是跟九鼎提鞋都不配""",3,13,2024
"""收盘价7.41怒张一分钱""",3,13,2024
"""绿色金融，普惠金融，科技金融，新绿股份""",3,13,2024
"""还好早上出了，进了久其[旺柴]""",3,13,2024
"""卖一手，能涨不""",3,13,2024
"""看你明天下不下来""",3,13,2024
"""7.39走的，你咋不下去让我补补""",3,13,2024
"""改名吧新手金融""",3,13,2024
"""买的股就你绿""",3,13,2024
"""请记住，这个股票是新力""",3,13,2024
"""九鼎和仁东交替上涨，你就是个绿头龟""",3,13,2024
"""最搞不懂的票，下次不会再来了，我交易胜率七十多，几次进这里都没搞对""",3,13,2024
"""干""",3,13,2024
"""你给九鼎提鞋都不配，争点气吧，别总是烂泥扶不上墙。""",3,13,2024
"""注意看今晚新闻，只能说这么多了""",3,13,2024
"""金盾吃了大肉来新力扶贫了[大笑]""",3,13,2024
"""庄变得有耐性，横吧""",3,13,2024
"""就是看不惯没贬低任何人的意思，勿要对号入座。每个股吧都有他玛德一群人，要么唱衰要""",3,13,2024
"""九鼎和这货各买一半""",3,13,2024
"""绿色金融，科技金融，你应该属于绿色金融吧""",3,13,2024
"""装什么呢赶紧飞""",3,13,2024
"""已经废了，一根大阴线""",3,13,2024
"""给我个机会昨天出完了[哭]""",3,13,2024
"""板块垃圾，无力吐槽""",3,13,2024
"""谁能逃得脱下跌，这时候收割都是量化单""",3,13,2024
"""下跌趋势""",3,13,2024
"""这种杂毛千万别买，每天半死不活的，动不动就低开下砸""",3,13,2024
"""没题材、没预期、没业绩的三无票拿什么涨？游资机构想买都没理由[看空][看空][看""",3,13,2024
"""选票还是要选龙头，昨天尾盘和九鼎二选一，哎""",3,13,2024
"""要死不活的卡垃极。""",3,13,2024
"""买在半山腰啊，大跌趋势开始了吗？完犊子了""",3,13,2024
"""去""",3,13,2024
"""……""",3,13,2024
"""资金一直在跑""",3,13,2024
"""九鼎起飞""",3,13,2024
"""卖掉新力；去九鼎""",3,13,2024
"""这个股有一个特点，就是基本上不高开[想一下][想一下]""",3,13,2024
"""下周出年报，季报会不会一起出""",3,13,2024
"""别看啦，莱茵体育欢迎你""",3,13,2024
"""新力金融：融资净偿还797.32万元，融资余额2.71亿元（03-12）""",3,13,2024
"""转发""",3,13,2024
"""转发""",3,13,2024
"""名字霸气""",3,13,2024
"""集合竞价就进，主力给机会吗""",3,13,2024
"""观察7.45压力位成交量""",3,12,2024
"""第一，就是服务新质生产力。这是金融支持高质量发展的关键着力点。国家金融监管总局将""",3,12,2024
"""今日减半仓万亿赛道龙头一一万丰奥威！下支标的很快入场，各位韭友好好把握！设备换新！""",3,12,2024
"""10.68时主力跑完了，剩下都是散户，还有人成唱多，或者都是喝多了假酒！""",3,12,2024
"""校长对散户的特点总结可谓是一针见血！对照自己是否有这样的臭毛病？我先来回答；我多""",3,12,2024
"""原来有减持[滴汗]""",3,12,2024
"""财富趋势还未启动！做好滚动，绝不追高，除非强势涨停才考虑追一下！紫光股份已经启动""",3,12,2024
"""缓慢震荡上行，安心持股""",3,12,2024
"""奇瑞汽车总部也在安徽。""",3,12,2024
"""17元卖了掌阅科技，补仓了新力金融，那边涨多了不敢追，这边倒死不活，连回本都难""",3,12,2024
"""一只昨天大涨今天休息！一只昨天休息今天大涨！继续跟踪这两个标的，假如新能源板块有""",3,12,2024
"""留下的兄弟发财，有减持的票就是这样，磨磨唧唧的，受不了。公司是好公司。""",3,12,2024
"""九鼎红了""",3,12,2024
"""明天摸10日线吗[旺柴]""",3,12,2024
"""继续跟踪观察！假如持续验证逻辑，那大概率要开启新能源板块的一轮好行情了！//@蛰""",3,12,2024
"""一帮散户，主力出货吗这是。后面继续大跌""",3,12,2024
"""等你到下个月""",3,12,2024
"""主力前面吃饱喝足了喝茶打麻将去了也不干活了，在等什么呢？""",3,12,2024
"""跑了""",3,12,2024
"""60天卖了三分之一市值""",3,12,2024
"""16元卖了掌阅科技，还补仓了新力金融，那边涨多了不敢追，这边倒死不活，连回本都难""",3,12,2024
"""现在走的是浪三？？应该是浪三了，浪二结束浪三最短，过高就是不知道哪天了""",3,12,2024
"""新力金融融资融券数据-03月11日""",3,12,2024
"""如果大盘砸下来，这个会涨吗""",3,12,2024
"""没看头，撤""",3,12,2024
"""当回大哥，行吗？""",3,12,2024
"""极端交易背后的逻辑及操盘细节！算是我的一个总结吧！只有超预期才能有超预期的收益！""",3,12,2024
"""极端交易！看情况离场，超短线策略！""",3,12,2024
"""不着急稳扎稳打！通过不断的滚动操作来维持自己好的心态！""",3,12,2024
"""太浪费时间了，那么多超跌反弹就你死猪一个。""",3,12,2024
"""互联金融里第一个调整的""",3,12,2024
"""什么时候上10元""",3,12,2024
"""就30亿市值。一直净卖。。。公司就壳子么""",3,12,2024
"""早上诱多多少人抄底""",3,12,2024
"""上周五没进，可惜了""",3,12,2024
"""今天7个点涨""",3,12,2024
"""这一波落后了许多。""",3,12,2024
"""600318_或已被庄家吸筹_明日或将暴涨_拉升前满仓""",3,12,2024
"""持币观望，50.8进了药明康德，今天57卖了。""",3,12,2024
"""2024年安徽省委一号文件全文公布""",3,12,2024
"""早盘冲高就减仓""",3,12,2024
"""蚊子腿吧，多谢小猪力根们，请断后[抱拳]""",3,12,2024
"""涨停今天""",3,12,2024
"""不预测，只是提前思考，眼见为实！""",3,12,2024
"""新力金融：融资净买入600.88万元，融资余额2.8亿元（03-11）""",3,12,2024
"""转发""",3,12,2024
"""主力两年前被套，现在洗盘两年了，就这？""",3,11,2024
"""属于新能源板块里的宁德时代这个漂动了，把这个再次重点关注起来！""",3,11,2024
"""明天站稳60日线。""",3,11,2024
"""还好赚钱跑了，回头一看[大笑][大笑]""",3,11,2024
"""明天涨停，今天我买了""",3,11,2024
"""药明康德继续极端交易！""",3,11,2024
"""天天给九鼎提鞋""",3,11,2024
"""假如大盘继续强势，后面券商大概率又要抽风一段时间！（会被踏空资金选择）""",3,11,2024
"""进行连续的降级打击！不是不看好，而是太看好！先把仓位降下来，做其他补涨的板块！""",3,11,2024
"""电力板块今天也开始表现了！""",3,11,2024
"""从各大指数及板块判断有增量资金入场了！""",3,11,2024
"""22日开始封版""",3,11,2024
"""还可以吗？""",3,11,2024
"""拉微盘是几个意思？""",3,11,2024
"""其他板块！盘面给出的答案：新能源板块！//@蛰伏SJ :提前思考！""",3,11,2024
"""有没有大神告诉我，尾盘这7340是买进还是卖出""",3,11,2024
"""上周五没进就没机会了么？""",3,11,2024
"""开始涨停涨停涨停""",3,11,2024
"""你的恶心人，这么好的行情一直阴跌""",3,11,2024
"""压单压的哪里涨的上去[哭]""",3,11,2024
"""干啥啥不行跳水第一名""",3,11,2024
"""开始套人了。""",3,11,2024
"""跳水了""",3,11,2024
"""跳水模式开启""",3,11,2024
"""下午涨停""",3,11,2024
"""下午开启涨停板模式""",3,11,2024
"""提前思考！""",3,11,2024
"""我7.12走了，这庄家不想和他玩了，玩长线的可以留下""",3,11,2024
"""7.42的本""",3,11,2024
"""可惜啦，错过了新力两个点""",3,11,2024
"""散户行情少赔离手不能在一个股上找平太无语套了半个月""",3,11,2024
"""暴涨1个多点，近期罕见，厉害！""",3,11,2024
"""一加仓就向下""",3,11,2024
"""加仓干""",3,11,2024
"""几千万抛压，牛逼""",3,11,2024
"""涨不涨""",3,11,2024
"""板""",3,11,2024
"""板""",3,11,2024
"""今天看好药明康德，周五50.8全仓了，拭目以待""",3,11,2024
"""三十分钟底背离，若无量反弹高位7.26""",3,10,2024
"""下周看到5元没问题吧？""",3,10,2024
"""新力金融本周融资净偿还614.95万元，居多元金融板块第六""",3,10,2024
"""多元金融下周应该有一波反弹""",3,10,2024
"""新力=新质生产力，为新质生产力提供全方位金融服务。""",3,10,2024
"""这是准备长期阴跌的走势了，每天跌几分钱，值得熬吗，业绩好的分红才是好，风向转了""",3,10,2024
"""有哪位大师分析一下为啥新力换手率这么高？[为什么][为什么]""",3,10,2024
"""这次有可能跌破四元""",3,10,2024
"""10.68就是两年的高位了，高位接盘的至少套两年""",3,9,2024
"""请教论坛里的大神按照新规公司三年没有分红是不能减持的前段时间发的减持公告不是有冲""",3,9,2024
"""半年线强支撑，筹码很集中，拿半个月应该有搞。""",3,9,2024
"""好好工作，买高分红个股，否则会很累。""",3,9,2024
"""还抗得住不兄弟们""",3,9,2024
"""别股年后都在屡创新高，这股又要回到起点了，减持股又不在风口，还是远离吧！""",3,9,2024
"""新力金融：融资净偿还566.33万元，融资余额2.74亿元（03-08）""",3,9,2024
"""这是什么lj，无限阴跌?""",3,8,2024
"""不分红，恶意减持，不增持，恶意打压，查死你""",3,8,2024
"""这票垃圾是不是暴雷啦""",3,8,2024
"""下跌中继！[看空][看空]""",3,8,2024
"""坑跌货""",3,8,2024
"""就只有我10的本吗""",3,8,2024
"""原来一直涨不起来是有原因的，因为它，别个股都翻倍，它就是不想挪出这个窝。""",3,8,2024
"""坑钱""",3,8,2024
"""先是减持后是预增，消息完全是矛盾的""",3,8,2024
"""这股只要没有量化和转融通就没有这末大的量，跌下来也能把钱赚。""",3,8,2024
"""十日有涨停[微笑]""",3,8,2024
"""标准的的缩量阴跌下降通道，近期不能碰。""",3,8,2024
"""减持预期股怎么上涨""",3,8,2024
"""浪费了半个月行情，7.6的本亏得不多，20日线也破了短期走弱了，要不要跑""",3,8,2024
"""去淳中打波野回本新力""",3,8,2024
"""运气真是好。这种涨幅比大盘少的，庄家是真的""",3,8,2024
"""量化交易怕菜刀，只要有大佬收走他们耍的单子照样没有办法。""",3,8,2024
"""抓紧跑吧，浪费时间，今天出了半仓进富联，新力亏一星期富联赚一半回来了""",3,8,2024
"""至少还有一根阴线。""",3,8,2024
"""板块里倒数第一，真有你的，你是大涨了吗？""",3,8,2024
"""所有板块倒数第一，我跑了，兄弟们，再见，等6元再接""",3,8,2024
"""拉指数，砸个股，再回调指数，继续砸个股，再拉回指数。目的就一个，砸个股，割韭菜。""",3,8,2024
"""阴跌了一个星期，要不爆发，要不下沉。""",3,8,2024
"""时间就是金钱，还在这里硬杠，真的好吗""",3,8,2024
"""兄弟们看看筹码峰，一点资金都不进，全是套牢盘，还不跑吗""",3,8,2024
"""清仓，清仓，清仓。""",3,8,2024
"""40亿不到的市值，这买卖盘口搞得像银行上千亿市值一样，上千手挂单""",3,8,2024
"""万花丛中一点绿，垃圾东西""",3,8,2024
"""涨指数跌个股无语""",3,8,2024
"""板块倒数第一，绝了""",3,8,2024
"""真的是疯了一样砸盘""",3,8,2024
"""怎么举报做空？""",3,8,2024
"""最低点那天6.5收盘，到现在7.1。反弹了10%""",3,8,2024
"""看看大盘，看看它，该死的""",3,8,2024
"""一手一手交易玩废了，量化交易确实压制股价""",3,8,2024
"""如果时间过长，那就不属于二浪结构了。三浪更没法玩了。一浪更比一浪高才对吧。三浪调""",3,8,2024
"""这样看应该是融券做空的天天在出货吧，没有大哥敢和做空的抗衡了，天天阴跌""",3,8,2024
"""看看吧哈哈""",3,8,2024
"""这股票让量化交易玩废了，基本没有涨起来的能力了。""",3,8,2024
"""这货要跌停啊""",3,8,2024
"""我在6块等你""",3,8,2024
"""是我碰过最垃圾的玩意，天天对倒，忽悠韭菜""",3,8,2024
"""你有本事就一直跌停，跌这几个点哪里够""",3,8,2024
"""这货两年前重组失败以后就没啥动作了，一直在坑里。电池行业也是没落了。一月放量要有""",3,8,2024
"""这都跌多少天了？？？还没跌完？？这么多人卖？？卖公司吗？？大股东清仓了吗？？怎么""",3,8,2024
"""涨停的越来越多，哈哈，这货""",3,8,2024
"""跌的好，哈哈""",3,8,2024
"""新力金融调整时间最长，调整深度最大，垃圾。""",3,8,2024
"""今天这个板块进了点仁东控股，新力这个票还是等待，不能着急！""",3,8,2024
"""干呗，多大点事""",3,8,2024
"""这是有多穷啊""",3,8,2024
"""我抄，7.09买了一手，被套了，等着吧，破7在抄一手，一手一手买恶心它[国家队]""",3,8,2024
"""，幸好早就割肉了""",3,8,2024
"""太TM垃圾，回本就删自选永不碰""",3,8,2024
"""继续跌啥子主力，我正好前几天出来没有好的买点，最好跌到5块，哈哈哈抄底太爽了""",3,8,2024
"""换股才是出路，早卖早轻松。""",3,8,2024
"""咱的底牌可能都给卖了，还能怎么办""",3,8,2024
"""说啥都没有用，不涨都是套牢的。卖亏，不卖更亏。股市苦啊""",3,8,2024
"""全是1手""",3,8,2024
"""2024年初踩雷第一股""",3,8,2024
"""30亿市值的公司，60天卖了10个亿，卖公司了""",3,8,2024
"""主力在做短线，每天剔几分""",3,8,2024
"""牛，无论何时何价钱买入，都吃套，这个玩意""",3,8,2024
"""太了""",3,8,2024
"""我卖完了。你可以涨了，当然也可以跌了，再与我无关[再见][再见][再见][再见]""",3,8,2024
"""小跌小买，大跌大买，难不成红了买吗，干它[抄底][抄底][抄底]""",3,8,2024
"""终于卖完了。换股""",3,8,2024
"""任何时候割肉都是对的""",3,8,2024
"""唉""",3,8,2024
"""我想会涨吧""",3,8,2024
"""[捂脸]进来3天。天天挨打。卧槽了。""",3,8,2024
"""打到了月线和周线，后面不涨就跌啊[微笑]""",3,8,2024
"""等6.6附近在买吧""",3,8,2024
"""没有信心了？一直跌。""",3,8,2024
"""差不多了""",3,8,2024
"""[买入][买入][买入][买入][买入][买入][上涨][上涨][上涨][上涨]""",3,8,2024
"""管住手，还有一个深蹲""",3,8,2024
"""这样阴跌还有人买 都是长线投资？？""",3,8,2024
"""这只股真的""",3,8,2024
"""看到了吗，哈哈""",3,8,2024
"""九鼎直接涨停了""",3,8,2024
"""估计海螺水泥借这波会把剩下的4％股份也出了，因为低于5％的股份减持就不用公告了""",3,8,2024
"""还是九鼎牛[哭][哭][哭]""",3,8,2024
"""大盘做多意愿太弱了，还在等着被套。都骂啥""",3,8,2024
"""7.11低吸一点新力！""",3,8,2024
"""什么时候人气到2000以后才能进，现在都是小散在幻想""",3,8,2024
"""这货色除了跟跌谁都不跟""",3,8,2024
"""你强任你强""",3,8,2024
"""貂毛""",3,8,2024
"""状态不好看了，越来越差了""",3,8,2024
"""今年挣的别的票都还给你了。""",3,8,2024
"""此货一点问题都没有，量能不会骗人，下周见分晓，耐心者才有收获！""",3,8,2024
"""阴跌一个星期了""",3,8,2024
"""真的是lj""",3,8,2024
"""合肥的股，都是""",3,8,2024
"""不知到底要干啥？""",3,8,2024
"""分批建仓""",3,8,2024
"""天天跌呀""",3,8,2024
"""垃圾股了""",3,8,2024
"""坚守了，顶不住，鉴定完毕:垃圾股，勿碰""",3,8,2024
"""太垃圾，阴跌下套""",3,8,2024
"""多元金融本身就是个笑话，还有人在骂，杠在这里活该""",3,8,2024
"""垃圾""",3,8,2024
"""骗子公司，也没人查吗""",3,8,2024
"""天天板块垫底""",3,8,2024
"""选到你这个W神""",3,8,2024
"""今天是新力金融下跌的第八天，很悲惨。""",3,8,2024
"""今天原地摩擦，缩量了""",3,8,2024
"""当小散都全仓时远离主力会让你赚钱给你抬轿子梦还没醒""",3,8,2024
"""无限筹码砸盘，开盘砸了三千万""",3,8,2024
"""加""",3,8,2024
"""做个人吧，垃圾""",3,8,2024
"""开盘超预计！看上4个""",3,8,2024
"""开盘不及预期，直接跌破重要支撑，看来今天又要吃面了""",3,8,2024
"""天天低开，不会的话关门回家吧""",3,8,2024
"""7块了，建仓""",3,8,2024
"""低开就上""",3,8,2024
"""昨天尾盘集合竞价大单抄底，今天抄底机会来啦""",3,8,2024
"""耐心等换手率降下来，找到支撑点吧。主力趁这波反弹打了个小牙祭，挣了10+个点就撤""",3,8,2024
"""难熬的阴跌""",3,8,2024
"""新力金融：融资净偿还516.21万元，融资余额2.8亿元（03-07）""",3,8,2024
"""移动支付""",3,7,2024
"""看看上面套着的筹码有多少，还有生物在叫唤涨停。啥心态""",3,7,2024
"""新力金融可以进了，立帖为证""",3,7,2024
"""再清仓！""",3,7,2024
"""感觉不好，7.39清仓""",3,7,2024
"""差不多了，明天可以中阳""",3,7,2024
"""明天涨停就刚好是7.94的价格""",3,7,2024
"""新力提前7天调整，跌幅13%，是跌的最深的一只股。垃圾。""",3,7,2024
"""必须政策了！不然大盘要深度调整了！//@蛰伏SJ :这周勉强保卫住了3000点！""",3,7,2024
"""进行连续的降级！""",3,7,2024
"""幸好昨天7.4卖了，然后底价去了三湘印象。一正一负相当于挣了6个点。nice吖！""",3,7,2024
"""已经跑了。""",3,7,2024
"""这股有机会解套或者少亏还是走，这个庄不是善茬""",3,7,2024
"""正好解套走了""",3,7,2024
"""尾盘减仓了一半""",3,7,2024
"""一发公共一发消息就跌涨到没看见跌到独你一份""",3,7,2024
"""$新力金融(SH600318)$""",3,7,2024
"""确实垃圾""",3,7,2024
"""垃圾""",3,7,2024
"""别指望护盘不护盘了，帮你们稳住3000就很不错了。""",3,7,2024
"""垃圾东西""",3,7,2024
"""虽然昨天7.24割在低点，但是买了鹏欣资源，赚了就六个点跑了，回本了，销户了。""",3,7,2024
"""幸好昨天去了三湘印象，我的天，跌成这样。""",3,7,2024
"""教训就是垃圾股不能碰""",3,7,2024
"""小米金融聚焦青少年重点人群，筑牢网络保护屏障""",3,7,2024
"""玩个鸟，一拉就有人砸，海螺减持了百分之一，还有百分之四，都不需要发公告了，直接卖""",3,7,2024
"""小米金融传递正确的网络行为，提升未成年人网络素养""",3,7,2024
"""拉金融""",3,7,2024
"""跑""",3,7,2024
"""深井冰又上去了""",3,7,2024
"""很快要重组某人工智能公司""",3,7,2024
"""昨天就是下跌中继""",3,7,2024
"""这种票都能买？开玩笑""",3,7,2024
"""这个走势走的太完美了[大笑][色][加油]""",3,7,2024
"""上面一堆套牢盘，谁拉""",3,7,2024
"""破位了""",3,7,2024
"""走求""",3,7,2024
"""割肉，割肉给你们割肉了，血淋淋的筹码""",3,7,2024
"""八块多的本合适回本？为什么会有无限的砸盘筹码""",3,7,2024
"""我来告诉大家在使用天星金融的服务时，个人信息是否能够得到充分的保护""",3,7,2024
"""我搞不懂为什么会有无限的砸盘筹码""",3,7,2024
"""割肉的心情可以理解，但我们要尊重事实，新力没有申请听证，也没有风险提示，债转股照""",3,7,2024
"""持股一个月多，目前依然是亏损状态，没减仓没补仓，一直躺，耗着，看谁能耗的过谁""",3,7,2024
"""都没有涨。你跌个锤子呀""",3,7,2024
"""走了，浪费时间，拜拜""",3,7,2024
"""天天减持，垃圾，退市算了。""",3,7,2024
"""20日线7.25，应该撑不住，大概率破7块""",3,7,2024
"""无限筹码砸盘""",3,7,2024
"""小猪力根根们，我又来了""",3,7,2024
"""转发""",3,7,2024
"""[捂脸]奶奶的，刚来就挨打吗。""",3,7,2024
"""下午弄不好就来个中阴棒子，大盘最少下杀30个点""",3,7,2024
"""人工智能产业链调整，有利于发动其他板块行情！""",3,7,2024
"""券商涨它不动银行涨它还跌，这货算什么鬼？""",3,7,2024
"""谢天谢地""",3,7,2024
"""再卖5000股，等跌到位再来""",3,7,2024
"""你怎么搞的，大盘都涨了""",3,7,2024
"""这个憨憨成仙去了，量化在玩呢""",3,7,2024
"""美股金融涨疯了，你还在原地踏步走！真是急人了！""",3,7,2024
"""控得死死的""",3,7,2024
"""唉……我这爪爪啊，哪个啥啥不涨，生生耗着我的耐力""",3,7,2024
"""这么大的多元金融板块没人点火呀，等吧""",3,7,2024
"""技术面，macd变绿柱，加上大盘调，再来个中阴棒洗，就差不多了，最不好，等10天""",3,7,2024
"""证券不涨，它不涨""",3,7,2024
"""很明显从周一有万手哥砸开始都是大单砸，敢露头马上就资金砸，1个小时出2200多万""",3,7,2024
"""也不看看主力流出金额""",3,7,2024
"""今天准备换九鼎""",3,7,2024
"""继续打压""",3,7,2024
"""等到6.8的时候，又会后悔7.4没有退。唉，你们啊，总是心存幻想""",3,7,2024
"""不明白还有人在这里骂，不是股不行，板块就是个笑话，不亏天理难容""",3,7,2024
"""真难受！不是一般的烂""",3,7,2024
"""今天涨停，立贴为证""",3,7,2024
"""买买买，接接接""",3,7,2024
"""这憨比浪费行情，走了""",3,7,2024
"""还能不能要点脸？""",3,7,2024
"""又他吗的低开""",3,7,2024
"""完犊子，最大的利好落地。c！难怪巨跌！今天又是主力趁机跑路的日子""",3,7,2024
"""新力金融：融资净买入46.52万元，融资余额2.85亿元（03-06）""",3,7,2024
"""$新力金融(SH600318)$""",3,7,2024
"""开盘就会涨，这礼拜会大涨，拿好手中股""",3,7,2024
"""今天主力上压下托，明显的在偷偷吸筹。明天或后天肯定有大动作。明天只要低开就是上车""",3,6,2024
"""浪就要来了""",3,6,2024
"""大家看好了，明天跌停，要砸盘了""",3,6,2024
"""终于缩量了，这量还是大了点，继续关注量能情况。""",3,6,2024
"""其实这个股最好是突破八块再买。筹码峰很漂亮，貌似等回调企稳就可以进，但你不知道他""",3,6,2024
"""有种强烈的预感明天要涨停，明天收盘验证下看看预感灵不灵""",3,6,2024
"""看空""",3,6,2024
"""[图片]""",3,6,2024
"""转发""",3,6,2024
"""量还没缩够，还没企稳，还得找支撑""",3,6,2024
"""转发""",3,6,2024
"""几年分红都没有，还减持，必须拷起来""",3,6,2024
"""转发""",3,6,2024
"""天星金融（原小米金融）加强信息安全普及，预防电信诈骗案件""",3,6,2024
"""转发""",3,6,2024
"""转发""",3,6,2024
"""这股接下来大概率这样走，最终的目的成仙股，大家小心为上，""",3,6,2024
"""明天高开高走""",3,6,2024
"""明天大盘有变盘向下可能，今天止盈出局观望。""",3,6,2024
"""大盘大跌多少，新力金融没咋跌，所以还要大跌洗筹""",3,6,2024
"""今天震荡上行，后续看涨""",3,6,2024
"""第二波要来了""",3,6,2024
"""转发""",3,6,2024
"""十倍也就三百多亿。不算多""",3,6,2024
"""明天将你们一网打尽！""",3,6,2024
"""新力金融继续缩量！不过缩量的变化趋势有点慢！什么时候成交量跌破1亿以下？继续跟踪""",3,6,2024
"""快跑啊，不跑，明天还跳空低开""",3,6,2024
"""明天肯定跌！""",3,6,2024
"""收盘预告，今天收盘7.42元""",3,6,2024
"""疯狂大A下的新力""",3,6,2024
"""破7""",3,6,2024
"""，涨起来困难，跌起来没有底线""",3,6,2024
"""无量，弱反弹而已，继续朝七元进军""",3,6,2024
"""新力金融没有大题材！弱势股！建议止损出局换股！""",3,6,2024
"""大盘5000点它也到不了10块、换股操作吧、买创业板底部的股票""",3,6,2024
"""7.45算是过不去了""",3,6,2024
"""行业板块都涨不过赶快退市把""",3,6,2024
"""浪费时间和行情""",3,6,2024
"""能不能好好涨几个点把昨天跌下去滴反包上，太墨迹了上涨无力下跌起来快得很""",3,6,2024
"""跌的时候总是很强""",3,6,2024
"""抛出""",3,6,2024
"""今天要不是新生质带节奏这股绝对大跌，还在唱涨停，这股有啥资格？而且这股还一个大利""",3,6,2024
"""朋友去年买的赛力斯，那时候他套的时候愁眉苦脸，我笑嘻嘻，现在他笑嘻嘻，我愁眉苦脸""",3,6,2024
"""7.45冲了三次也没冲破，跌起来那气势啊，我真服气""",3,6,2024
"""散户回补迅速。没办法""",3,6,2024
"""不能反包昨天跌幅都算弱势股！""",3,6,2024
"""昨天卖今天起来了""",3,6,2024
"""真特码的，昨天的开盘价都过不去，""",3,6,2024
"""小作文来了""",3,6,2024
"""7.3卖了""",3,6,2024
"""下午涨停""",3,6,2024
"""既然九鼎和中粮今天不愿做大哥，就起来吧""",3,6,2024
"""今天涨停""",3,6,2024
"""短线不适合！上压大单！弱势股""",3,6,2024
"""[买入][买入][买入]""",3,6,2024
"""$新力金融(SH600318)$""",3,6,2024
"""都是我们在坚守，主力出货，怎么涨。""",3,6,2024
"""又开始了""",3,6,2024
"""不管你们信不信，我只要卖了，他准张婷""",3,6,2024
"""新力金融是金融领域新质生产力的代表""",3,6,2024
"""已经没人和你玩了，你太黑了。总想自己吃独食。小散也不全是啥子。""",3,6,2024
"""抓住一片量化，全是一手。赶紧跑，量化股没希望。""",3,6,2024
"""扩大内需、消费以旧换新、大规模更换设备、建设金融强国，哪一个不是响当当的概念。摆""",3,6,2024
"""7.28加仓两万股，主力明天能让我吃肉吗""",3,6,2024
"""别的都涨了，你怎么还这样子拖着""",3,6,2024
"""今天要是能保持这样横盘就好了，就怕又突然跳水""",3,6,2024
"""天星金融告诉了我什么？""",3,6,2024
"""大减持？""",3,6,2024
"""主力左手倒右手""",3,6,2024
"""这主力到底有多少货？""",3,6,2024
"""小米消金多措并举，不断夯实消费者权益保障基础""",3,6,2024
"""走了走了在这浪费时间""",3,6,2024
"""这周被你恶心到了""",3,6,2024
"""今天比九鼎牛逼了一次""",3,6,2024
"""7.43回落""",3,6,2024
"""坐稳了""",3,6,2024
"""天天这么高换手，庄家的手续费一定不少吧[微笑]""",3,6,2024
"""昨天7.39走的，今天红了""",3,6,2024
"""不反包，赶紧走""",3,6,2024
"""又清仓了唉""",3,6,2024
"""丢人现眼""",3,6,2024
"""同志们，我走了，暂时的。你们涨吧，今天应该会红，但我必须先走""",3,6,2024
"""本来就是垃鸡股，你们想多了""",3,6,2024
"""下跌不涨原因是海螺水泥减持预期中谁拉呀""",3,6,2024
"""板块涨你不跟，板块跌，你第一，麻""",3,6,2024
"""哪个板块都和你没关系.....""",3,6,2024
"""整个行业都红了，你垫底跌""",3,6,2024
"""这个比真不是个东西""",3,6,2024
"""真特码的""",3,6,2024
"""止损""",3,6,2024
"""暴跌开始了""",3,6,2024
"""大盘见阶段性顶部。跑吧。”""",3,6,2024
"""开盘就跑""",3,6,2024
"""新力金融：融资净偿还1053.7万元，融资余额2.85亿元（03-05）""",3,6,2024
"""7.35建的仓感觉建早了[为什么]""",3,6,2024
"""好买点""",3,5,2024
"""血亏10个点了""",3,5,2024
"""能给个机会到9.8元吗？""",3,5,2024
"""好多股都翻倍了，咋就买不到呢。真没心情玩下去了。""",3,5,2024
"""年后还没涨停过""",3,5,2024
"""举报，2023年8月减持新规说是没有分红，不能减持股票，新力都几年没分红了，还能""",3,5,2024
"""没办法，清仓割肉""",3,5,2024
"""新质生产力。明天带新字涨停""",3,5,2024
"""破7块是一定的，然后缓慢反弹补缺口，起码两月""",3,5,2024
"""又清仓，""",3,5,2024
"""这股彻底废了，垃圾垃圾垃圾垃圾。""",3,5,2024
"""好讨厌这些t狗，我要是主力，明天直接开盘封板，让你们上不了车，哈哈""",3,5,2024
"""应该是一月份那波老庄出的货""",3,5,2024
"""成本14元，这辈子解套无望""",3,5,2024
"""时间窗口，整理的满满当当的，没机会就算了吧，每年都有几个涨停板更多的是阴跌，。不""",3,5,2024
"""今天忍不住换仓去了九鼎，但我还是希望新力大涨""",3,5,2024
"""还是怀念以前60.70后炒股的年代，大气！格局！现在看这些散户和主力，都是90.""",3,5,2024
"""走势有点诡异，锁仓等等看""",3,5,2024
"""今天你让人下海！""",3,5,2024
"""连续三天宿量下跌，本周内能反转吗？""",3,5,2024
"""KDJ指标前天都死叉向下了，还得几天的调整，还得几天的等待。""",3,5,2024
"""麻了，好危险，不光这里。同花顺的新力金融吧也是散户多。""",3,5,2024
"""希望能回调到7以下""",3,5,2024
"""大金融涨，这它酿的也跌""",3,5,2024
"""明天看能不能守住今天的低点守不住只能止损了[摊手]还好也就亏2个点""",3,5,2024
"""磨人行情继续！""",3,5,2024
"""有知道举报电话的吗？好好查查这个公司""",3,5,2024
"""不破五日线，很快有反弹""",3,5,2024
"""三天跌了10个点了""",3,5,2024
"""成了狗不理了""",3,5,2024
"""清仓式大甩卖？""",3,5,2024
"""有没有一起举报这个空g大本营的""",3,5,2024
"""7.25收盘""",3,5,2024
"""开始调整了，涨完了没赶上涨，赶上了调整浪下跌，真惨啊悲催的感觉，这也不知道会调整""",3,5,2024
"""大资金调仓了""",3,5,2024
"""今天什么理由高开？""",3,5,2024
"""不知道的还以为海螺是外资控股，每次都跟大盘发着来，不服从大局，不发挥逆周期发力作""",3,5,2024
"""资金60日一直持续流出、难怪不涨反而下跌、有些拖不相信我发的贴、现在知道这是啥行""",3,5,2024
"""除非有人做空能挣钱，不然怎么会这么猛砸？""",3,5,2024
"""优秀，砸金融！""",3,5,2024
"""割肉走了""",3,5,2024
"""跌到你不信""",3,5,2024
"""每天十几个点的换手率还狂跌，全是散户买入，这股不到6.5元，小散都不会割肉跑""",3,5,2024
"""爽歪歪了，[买入][买入][买入][买入][买入]""",3,5,2024
"""【行业声音】辩证看待金融与新质生产力关系转自：中国银行保险报网林建明""",3,5,2024
"""能涨才有鬼，海螺本身是占5%的股东，减持需要发公告，减持了1%后只有4%了，他想""",3,5,2024
"""舒服不[大笑]看你们还吹""",3,5,2024
"""就看这群里热度那么高，我是不敢进""",3,5,2024
"""2177也是金融，这新力真垃圾！""",3,5,2024
"""吃独食，估计没人和你玩了。""",3,5,2024
"""暴跌吧。三只黑乌鸦""",3,5,2024
"""苟托呢，继续出来叫啊，昨天不是有人加20w，继续加啊，哈哈""",3,5,2024
"""破7开始加仓，来吧""",3,5,2024
"""7.85进的不想说啥了，垃圾股""",3,5,2024
"""早上就说垃圾，还有人往里冲啊，厉害""",3,5,2024
"""还不赶紧撤，有擂有镭。""",3,5,2024
"""7.39卖了你就起来了？""",3,5,2024
"""放量下跌，730收盘？""",3,5,2024
"""5天出货了1.25个亿，到底是主力走了，还是海螺减持了""",3,5,2024
"""下有托单，必大跌""",3,5,2024
"""下午肯定还有万手哥砸盘！等着吧""",3,5,2024
"""$新力金融(SH600318)$""",3,5,2024
"""您是会玩的，默默的看着您玩""",3,5,2024
"""一天出了一个亿！""",3,5,2024
"""跌停算了！""",3,5,2024
"""码啊老庄[摊手]""",3,5,2024
"""我先走了，连续亏损，估计要戴帽""",3,5,2024
"""海螺和员工持股都在减持，什么情况？""",3,5,2024
"""7.41、7.42徘徊，准备下面""",3,5,2024
"""下午收不上去，明天破七了""",3,5,2024
"""不买你上窜下跳，一买就de了。[国家队][抄底]""",3,5,2024
"""每天诱多，看不出来吗，""",3,5,2024
"""$新力金融(SH600318)$""",3,5,2024
"""天星数科立足专业，持续深化金融科技赋能产业""",3,5,2024
"""放量跌的时候千万别回头兄弟们，这是老韭菜的忠告，一定要跑""",3,5,2024
"""明天止损了果然还是要做强势股[摊手][摊手][摊手]""",3,5,2024
"""砸漂亮，砸死它，垃圾股，指数涨的时候不涨，指数跌的时候跟跌""",3,5,2024
"""，跌50几个点下来，就回来十几个点，又开始跌了""",3,5,2024
"""悲愤不已，悲愤不已！！！三进三出，每次都是割肉出来！！！楚生！楚生！楚生！！！！""",3,5,2024
"""量化在里面胆子还不小。""",3,5,2024
"""破7.5了，可以撤退了，有情绪再来吧""",3,5,2024
"""$新力金融(SH600318)$""",3,5,2024
"""跌停""",3,5,2024
"""哪个天天砸""",3,5,2024
"""今天跌停！不用看了""",3,5,2024
"""跳水的姿势很标准！""",3,5,2024
"""一炮""",3,5,2024
"""装的很像""",3,5,2024
"""过年到在涨幅9个点，后期肯定涨到20元，大家快买，翻倍在此""",3,5,2024
"""不走的人准备被埋吧""",3,5,2024
"""$新力金融(SH600318)$""",3,5,2024
"""真是垃圾""",3,5,2024
"""缩量阴跌，继续最低点收盘的感觉，走了！""",3,5,2024
"""$新力金融(SH600318)$""",3,5,2024
"""年后没有涨停过，弱势了""",3,5,2024
"""破位了，一直上不去就是不行了，想起来估计得杀到730左右去了！唉！""",3,5,2024
"""我走了大家留下的发财""",3,5,2024
"""是我高看你了，淦""",3,5,2024
"""新质生产力简称新力，来吧，涨一个给大爷看看""",3,5,2024
"""1个亿能封板。谁有钱就拉，不多""",3,5,2024
"""看到这支股就想吐""",3,5,2024
"""大盘天天涨，新力天天跌，垃圾。""",3,5,2024
"""这种啥笔量化公司为什么不查查""",3,5,2024
"""下午开盘就把你杀了，2024还是科技线金融是的""",3,5,2024
"""快翻倍了！""",3,5,2024
"""$新力金融(SH600318)$""",3,5,2024
"""还好跑了，一坨答辩""",3,5,2024
"""都不看这垃圾板块吗""",3,5,2024
"""这货没救了""",3,5,2024
"""，公司于2024年1月25日收到海螺水泥出具的《关于减持新力金融部分股份的告知函""",3,5,2024
"""，公司于2024年1月25日收到海螺水泥出具的《关于减持新力金融部分股份的告知函""",3,5,2024
"""制造恐慌把人甩了""",3,5,2024
"""静静的看你们吹，6.8才考虑进一点""",3,5,2024
"""$新力金融(SH600318)$""",3,5,2024
"""海螺在减持吗？""",3,5,2024
"""参考2月29日的走势""",3,5,2024
"""垃圾股就是这样套死一批！短线回避""",3,5,2024
"""再见吧，换阿香""",3,5,2024
"""这几天必有大阴""",3,5,2024
"""$新力金融(SH600318)$""",3,5,2024
"""$新力金融(SH600318)$""",3,5,2024
"""这只已经有几次快收盘直线下砸的经历了""",3,5,2024
"""板块垃圾没办法""",3,5,2024
"""你看跌的真快，""",3,5,2024
"""出现了补涨！""",3,5,2024
"""$新力金融(SH600318)$""",3,5,2024
"""这段时间买这个股真惨、成功躲避了这轮行情反弹""",3,5,2024
"""放量滞涨出货嫌疑  先撤退了  没赔没赚！  等大盘""",3,5,2024
"""指数大跌这垃圾跟着跌就烦了""",3,5,2024
"""好样的，继续跌，跌停才好""",3,5,2024
"""都不如""",3,5,2024
"""这个板块本身""",3,5,2024
"""今天下午该给大家一个交代了""",3,5,2024
"""垃圾股不停的，对倒出货。""",3,5,2024
"""垃圾板块，都还没走吗，不要跟趋势作对了""",3,5,2024
"""开始走心脏线了""",3,5,2024
"""给九鼎提鞋都不配的货""",3,5,2024
"""整个行业都不行，今天不可能涨""",3,5,2024
"""要买的快撤单吧。这玩意太弱了""",3,5,2024
"""身为一只金融股跟着指数混就很迷啊""",3,5,2024
"""走了，走了，拿不住了""",3,5,2024
"""怎么成垃圾了""",3,5,2024
"""今天涨停""",3,5,2024
"""不玩了太难了，没这心情在这里受罪""",3,5,2024
"""你们还不走啊[大笑][大笑][大笑]主力磨了你们快一个月了吧[大笑][大笑]hh""",3,5,2024
"""涨一分接着砸""",3,5,2024
"""这里散户太多了，主力不会啦的""",3,5,2024
"""人工智能产业链出现第一次分歧！""",3,5,2024
"""九鼎投资是什么？""",3,5,2024
"""上面压的死死的，还想涨""",3,5,2024
"""跟九鼎没法比[滴汗]""",3,5,2024
"""看看你爹九鼎""",3,5,2024
"""就5万手感觉一直卖不完，卖不完""",3,5,2024
"""跟屁虫没得好，涨得慢，跌的最快""",3,5,2024
"""真拉机，亏了点走了""",3,5,2024
"""再这么玩几天，散户寒心了，这股也废了""",3,5,2024
"""跌停吧""",3,5,2024
"""垃圾垃圾垃圾垃圾""",3,5,2024
"""$新力金融(SH600318)$""",3,5,2024
"""埋在最高点""",3,5,2024
"""跌停吧，磨磨唧唧""",3,5,2024
"""太弱了[哭]""",3,5,2024
"""去nm。海螺砸盘？""",3,5,2024
"""今天回踩二十日线了""",3,5,2024
"""完了完了，gou拖出来了，一堆说要涨的，今天不会大跌5个点吧[大哭][大哭][大""",3,5,2024
"""越想越不对，昨天明明有两次带量吃筹码，这枸不会直接高开两个点吧，746--766""",3,5,2024
"""开盘绿就出了""",3,5,2024
"""大盘见顶。""",3,5,2024
"""垃圾股""",3,5,2024
"""低开就撤""",3,5,2024
"""预测，开盘7.80以上""",3,5,2024
"""新力金融：融资净买入1474.76万元，融资余额2.95亿元（03-04）""",3,5,2024
"""出极端处寻找机会！很好了两个案例：1.极端的上涨：工业富联2.极端的下跌：药明康""",3,5,2024
"""人工智能产业链上最大的城门立木！""",3,5,2024
"""前面天天阳线就这？""",3,5,2024
"""比特币新高了，明天不得涨停？""",3,4,2024
"""不要被所谓的k线迷惑、退出股市游戏吧，好好的生活工作、这里面都是、没有多少""",3,4,2024
"""连续两天缩量，明天不阳就放弃吧！反弹力度未知看不明，五日线必须回去！""",3,4,2024
"""看来前几天卖了是对的，真是废力金融""",3,4,2024
"""这股为什么换手率那么好，谁知道原因，玩了很多只股每天最多2到3，这个真的没见过那""",3,4,2024
"""$新力金融(SH600318)$""",3,4,2024
"""谁知道海螺的成本""",3,4,2024
"""校长一年前的，当时破天荒的推荐了几个人工智能产业链上个股！当时推荐的时点也刚""",3,4,2024
"""明日高开涨停，金融龙头横空出世！""",3,4,2024
"""坚定持有半年，不看了。随便你磨，随便你洗""",3,4,2024
"""不是主力都跑完了，怎么还有一群小散在这里yy[大笑]要不是小散吃货吃的那么好，都""",3,4,2024
"""主力换仓""",3,4,2024
"""希望你能给我一个惊喜，这个月""",3,4,2024
"""明日应该涨停了！[呲牙]""",3,4,2024
"""央行：推进金融重点领域和新兴领域立法，推动出台《金融稳定法》澎湃新闻2024-3""",3,4,2024
"""实在是没想到，上午同步买入香溢和新力，新力鹅庄控盘，最后竟然有脸收个和香溢一样的""",3,4,2024
"""理性思考，量化是否对股价的维护毫无用处？只会永恒的高抛低吸。对于量化来说，股价永""",3,4,2024
"""把香香卖了进了这个逗比，白玩了！""",3,4,2024
"""典型的量化交易。开盘砸盘打压，中间一路吃回，两头通吃，像蚂蟥一样专吃人血。""",3,4,2024
"""一起举报操纵股价，证监会官网举报""",3,4,2024
"""是海螺开始减持了么，一个减持公告搞的主力也不敢拉升，真拉升它真减持""",3,4,2024
"""尾盘又是一个超大诱多单！主力左手倒右手做出来的。这还不举报？恶意操纵！""",3,4,2024
"""知道你垃圾没想到这么垃圾""",3,4,2024
"""今天诱多了，多少次，""",3,4,2024
"""感觉要被立案调查，为啥呢，新老大特别厉害，他几次重组都有问题，而且这次安安微国联""",3,4,2024
"""安徽公司太哈了，没有一点底线道德！""",3,4,2024
"""散户真够对得起你了，别太贪心，海螺等资本主力们！！！！！""",3,4,2024
"""今天买的憨憨准备好回落的风险！""",3,4,2024
"""金融携手粮储 助力颗粒归仓""",3,4,2024
"""收盘7.59。上次的承压位""",3,4,2024
"""这种量化恶意做空的不举报涨不了！""",3,4,2024
"""和电脑比手速还是比耐心，都是输，还在这里意吗""",3,4,2024
"""废力金融""",3,4,2024
"""震荡出货，安微国联证券都出事了，他两有一腿，小心大阴线""",3,4,2024
"""完犊子了，都反弹它还是向下！""",3,4,2024
"""你们的成本大概多少？还有人在坚持吗""",3,4,2024
"""这个万手真几把恶心，欺负散户心不齐啊。""",3,4,2024
"""7.52加了1000手，会议期间金融最稳当，盖牌、坐等拉升。""",3,4,2024
"""全部卖出，买了苏州科达，高位吃个跌停，也比你墨迹强""",3,4,2024
"""割肉了，整两天还亏几百，真的得很""",3,4,2024
"""量化严重，一直在收割散户，跑吧，别进了""",3,4,2024
"""果断卖了新力割肉离场。进了另外一只股票。""",3,4,2024
"""放量滞涨，缩量下跌，完犊子了""",3,4,2024
"""反正就是谁敢挂买一，就砸谁[惨!关灯吃面]""",3,4,2024
"""散户能赚钱，股市就关门了""",3,4,2024
"""废了，资金分歧太大，内外盘差六万多手，看错认账，太差了，下午勾不起来就彻底放弃了""",3,4,2024
"""这肯定是刚刚砸了一万多手哥压的单吧，砸都砸了别想上去了""",3,4,2024
"""大盘最近几次分歧都是在盘中完成调整，但狼来了不太可能一直喊，感觉越往后分歧的时间""",3,4,2024
"""托而不买，跌，定律来的""",3,4,2024
"""今天终于把T狗赶走了""",3,4,2024
"""老早就说过了，大盘反弹出现分歧，上升趋势的票越拉越猛，走弱的票也会持续半死不活。""",3,4,2024
"""庄你可以跌!但这样骗你就过分了""",3,4,2024
"""确实垃圾无语""",3,4,2024
"""没有好好地涨过""",3,4,2024
"""和上周五走势一样，2点后开砸到底""",3,4,2024
"""计划到7-7.2全仓。先等你下来""",3,4,2024
"""奔跌停去了""",3,4,2024
"""没有一天是高开的""",3,4,2024
"""浪费行情啊，垃圾""",3,4,2024
"""大盘一跳水，这货就得拉稀跌停的节奏""",3,4,2024
"""和上周五的走势一样""",3,4,2024
"""这货还要创新低""",3,4,2024
"""晒单的时候一般是快到极端的时刻了！""",3,4,2024
"""这个贴吧里面的狗拖还在叫，昨天就说大跌，下午等着三四个点吧""",3,4,2024
"""不肯下跌了，缩量明显，下午八成概率翻红收阳，相信能站稳7.95以上，很有可能冲击""",3,4,2024
"""这轮反弹有些滞涨！不过这是牧场股，行情走到中期大概率才会有所表现！""",3,4,2024
"""持续爆量，就是不涨！气人啊！""",3,4,2024
"""总是比香溢差，换股没换过来，唉！""",3,4,2024
"""好好好，从九鼎的跟屁虫，换成香溢的跟屁虫了。[抓狂][抓狂][抓狂][抓狂]""",3,4,2024
"""每天盘中诱多，多垃圾的玩意，就这么给你说出来，主力上一波还没出完，""",3,4,2024
"""所有票都起来了，就你纹丝不动""",3,4,2024
"""加仓变成了减仓[大哭][大哭][大哭]我明明加仓20w，变成了减仓20w[大哭]""",3,4,2024
"""咋买也是这样，玩毛线，炒的还不够烦心的，。删除""",3,4,2024
"""缩量了，别想了，不是主线题材""",3,4,2024
"""谁能告诉我，今天有没有可能8.53收盘？""",3,4,2024
"""缩量了主力建仓完成马上开启主升浪了我加仓""",3,4,2024
"""跑在最低点，哭晕""",3,4,2024
"""看排单，应该有可能翻红！忍不了，减一点看看！""",3,4,2024
"""这只股反弹太多了，回调空间还是很大""",3,4,2024
"""难道要开始了？果断加仓20w！赌一把！""",3,4,2024
"""你能不能争口气，当回大哥带板块护盘""",3,4,2024
"""7.68该出了的、哎""",3,4,2024
"""天天让人做t，真贱，我都不想做""",3,4,2024
"""上方压力越来越小，涨停板卖出才5000手，第一次少于1万。抛压减少，感觉随时回封""",3,4,2024
"""我就说我不买大金融吧，一堆主播推荐，我被套了2个点[大哭][大哭][大哭]让我回""",3,4,2024
"""多元金融市场倒数第一，新力在金融板块倒数第一""",3,4,2024
"""都知道今天会跌又不是什么秘密""",3,4,2024
"""看到7.77元立马就跑每次都是这样跌的""",3,4,2024
"""不想做t，非让我做""",3,4,2024
"""一群fei物群体一开盘就狂扫货，把主力也逼走了""",3,4,2024
"""周一如果没有放量向上拉升，我就全部出了，记录一下""",3,3,2024
"""清仓后又不舍得空，亏损8.万多元。收市前买回2000股，明天逄底再战！""",3,3,2024
"""用好城门立木战法必须做到这4点！""",3,3,2024
"""板块大涨，不知道你们在yy啥[大笑]还移动支付，看他跟不跟呀，小丑们有没有是攻击""",3,3,2024
"""在贴吧里面做梦的人笑死我了[大笑]套了一批小伞在里面，外面这么好的行情不做，在这""",3,3,2024
"""“移动支付”来了，明天得炒一下""",3,3,2024
"""大规模更换设备新力是能分一杯羹的:公司深度挖掘中小微企业需求,致力于服务实体,深""",3,3,2024
"""这么多水军，星期一直接抛，星期四的晚上就是天天这么唱，第2天直接闷杀""",3,3,2024
"""这贴吧里面真热，买水军的吗""",3,3,2024
"""3月1日，国务院新闻办公室举行国务院政策例行吹风会，中国人民银行副行长张青松和国""",3,3,2024
"""海川证券涨了百分98""",3,3,2024
"""新力金融本周融资净买入1088.67万元，居多元金融板块第六""",3,3,2024
"""都带金咋差距这么大""",3,3,2024
"""明天开盘跌停，大家赶紧跑路，信哥得永生[坏笑]""",3,3,2024
"""玩股票玩的是一种信仰才能赚到大钱，靠情绪只能赚点小钱说不好还会亏很多。不要依靠技""",3,3,2024
"""绩优蓝筹的增量资金！量虽小，意更大！上证50指数是未来长线资金的风向标！""",3,3,2024
"""礼拜一涨停板走起了？应该有吧人气旺""",3,3,2024
"""机构入场人工智能产业链后走强的大票偏多！我在转发的城门立木纲要一文中，提到了机构""",3,3,2024
"""看这个盘口，还有一点一w手没买到吗""",3,3,2024
"""按20日线往下走，每日缩量，个人认为应该是慢慢回调！等下次再起时就回来""",3,2,2024
"""都说要涨，请大家思考一下，再做出决定。""",3,2,2024
"""如果大盘今年过4000点，新力估计能上20！""",3,2,2024
"""哪位大佬知道，这股的换手率怎么这么高啊。k线走势有点像桂林山水啊""",3,2,2024
"""我去，尾盘还有1.4万吸筹，周一开盘只怕要强势突破7.95。""",3,2,2024
"""没有那个大冤种给某骡抬轿子。目前每天巨量换手是被套小资金做差价降低持仓成本而已。""",3,2,2024
"""又不犯法，随便吹吹不行啊[滴汗]，周一一字板跌停，主力都看过来，听我指挥""",3,2,2024
"""周一跑吧，还得跌""",3,2,2024
"""在最悲观的时刻晒单！事后来看就是反转的开始！""",3,2,2024
"""赛力斯也是被主力周期性炒作的个股！去年在行情刚启动时的一些思考，当时是先按极端交""",3,2,2024
"""和新质生产力有关系？""",3,2,2024
"""请问周一怎么走？满仓啊""",3,2,2024
"""人工智能大周期还处于由春入夏的季节！务必重视！但A股是个阶段性围猎的市场常常呈现""",3,2,2024
"""周一高开一字板""",3,2,2024
"""周五新力走势很差，摇摇欲坠，板块九鼎、中粮两个小盘、大盘的风向标全部进入调整（调""",3,2,2024
"""新力金融：融资净买入1017.32万元，融资余额2.8亿元（03-01）""",3,2,2024
"""不经意中，忙成了飞机场""",3,2,2024
"""市场证明，多元金融缺一个带头大哥，我猜他是你，因为稳。""",3,2,2024
"""有人说他还会跌破615，我并不这么认为。相反，结合目前的技术指标，我觉得可能说放""",3,1,2024
"""下周抛跌""",3,1,2024
"""下周肯定暴跌，立贴为证""",3,1,2024
"""散户太多了，洗盘还没结束，下周一还会洗，短线看跌，中线看涨，慢慢等待，心急吃不了""",3,1,2024
"""主要还是没冼干净，这么好的走势怕什么？""",3,1,2024
"""本轮反弹：九鼎大涨67%，华资大涨78%，新力最差最弱。""",3,1,2024
"""一个骗子公司""",3,1,2024
"""本月13+，下月16+[吃瓜]""",3,1,2024
"""新力金融没气没量""",3,1,2024
"""还有个减持等着呢，能起来么？""",3,1,2024
"""合肥建工发放最低工资，作为500强企业海螺水泥的子公司，摇摇欲坠！海螺水泥作为新""",3,1,2024
"""这周勉强保卫住了3000点！要站稳3000点光靠场内力量是不行的，要真正站稳30""",3,1,2024
"""这货没情况了，这么大量，一直涨不动，估计全是量化机构，九鼎、中粮走成这样，周一免""",3,1,2024
"""什么玩意啊""",3,1,2024
"""爆量横盘换手洗走前期套牢筹码""",3,1,2024
"""杀币主力！250""",3,1,2024
"""怎么感觉我每天都做t，成本越来越高？""",3,1,2024
"""筹码这么集中，等风起""",3,1,2024
"""唉，周一又得低开，天天低开，难""",3,1,2024
"""等风再来""",3,1,2024
"""新力金融[旺柴][摊手]""",3,1,2024
"""空狗天天砸盘，今天收盘前几分钟就压了一万四千手，明显是不让涨，目的何在？现在的价""",3,1,2024
"""$新力金融(SH600318)$""",3,1,2024
"""大金融不发力大盘不会突破""",3,1,2024
"""二b主力真压单不让涨""",3,1,2024
"""今天成交了7个亿，6个亿会不会都是散户的，剩下一个亿是庄家的，下个星期估计庄家全""",3,1,2024
"""7.86买的，还有谁比我成本高吗？""",3,1,2024
"""跟屁虫，每天有出不完的货，反弹以来天涨幅没有超过百多之6，的玩艺！""",3,1,2024
"""有毒啊，大盘尾盘还在拉升，金融还砸盘压大盘吗""",3,1,2024
"""尾盘竞价全买入，高换手大压单，天天滞涨，请问这是什么操作""",3,1,2024
"""它跟大盘没关系，大盘涨不涨的它都不涨，周一清掉，认输""",3,1,2024
"""每天都是出货、看5元""",3,1,2024
"""本来今天好好的，九鼎这狗，尾盘爆杀""",3,1,2024
"""7.76收盘吧，阴十字""",3,1,2024
"""无语""",3,1,2024
"""好像出问题了""",3,1,2024
"""九鼎这周涨了12点，你长了5个点，还特么砸""",3,1,2024
"""九鼎上下8个点，你也可以""",3,1,2024
"""……""",3,1,2024
"""麻痹""",3,1,2024
"""跟着九鼎跌了，垃圾""",3,1,2024
"""九鼎跌停了你可不要跟""",3,1,2024
"""尾盘能搞一下吗""",3,1,2024
"""唉，7.89卖了，7.88买入。我挣了！""",3,1,2024
"""新力金融个股红盘""",3,1,2024
"""散了，今天注定收十字星，明显有资金不让红，预计跌一个点上下一分""",3,1,2024
"""浪费行情""",3,1,2024
"""死猪""",3,1,2024
"""给你龙头的机会你不中用啊[成交][成交][成交]""",3,1,2024
"""压着不让涨，是何方妖怪""",3,1,2024
"""拉几，板块红一半都没他！""",3,1,2024
"""为了买这股，少赚了两个点""",3,1,2024
"""收盘价应该在7.84-7.88间""",3,1,2024
"""新力金融[摊手][惊吓][笑哭]""",3,1,2024
"""这里T狗太多，这个废了""",3,1,2024
"""可怕""",3,1,2024
"""高换手却滞涨""",3,1,2024
"""割了真是无语跌跌不休的看着都烦""",3,1,2024
"""真是破股，割了浪费行情""",3,1,2024
"""$新力金融(SH600318)$""",3,1,2024
"""兄弟们买啊""",3,1,2024
"""尾盘大家抓紧时间上车，下周大金融涨停板！""",3,1,2024
"""稳定在7.8可以了""",3,1,2024
"""垃圾废股""",3,1,2024
"""新力金融[赞][握手][傲][爱心]""",3,1,2024
"""m的，又要打回原形""",3,1,2024
"""今天收十字星挺好的[微笑]""",3,1,2024
"""玩意250！无语了[哭][哭][哭]""",3,1,2024
"""是我高看他了，1点半的时候，一根红柱子紧接着绿柱子。证明拉高出货的节奏。m的""",3,1,2024
"""不要害人，不涨就砸下去算了""",3,1,2024
"""拉个板让我走吧！持有你两周晦气死了""",3,1,2024
"""缩量上涨""",3,1,2024
"""上涨太艰难了""",3,1,2024
"""天天20%左右的换手率，股价上不去也不大跌，量化顶风作案，要举报严查。""",3,1,2024
"""昨日水下进，赚5个点走了，留下的兄弟们发财""",3,1,2024
"""是不是大盘不下去，你就涨不了了。""",3,1,2024
"""压盘如山""",3,1,2024
"""姐进新力金融！大家跟点面子！""",3,1,2024
"""这拉几，收盘继续三个点？！""",3,1,2024
"""量化交易太明显了吧?""",3,1,2024
"""不给肉吃也不要套人吧""",3,1,2024
"""$新力金融(SH600318)$""",3,1,2024
"""金证都上了""",3,1,2024
"""开盘直接上车""",3,1,2024
"""这年头还看筹码。主力一直做t，成本远低于筹码峰，就算全抛给散户接盘都能赚翻了。什""",3,1,2024
"""浪潮信息都涨停了，股。哎，股运不好。买了就亏。卖出就涨""",3,1,2024
"""今天收十字星""",3,1,2024
"""大家的本是多少""",3,1,2024
"""这里住着一帮子大佬。目前这个位置，就算是底部。手里有票，要么加仓做t。要么卧倒不""",3,1,2024
"""这一轮人工智能产业链上关于算力相关个股都涨幅统计数据！大部分都涨的不错！周期性围""",3,1,2024
"""分时线上下一个点震荡，大盘不好，板块没有护盘，证券出来护盘了，资金十点半以后明显""",3,1,2024
"""又说发展大金融，就这样绿着发展啊""",3,1,2024
"""7.94去就死""",3,1,2024
"""主力我已经满仓进来了，告诉你一声！你洗吧我不出""",3,1,2024
"""下午跌停了，要跑吗？""",3,1,2024
"""大金融不发力3000站不稳""",3,1,2024
"""都是减持若得祸：某螺背景资金遇到精明散户，极限拉扯""",3,1,2024
"""根据我的专业分析，主力前几天吸筹明显，成本大概在7.4-7.5。现在不应该放弃才""",3,1,2024
"""今天或能补涨！""",3,1,2024
"""来个痛快的不行吗""",3,1,2024
"""多头排列！下周涨停吗？""",3,1,2024
"""它居然还是绿的""",3,1,2024
"""先出了一半，随便你涨跌。""",3,1,2024
"""为什么这么多天，老是有人砸买一，向上拉伸时，总有人砸买一，太伤士气了。""",3,1,2024
"""这拉几不会又是中午翻红，然后涨一点点吧？！""",3,1,2024
"""这只股估计就是被海螺减持那个公告给压住的，年前涨停那么强势，出了减持公告就没大涨""",3,1,2024
"""难道又要11.20开拉""",3,1,2024
"""拉升不放量都没用""",3,1,2024
"""大家给我磕个头我马上卖了帮你们拉伸""",3,1,2024
"""就看下午能不能突破7.95反包了。上午歇菜""",3,1,2024
"""主力三天出了一个亿资金，三天底部获利筹码少了百分之35，整体筹码向7.70以上集""",3,1,2024
"""在吧里唱空的傻缺，你们去买九鼎和华金得了""",3,1,2024
"""九鼎吊打新力！我不服！下午加仓10w股新力！我要打爆空头！是，一起上！！！[""",3,1,2024
"""就不可以卡位龙头？""",3,1,2024
"""避坑指南！小米消金教你如何识别非法集资""",3,1,2024
"""大盘跌一个点该股跌停，跟跌不跟涨，接盘人太多了，涨不起来""",3,1,2024
"""大盘跌一个点估计要跌停""",3,1,2024
"""利用利好出货吗""",3,1,2024
"""接盘的人太多了，暂时观望吧，跟跌不跟涨""",3,1,2024
"""拉上去，不是为了证明什么，而是要告诉市场，失去的你一定要拿回来。""",3,1,2024
"""龙头就是龙头，跟风就是跟风，跟风股跌多涨少""",3,1,2024
"""你连九鼎的毛都不如""",3,1,2024
"""跟着大哥九鼎喝口粥""",3,1,2024
"""拉圾股太弱，主力实力不强。""",3,1,2024
"""换已经多入20个点了。哎。现在来得及么。""",3,1,2024
"""贾玲在新力健身房都能减100多斤挣了37个亿，咱在新力金融也能挣个盆满钵满""",3,1,2024
"""不上均线不敢加仓呀""",3,1,2024
"""冲高，跑""",3,1,2024
"""大把好股，这股天天高换手，却不涨，明显的量化交易股，要严查。""",3,1,2024
"""垃圾""",3,1,2024
"""赶紧卖了，买九鼎好，跟跌不跟涨说明股性太差了""",3,1,2024
"""量这么大谁接盘了""",3,1,2024
"""大家一起砸盘，一起做空他[旺柴]菜包金融系""",3,1,2024
"""真恶心""",3,1,2024
"""昨天说今天会涨停的出来我看你笑得出来吗，""",3,1,2024
"""新力的庄家最恶毒""",3,1,2024
"""昨天还后悔卖掉，今天一看卖的好，今天跌不少""",3,1,2024
"""转发""",3,1,2024
"""[买入][买入][买入][买入][买入][买入]""",3,1,2024
"""果然是垃鸡""",3,1,2024
"""垃圾""",3,1,2024
"""涨的时候扭扭捏捏，跌起来抢跑第一名。这种票别碰""",3,1,2024
"""这阿斗今天继续跟九鼎""",3,1,2024
"""这个拉几，就是尾盘卖早盘买，没多大上行强度了！""",3,1,2024
"""阿斗今天起得来吗""",3,1,2024
"""人家九鼎俩涨停，你啥也没涨。九鼎开盘跌三点，你就跌俩点。[赞][赞][赞][赞]""",3,1,2024
"""垃圾不。""",3,1,2024
"""纯纯的垃圾股""",3,1,2024
"""要不要接回？？""",3,1,2024
"""强硬突破压力位7.95。10点前突破8.5！""",3,1,2024
"""新力金融：融资净偿还918.48万元，融资余额2.7亿元（02-29）""",3,1,2024
"""转发""",3,1,2024
"""//@柔美距离 :转发""",3,1,2024
"""一只神奇的股票，摇摇欲坠又不知道方向不明就是不知道咯""",3,1,2024
"""2023年校长在情人节当天列举的人工智能产业链跟算力相关的个股数据统计！当时基本""",3,1,2024
"""牛人荐股就是不一样！不是哪个涨说哪个，而是一旦相关板块炒作，板块内相关个股大概率""",3,1,2024
"""你参与了这轮人工智能产业链的好行情了吗？//@蛰伏SJ :事后来看，事前思考由s""",3,1,2024
"""盘子是九鼎的一半，成交额还比九鼎多，九鼎却涨停了。这货抛压这么大？""",3,1,2024
"""坚定.看多信心[拜神][拜神][拜神]""",3,1,2024
"""早上买尾盘卖，天天低开""",3,1,2024
"""$新力金融(央行重磅发布！事关158万亿大市场加快多层次债券市场发展利好新力金融""",2,29,2024
"""问大家海螺水泥减持了吗？""",2,29,2024
"""量化的股票没前途""",2,29,2024
"""新力金融保守一点！""",2,29,2024
"""谁解答一下？九鼎出货2500万，为啥也能涨停？""",2,29,2024
"""明天直接一字板""",2,29,2024
"""大利好！明天直接顶一字！[大笑][大笑][大笑][大笑][大笑]""",2,29,2024
"""央行《关于银行间债券市场柜台业务有关事项的通知》""",2,29,2024
"""业绩倍增，减持完毕，取得抵债资产。""",2,29,2024
"""转发""",2,29,2024
"""不是它才涨那么一点，这人气怎么比涨停嗯还凶""",2,29,2024
"""成交额差不多了！""",2,29,2024
"""平稳期受大盘上涨影响走的有些不平稳，相对自身股价来说是不平稳！但跟其他股比那可真""",2,29,2024
"""辅仁股权抵债给公司是2022年9月，风险早已释放，去年到三季度业绩净利润增长17""",2,29,2024
"""新力金融归属母公司净利润增长1741%，可能就是辅仁股权抵债超成业绩爆涨，因为本""",2,29,2024
"""清仓""",2,29,2024
"""转发""",2,29,2024
"""感觉这是我的福星股啊""",2,29,2024
"""踏马的昨天中午收盘卖的，如果下午起床卖，今天上午开盘再买，来来回回20个点了。！""",2,29,2024
"""新力金融：退辅仁药业股权系下属控股子公司安徽德润融资租赁股份有限公司经法院裁定取得的抵债资产""",2,29,2024
"""明日不新高大家就走吧！别浪费在这里了！[呲牙][呲牙][呲牙][呲牙]""",2,29,2024
"""量化做t，我陪你呗""",2,29,2024
"""换股，这里浪费费时间，浪费行情。""",2,29,2024
"""九鼎，华资，都2个板了，唯独新力拉跨。""",2,29,2024
"""《第一目标50万》——春节后本金20万，希望尽快实现第一目标，加油每天收盘截图验""",2,29,2024
"""华资炸板，明天很难领涨了，看新力还是香溢上龙二""",2,29,2024
"""尾盘进了点，这票怎么换手率这么高的？""",2,29,2024
"""这个8888有什么寓意吗？""",2,29,2024
"""机构持续入场人工智能板块！有的游资会借势出货！//@蛰伏SJ :现阶段人工智能产""",2,29,2024
"""盘面持续验证之前的推测！""",2,29,2024
"""从九鼎换新力，以为你要强些，没想到走势不如预期，今天终于又换了九鼎""",2,29,2024
"""是不是因为海螺水泥减持的问题，所以一直压着没涨""",2,29,2024
"""尾盘进了点，明天可以活着出去吗？九鼎顶板，马上买的你，不要让我失望啊""",2,29,2024
"""这股有个特性：天天低开高走""",2,29,2024
"""为啥压得这么死[摊手]走了""",2,29,2024
"""要不要先跑""",2,29,2024
"""走了，每次都比九鼎差一大截，明天板块绿的话，岂不是跌停了要[怒]留下的兄弟发财""",2,29,2024
"""九鼎封了，你看着办""",2,29,2024
"""你爹涨停了""",2,29,2024
"""反弹这么久、没有一个涨停或者5个点的都没有的垃圾""",2,29,2024
"""天天这么好的换手就是涨不动，久盘必跌，撤了。""",2,29,2024
"""买你真是瞎了眼""",2,29,2024
"""尾号318的股票都涨的不错，玄学""",2,29,2024
"""数据说明一切、为什么涨不过其他股票、资金一直流出""",2,29,2024
"""7.9上不去""",2,29,2024
"""霸气全无""",2,29,2024
"""外面赚钱效应太强了、在这真的是浪费时间，大盘起来也不共振下[怒]""",2,29,2024
"""还有半小时，万手哥呢，直接拉涨停啦[旺柴]""",2,29,2024
"""走了，""",2,29,2024
"""垃圾啊""",2,29,2024
"""尾盘必涨停""",2,29,2024
"""转发""",2,29,2024
"""收盘7.94。不能突破7.95压力位。明天如果开盘没突破7.95立即跑，还得调整""",2,29,2024
"""2点一到，这股下砸比昨天更惨""",2,29,2024
"""指数一回落，马上一起往下咋砸，所有票一起砸，量化就是个笑话""",2,29,2024
"""这又套了不少人[大笑][大笑]""",2,29,2024
"""只会跟风的杂毛[怒]""",2,29,2024
"""做了个反T，垃圾股""",2,29,2024
"""上刺刀""",2,29,2024
"""说价值投资，九鼎也就是个垃圾股，业绩几分钱，所以，在这市场别谈十么价值投资，机构""",2,29,2024
"""九鼎今天肯定涨停，不知道新力今天行不行""",2,29,2024
"""卖不完，完全卖不完""",2,29,2024
"""以前是华金跟风你，现在是你跟风华金""",2,29,2024
"""九鼎带不动你赶紧冲""",2,29,2024
"""新力，渣是渣了点，但我就喜欢[大笑]""",2,29,2024
"""尾盘板""",2,29,2024
"""关注了这么长时间始终被九鼎压一筹小弟就是小弟去九鼎啦""",2,29,2024
"""要当龙一了""",2,29,2024
"""干掉九鼎[大笑]""",2,29,2024
"""留下的吃肉去吧""",2,29,2024
"""还会涨的，现在买入先到10""",2,29,2024
"""苍天啊大地啊，拉萨西藏路营业部的兄弟姊妹们，来窜个门吧！""",2,29,2024
"""够不到8元就是耍流氓""",2,29,2024
"""新力金融呀，快把金融二字去掉吧""",2,29,2024
"""给自己一巴掌买了你这lj玩意""",2,29,2024
"""下午封板，明天涨停""",2,29,2024
"""买到就是套""",2,29,2024
"""今天改轮到你爆发了吧""",2,29,2024
"""上午追高了。7.83""",2,29,2024
"""午盘策略""",2,29,2024
"""这个票量化太严重了""",2,29,2024
"""$新力金融(SH600318)$""",2,29,2024
"""$新力金融(SH600318)$""",2,29,2024
"""我都说龙头回，不要踏空了""",2,29,2024
"""进来啦看看金融怎么样""",2,29,2024
"""九鼎投资气势如虹，反弹58%了。新力大幅落后九鼎。""",2,29,2024
"""卖点成买了怎么办""",2,29,2024
"""就这两天考虑，昨天新力最高8.29元，今天截止目前最低7.27元，最大跌幅12%""",2,29,2024
"""七成仓目前还亏13个点走还是留？""",2,29,2024
"""进行了一部分加仓！""",2,29,2024
"""刚卖了就拉升，就差我一个吗""",2,29,2024
"""走还是留？""",2,29,2024
"""沪深京股市带金融的就2个，一个金融街，一个新力金融，何等的尊贵啊。""",2,29,2024
"""这波拉升和昨天一样只是给九鼎作嫁衣""",2,29,2024
"""我就说大盘肯定要跳水，早上一小时就两百家下跌，太一致了吧，下午该大金融来唱戏了""",2,29,2024
"""不能直接上去就止损！不值得留恋！""",2,29,2024
"""7.62的本还在吗""",2,29,2024
"""走走走""",2,29,2024
"""下午涨停""",2,29,2024
"""$新力金融(SH600318)$""",2,29,2024
"""九鼎真是你爸爸，能不能雄起一回""",2,29,2024
"""反其道而行之""",2,29,2024
"""来了""",2,29,2024
"""今天还故意出货""",2,29,2024
"""大盘都涨，什么多元金融，套个P""",2,29,2024
"""玩坏了""",2,29,2024
"""透露一下，你们今天多少进的？""",2,29,2024
"""大盘涨，这货是不会涨的。""",2,29,2024
"""快跑，了""",2,29,2024
"""自从我买了之后，半小时都没出成本区，我就知道今天要被套[滴汗]""",2,29,2024
"""早上跌7个点，下午呢，明天呢？这是一个问题。""",2,29,2024
"""小猪力，券全给你[偷笑]""",2,29,2024
"""不好玩了，""",2,29,2024
"""啥玩意非得瞎捣鼓""",2,29,2024
"""$新力金融(SH600318)$""",2,29,2024
"""你是一颗老鼠哦，一片红中绿""",2,29,2024
"""卖不完真卖不完""",2,29,2024
"""下午如果大盘下来，它会不会绿""",2,29,2024
"""[怒][怒][怒][怒]""",2,29,2024
"""真的太恶心人了这只，跌了57个点，涨了16个点又开始跌了""",2,29,2024
"""走了垃圾买九鼎""",2,29,2024
"""借板块出货了，不玩了，走了[滴汗]""",2,29,2024
"""浪费行情！再不涨走了""",2,29,2024
"""真的很LJ""",2,29,2024
"""去nnd，还不如买大盘股，东方财富。""",2,29,2024
"""不知道是不是海螺水泥再砸""",2,29,2024
"""别扭捏了，要有担当，带领大金融冲上3000，昨天九鼎带头，今天你带头，勇敢的上吧""",2,29,2024
"""到底是什么鬼""",2,29,2024
"""反弹到顶了，开始回落了""",2,29,2024
"""每次到均线压力位，fei物群体就加仓，但股价回落，什么回事""",2,29,2024
"""大盘疯了""",2,29,2024
"""真是废柴""",2,29,2024
"""这是什么杂毛，什么都不跟""",2,29,2024
"""控盘太厉害了，这是量化在弄的吧""",2,29,2024
"""降级处理！""",2,29,2024
"""三百多的下跌股里，就有一个你[捂脸][捂脸]""",2,29,2024
"""看到低开5个点！忍不住了！""",2,29,2024
"""举报操作股价""",2,29,2024
"""昨天你稳不住，今天你还这样。没救了""",2,29,2024
"""搞其他的，这里浪费行情""",2,29,2024
"""果然是一堆杀币玩意250操盘手！醉了醉了！走了走了，拜拜拜拜""",2,29,2024
"""想不通，昨天人家大涨，九鼎尾盘拉了个涨停，你一分没涨。今天你别人家跌的还凶""",2,29,2024
"""止损，留下兄弟们发财""",2,29,2024
"""邪了门了，买安徽的股就没赚过钱""",2,29,2024
"""都说了，这里面有坏人，砸的就是你，而且还非常奇怪，散户就爱买新力，别的几个同板块""",2,29,2024
"""到底跟谁""",2,29,2024
"""今天选股原则，要么开盘3个点以上，要么你绿盘""",2,29,2024
"""垃圾""",2,29,2024
"""真特码恶心到家""",2,29,2024
"""昨天的避雷针，就是见顶信号，所以今天必须是[看空][看空][看空][看空][看空""",2,29,2024
"""昨天板块那么好的机会硬是被这批猪zhu一样的操盘手废了！今日资金又回流科技股了！""",2,29,2024
"""跌停吧""",2,29,2024
"""完美回踩10日线""",2,29,2024
"""全仓换回""",2,29,2024
"""低开了，高开也会被砸下来，不爽，等低位看还能抄不！""",2,29,2024
"""卧槽好恶心的一股啊""",2,29,2024
"""融券增加了，早盘低开，午盘修复，盘中红盘止损""",2,29,2024
"""今明两天继续大幅调整的时候按计划执行策略！""",2,29,2024
"""朋友们今天怎么样""",2,29,2024
"""新力金融：融资净偿还49.25万元，融资余额2.8亿元（02-28）""",2,29,2024
"""了？卧槽，九块多买的一千股……""",2,29,2024
"""今天应该有涨停板。""",2,29,2024
"""转发""",2,29,2024
"""转发""",2,29,2024
"""转发""",2,29,2024
"""业绩暴涨，未来可期""",2,28,2024
"""浮盈加仓。。。话不多说。""",2,28,2024
"""明天防守为主，最好空仓，因为看不清楚，周五下午再进场！""",2,28,2024
"""看清楚它了，昨天就计划它今天冲高回落，结果贪心害死人！明天大盘如果大幅低开还好，""",2,28,2024
"""这是又开始做空了吗""",2,28,2024
"""今天加仓6000股全部被卖，明天到8毛就走吧""",2,28,2024
"""每次到我成本线附近，只要我清仓就继续飚涨，格局就快速回落继续套，我的成本8.33""",2,28,2024
"""量化票，一直有资金奋力托起，但根本买不完！""",2,28,2024
"""还差两个板才回本[怒]""",2,28,2024
"""转发""",2,28,2024
"""转发""",2,28,2024
"""转发""",2,28,2024
"""转发""",2,28,2024
"""转发""",2,28,2024
"""主力不趁早拉，有利好不拉，大盘不行，没人接盘了你这就全废了。""",2,28,2024
"""$新力金融(SH600318)$""",2,28,2024
"""明天红开就留，绿开直接核，7.74成本，大盘会回踩2850，大盘进2退1很正常，""",2,28,2024
"""$新力金融(SH600318)$""",2,28,2024
"""明天指数反弹，主力拉高自救，及时止损""",2,28,2024
"""大盘暴跌，出局及时。明天机会，抄新力底！""",2,28,2024
"""谁把我的龙虎板榜给吞了？""",2,28,2024
"""中共安徽省委金融委员会办公室等机构挂牌上海证券报·中国证券网1小时前约2分钟【观""",2,28,2024
"""中共安徽省委金融委员会办公室等机构挂牌上海证券报·中国证券网1小时前约2分钟【观""",2,28,2024
"""每次买都被套，金融股里的lj""",2,28,2024
"""太难了，这个还有点机会，别的已经跌废了""",2,28,2024
"""原计划本周盈利十个点，午盘一直挂涨停板卖单，八个点一直看盘口，换手也健康，下午大""",2,28,2024
"""我还没走！""",2,28,2024
"""没有龙虎榜？""",2,28,2024
"""刚收紧一点就死给你看，两市全天成交1.3万亿，放量大跌，326只股票跌停，这种情""",2,28,2024
"""在九鼎和新力，华金三个优选了新力，晕""",2,28,2024
"""8.33的本，挂成本价没到，这是被盯上了吗，又套回去了[大哭]""",2,28,2024
"""年后涨的少的就是抗跌啊，别的股涨几十个点直接核跌停了，这股性抗涨抗跌""",2,28,2024
"""恭喜今天追进来的明天一起吃面吧，今天和昨天同样的收盘价位，昨天获利盘百分之九十五""",2,28,2024
"""今天7.82满仓了[好困惑][好困惑]""",2,28,2024
"""不要抱怨了今天好多大面，金融本来护盘的这不算啥明天会修复""",2,28,2024
"""本周必有一板。今日试盘成功""",2,28,2024
"""收盘全部抛掉了，明天看大戏了！""",2,28,2024
"""明天金融护盘保卫3000""",2,28,2024
"""射击之星""",2,28,2024
"""明天轿子轻一点""",2,28,2024
"""过完年就涨这么点，好意思砸？""",2,28,2024
"""$新力金融(SH600318)$""",2,28,2024
"""这是把公司都卖了啊，还是海螺全部减持了""",2,28,2024
"""大胆t,都是量化勾，不用担心tt飞""",2,28,2024
"""游资进来了主力出逃了""",2,28,2024
"""只能说做空的真它M的牛B，好好的走势弄成这个鸟样！！！好在今日买入的到收盘还没有""",2,28,2024
"""这下好了，全特么套住了""",2,28,2024
"""今天应该有榜，尾盘接了点，大家不用恐慌，大盘不好，不然不会这么惨""",2,28,2024
"""今天调整感觉如何？""",2,28,2024
"""今天大盘有点小极端的味道！""",2,28,2024
"""这是个标准的量化操作的股票！大家举报严查一下！""",2,28,2024
"""幸好 换了九鼎投资""",2,28,2024
"""建议举报吧，春节回来后，天天这么玩，今天这种量尾盘还有2万多手，摆明在操控股价，""",2,28,2024
"""这里就是量化集中地请严查这家公司""",2,28,2024
"""$新力金融(SH600318)$""",2,28,2024
"""退出股市，太蠢，今天在这个一分没赚，出掉了！没见过这样的庄，举报！""",2,28,2024
"""天星金融（原小米金融）积极开展预防电信诈骗宣传工作""",2,28,2024
"""还好昨天换了一半去九鼎[微笑]这货现在连跟随都不会了[滴汗]""",2,28,2024
"""九鼎都涨停了。""",2,28,2024
"""别的不说，这换手真牛逼""",2,28,2024
"""还好，今天换股到这票，虽然也亏，但整体算亏得少的了，其他利润保着了""",2,28,2024
"""避雷针""",2,28,2024
"""熟悉的股市回来了""",2,28,2024
"""你tm过分了""",2,28,2024
"""对不起，是我卖了""",2,28,2024
"""我告诉你们快跑快跑快跑就是不听""",2,28,2024
"""搞什么，追高""",2,28,2024
"""这水跳的…""",2,28,2024
"""彻底离开此股！同时举报！""",2,28,2024
"""放量出逃""",2,28,2024
"""唯一一只反弹没涨过15%的股""",2,28,2024
"""忙活了一天，做T的发了，看戏的啥也没捞着。""",2,28,2024
"""这股短线不行、不用看了""",2,28,2024
"""这下舒服了？""",2,28,2024
"""融券太多了！怎么可能拉的起来！""",2,28,2024
"""拜拜不见""",2,28,2024
"""没见过这么垃圾的，草，都是跌下来，全都涨了，就你特么不涨""",2,28,2024
"""涨的时候没你事，套你的时候没商量！""",2,28,2024
"""垃圾主力""",2,28,2024
"""走了""",2,28,2024
"""今天多少人8块进来的，这废材真是恶心啊""",2,28,2024
"""擦，7.99套了我50万，8.20又要套我50万吗？""",2,28,2024
"""追涨必套，哇他洗哇[大笑][捂脸]空""",2,28,2024
"""这里的主力，操盘手缺纸质钱币！近期着死跑都是为了烧给家人！250一堆""",2,28,2024
"""新力里面有坏人，谨慎追高！""",2,28,2024
"""换手率牛逼""",2,28,2024
"""十个多亿不能涨停板，只能说明在出货[大笑][捂脸]""",2,28,2024
"""唉，弱，收盘预计796--808之间，805附近！""",2,28,2024
"""主力干什么，卖一秀肌肉吗？""",2,28,2024
"""从""",2,28,2024
"""大金融拉升护盘""",2,28,2024
"""今天进来的很多啊""",2,28,2024
"""觉得今天是洗盘的进来报个到""",2,28,2024
"""牛""",2,28,2024
"""反弹到现在居然没有一个涨停板[捂脸]不敢恭维""",2,28,2024
"""守住八元""",2,28,2024
"""盘子最小的多元金融，走势有如中石油！也是醉了""",2,28,2024
"""二流子就是牛""",2,28,2024
"""苟主力没格局了""",2,28,2024
"""完了""",2,28,2024
"""每天换手率巨大，难道换庄了。""",2,28,2024
"""筹码交锋好激烈 但8块位置有两亿的厮杀，看谁赢吧""",2,28,2024
"""短期目标8.95，支撑位7.88""",2,28,2024
"""这股吧人真多，都还爱跟新力谈感情，再来一个涨停我就回本切换了，不能跟新力谈感情，""",2,28,2024
"""这么好的机会卡九鼎真的fei""",2,28,2024
"""今天涨停有点难""",2,28,2024
"""，早上想买你的，后悔买了其他的吃大面[哭][哭][哭]""",2,28,2024
"""100%涨停""",2,28,2024
"""8.21主力控盘！重点关注""",2,28,2024
"""还好换了三分之一去九鼎[微笑]这货只会跟风""",2,28,2024
"""上点强度吧，中粮和九鼎都下班了""",2,28,2024
"""你爹九鼎，你哥中粮，你姐香溢都涨停了[哭]""",2,28,2024
"""昨天6成仓5毛5卖出去了，发现卖错了全仓5毛4想接回犹犹豫豫错过了……""",2,28,2024
"""杂毛始终是杂毛""",2,28,2024
"""诱，在跑！""",2,28,2024
"""人工智能炒作已经两周了，你认为人工智能产业链这轮炒作进入第几阶段了？面对一个热门""",2,28,2024
"""都说龙回头了[大笑]""",2,28,2024
"""今天必定封板修炼成九阳神功！[旺柴][旺柴][旺柴]""",2,28,2024
"""就差你没上板了，快点上""",2,28,2024
"""打爆空头""",2,28,2024
"""诱多，拉升出货""",2,28,2024
"""早上挂的8.05突然成交，就知道你还差我一个涨停板，搞突然袭击[捂脸]""",2,28,2024
"""天星金融（原小米金融）扎实开展宣教工作，构建消保新格局""",2,28,2024
"""想骂人呢[微笑]""",2,28,2024
"""牛逼啊""",2,28,2024
"""中粮资本，香溢融通，九鼎投资，都比新力强，新力里面有坏人，拉升就是砸盘，后面砸低""",2,28,2024
"""大金融出来护盘了""",2,28,2024
"""加仓了""",2,28,2024
"""抄底""",2,28,2024
"""表演了""",2,28,2024
"""跟上中粮吧""",2,28,2024
"""此时不板，更待何时""",2,28,2024
"""中粮资本要涨停了啊！！！""",2,28,2024
"""还得是九鼎[哭][哭][哭][哭][哭]""",2,28,2024
"""逼人割肉啊""",2,28,2024
"""想到了会冲高回落试盘，问题这也叫试盘？除非下午放量拉升突破，不然这股本周没戏了，""",2,28,2024
"""量化狗又出来咬人了""",2,28,2024
"""坚守交易这个原则！基本不会错过券商板块行情！//@蛰伏SJ :券商板块尤其适用城""",2,28,2024
"""再来复习一下券商板块特点！""",2,28,2024
"""出现了2个封板的券商个股！相关政策还没一个还没出，问题不大！继续跟踪券商板块！""",2,28,2024
"""对于这周的总体观点不变！大盘点位低于3000滚入一些仓位，高于3000点抛出一些""",2,28,2024
"""无法判断，显然不是带队的，下午收盘低于788清了它！""",2,28,2024
"""总感觉这个操作怕是不对，成本下来6元了，""",2,28,2024
"""太弱了，基本可以撤了""",2,28,2024
"""满足我的交易条件就上车！""",2,28,2024
"""新力金融今天可以买进吗？[握手]""",2,28,2024
"""量能有点大？是的，之前暂停的量化交易策略恢复了，看看大盘成交量，看看其它个股，今""",2,28,2024
"""券商板块城门立木出现！""",2,28,2024
"""量能换手正常""",2,28,2024
"""洗一洗，更健康！""",2,28,2024
"""放量滞涨，下午是逃跑的最后机会""",2,28,2024
"""上午这个量怎么说？""",2,28,2024
"""涨的时候不跟，跌的时候比谁都猛，这就是拉几股的股性，别的股跌的深，套的多，涨的也""",2,28,2024
"""国诚推的票就是个大骗子""",2,28,2024
"""没格局的主力""",2,28,2024
"""完犊子啦，套牢了，大盘又破3000了""",2,28,2024
"""昨天把新力金融卖了就算踏空了，今天本来都埋单找支撑线，后面又都撤了，追高了，完美""",2,28,2024
"""所以金融利好最后证券2个涨停，银行大涨，大智慧涨停，带不动多元金融板块的股""",2,28,2024
"""好强的操盘手，基本筹码都抓手上了""",2,28,2024
"""完犊子，我7.99进的""",2,28,2024
"""金融盘砸盘很容易，但是你要想再涨起来就很难了！[微笑]""",2,28,2024
"""这个股想正常走势，唯有举报！量化做空做t太明显了！""",2,28,2024
"""跑了1600多万的""",2,28,2024
"""静待花开""",2,28,2024
"""你欠大家一个涨停""",2,28,2024
"""资金全力流出""",2,28,2024
"""九鼎，中粮，华金，，，新力跑快点行吗""",2,28,2024
"""换龙头中粮资本了！砸中玩意拜拜""",2,28,2024
"""这个主力就是胶辊，涨一点就砸盘做T！""",2,28,2024
"""还在洗盘，都洗肿了！250主力一群""",2,28,2024
"""天天这么大换手，股票却涨的像蚂蚁爬，不知道在搞些什么？""",2,28,2024
"""不及预期！无语！冲高没舍得，算了，不和它玩了，低位减就低位吧，大盘绿了，说不来！""",2,28,2024
"""卖了在说""",2,28,2024
"""高标开始退潮了""",2,28,2024
"""现在流行（五谷丰登）这个词""",2,28,2024
"""唉，不服不行，这就这么点叫冲高试盘？""",2,28,2024
"""冲一下就下来了，不会又套一批吧？""",2,28,2024
"""每天都是冲高回落，哪有这么杀币的玩意主力？""",2,28,2024
"""原本以为今天金融会起飞[哭]""",2,28,2024
"""市场哪个股不是连阳？[偷笑]""",2,28,2024
"""你压力有这么大吗""",2,28,2024
"""骗炮""",2,28,2024
"""不好意思啊，要涨停板""",2,28,2024
"""7.75已买入1/3仓新力金融""",2,28,2024
"""[买入][买入][买入][买入][上涨][上涨][上涨][上涨]""",2,28,2024
"""收复失地1068有可能""",2,28,2024
"""今天涨停""",2,28,2024
"""大利好，小高开，不好猜""",2,28,2024
"""小幅高开，主力很狡猾""",2,28,2024
"""这么久了，终于肯高开了？""",2,28,2024
"""看了下同花顺的智能分析，说要突破7.95的压力位才有可能。""",2,28,2024
"""今天涨停了""",2,28,2024
"""按说金融利好要涨，但是这个走的确实有点让人无语，应该没那么利索直接大幅高开高走吧""",2,28,2024
"""今日看样子要跌破7元洗盘了！鉴定完毕""",2,28,2024
"""新力金融：融资净买入1826.19万元，融资余额2.81亿元（02-27）""",2,28,2024
"""这周还来个涨停了""",2,28,2024
"""郑重宣布，今天妥了！""",2,28,2024
"""央行部署多元金融""",2,28,2024
"""打造安徽金融国企改革第一妖王""",2,28,2024
"""今天别多涨，收到8元左右就行。""",2,28,2024
"""换手率怎么这么高""",2,28,2024
"""别的股反弹都有一个涨停，看看你天天这么高换手在干嘛，拉了一泡大的，今天走是对的""",2,28,2024
"""不到50不走""",2,27,2024
"""明天肯定是高开低走，尾盘收绿，我有消息""",2,27,2024
"""他不涨是不是跟减持有关吗？""",2,27,2024
"""说不准主力建仓完成，第二个妖股""",2,27,2024
"""？？？？？？？？↑？↓？""",2,27,2024
"""？？？？！知向何方？？？？！""",2,27,2024
"""放量滞涨，看破前低，等待""",2,27,2024
"""这么多看多的，明天高开低走！都给你们！""",2,27,2024
"""2月26号开的会，昨天也没反应，今天也没，指望明天？""",2,27,2024
"""完了，这么多看多的，明天悬了！""",2,27,2024
"""这货人气不错""",2,27,2024
"""央行召开做好金融工作会议，对新力金融构成重大利好！""",2,27,2024
"""中央金融工作会议强调，要着力做好科技金融、绿色金融、普惠金融、养老金融、数字金融""",2,27,2024
"""中央金融工作会议强调，要着力做好科技金融、绿色金融、普惠金融、养老金融、数字金融""",2,27,2024
"""感谢新力金融，反复做T6.22进，买的不多大约10几个交易日盈利百分之70/今天""",2,27,2024
"""事后来看，事前思考由sora引爆人工智能产业链思路准确！提醒的2个时点都是很好的""",2,27,2024
"""此中真意，事后来看不言而喻！""",2,27,2024
"""明天一字板妥了""",2,27,2024
"""始终坚信你还欠我至少一个涨停，不出涨停不走[大笑][大笑]""",2,27,2024
"""尾盘出了一半，连续N天都是低开，明天会低开几个点""",2,27,2024
"""才卖掉就出利好，主力不厚道啊，明天低开让我接回来[怒]""",2,27,2024
"""人工智能相当于前几年的新能源板块！会被周期性围猎！""",2,27,2024
"""天天这么高的换手股价不见涨""",2,27,2024
"""明天凉了""",2,27,2024
"""zhu头一样的主力！尾盘幸好走了。面对利空明日又是大跌""",2,27,2024
"""从今天盘面观察，在市场大涨的事况下，这几个高息股的代表都有小幅度下跌或者只微红，""",2,27,2024
"""我刚刚卖了，盘后就有利好了？""",2,27,2024
"""节后这么多天，不如别人2天，看这k线画的，你连阳，市场80%也都是连阳，而且涨的""",2,27,2024
"""不涨停不走，涨停了更不走。别问我，问我就是钉子户""",2,27,2024
"""这支股目前真正的压力位是8元附近，如果周三上午大盘绿开，新力上午主力肯定要当龙头""",2,27,2024
"""放量滞涨！明日跌停可期！250主力一个""",2,27,2024
"""就是看他这波上来没十么涨，且，天天换手率这么高，所以，今天才买他，不知道对不对？""",2,27,2024
"""不极端不交易！我还在！""",2,27,2024
"""说它不行吧，天天红的，说它行吧，每天一两个点。奇怪了，按理说从低位起来，肯定是惜""",2,27,2024
"""再接再厉""",2,27,2024
"""该走的都走了吧？这磨人磨的好，看看明天吧[呲牙][呲牙]""",2,27,2024
"""兄弟们，沉住气！明天还有高点！""",2,27,2024
"""收盘7.6""",2,27,2024
"""7.62收盘""",2,27,2024
"""该涨不涨留你何用，走了，剩下留给你们发财""",2,27,2024
"""看看有没榜""",2,27,2024
"""9.4的成本什么时候可以回，顶不住了想走[怒]""",2,27,2024
"""垃圾主力没格局""",2,27,2024
"""全是量化在交易""",2,27,2024
"""7/65以上就是一马平川，直拉涨停，勇往直前""",2,27,2024
"""老子割了文一科技买了这，文一都翻倍了，玛德""",2,27,2024
"""清仓走了""",2,27,2024
"""7.62走了""",2,27,2024
"""今天只要能站上65就有希望。""",2,27,2024
"""大单压顶后市看涨""",2,27,2024
"""典型的量化交易""",2,27,2024
"""抛盘怎么永远抛不尽？不可能是散户的！""",2,27,2024
"""看他分式走势，买盘这么大，但抛盘抛怎么永远不尽，唉！散户真看不懂！""",2,27,2024
"""没想到第一个突破20日均线的是香溢融通""",2,27,2024
"""散友多，筹码松，不稳定""",2,27,2024
"""转发""",2,27,2024
"""有供销社概念的吧？""",2,27,2024
"""拉几庄，不知道要搞啥！收盘盲猜，7.77！""",2,27,2024
"""兄弟们换个阵地看看九鼎吧""",2,27,2024
"""看它换手率这么大，以为，今天突破7.64追进，唉！莫名其妙吃套！""",2,27,2024
"""fei物群体不停买，3000点才抢货，真的服了，香溢融通基本都是散户跑主力买上涨""",2,27,2024
"""年后才涨多少啊，'这样就上不去""",2,27,2024
"""下回请大家记得买金融就买九鼎，别买这个了""",2,27,2024
"""量化交易从这股查，天天高换手，股价不涨。""",2,27,2024
"""小米消金积极开展警惕“网络订票”类诈骗宣讲专题""",2,27,2024
"""转发""",2,27,2024
"""呵呵[哭]""",2,27,2024
"""表现是真的差，虽然每天都涨一点。""",2,27,2024
"""落后香溢融通20个点、眼瞎了买了你""",2,27,2024
"""炒股可不能炒出感情，不舍得卖，不舍的切换，弱就是弱！追高买入别的科技，天天嗨，都""",2,27,2024
"""量化做空控盘操纵股价！""",2,27,2024
"""每天都是拉两分钟，然后就跌，可能是量化""",2,27,2024
"""走了，磨磨唧唧[怒]""",2,27,2024
"""主力就是一个250！垃圾！走了。换液冷龙头了""",2,27,2024
"""好好的龙头不当！一样的主力！走了！拜拜""",2,27,2024
"""769竟然没过去？最后的压力位！""",2,27,2024
"""太弱，听我的，九鼎和香溢融通，任何一个都比这个抢！""",2,27,2024
"""不选科技，基本错过年后这波大反弹[微笑]这票真是不争气""",2,27,2024
"""前戏算充分了，主力庄还在等什么呢？三日内必高潮一次，能否拉一个涨停就看主力的持久""",2,27,2024
"""校长一年前的（很少提及个股，这次是个例外）这轮炒作人工智能产业链同样适用！那""",2,27,2024
"""都等着坐轿子，主力才会拉""",2,27,2024
"""今天很郁闷，卖飞日久、龙宇（两个都比较弱，怕回调），加仓新力，理由：一是大盘拒绝""",2,27,2024
"""下午拉板不？""",2,27,2024
"""我算了一下。接近8.6万手的高压，6700万能拉板。算上抛压，感觉2亿资金能稳住""",2,27,2024
"""人工智能产业链很符合城门立木战法的条件！特斯拉产业链，苹果产业链，华为产业链都符""",2,27,2024
"""钛白粉概念股涨的也不错！千炒万炒涨价必炒！//@蛰伏SJ :转发""",2,27,2024
"""现阶段人工智能产业链的炒作继续向纵深扩散！机构今天也入场了？""",2,27,2024
"""如今龙年也流行一个词：五谷丰登猜一猜什么意思""",2,27,2024
"""现在不是吃独食的行情，别作孽""",2,27,2024
"""远离""",2,27,2024
"""散友太多了，主力烦死了。""",2,27,2024
"""放量拉升了，不要紧张""",2,27,2024
"""去别的地方可能明天就挨打，做做t吧！静待花开！""",2,27,2024
"""考验耐心的时候了""",2,27,2024
"""换手率下来了""",2,27,2024
"""真想卖了，太磨了。""",2,27,2024
"""此时不走更待何时""",2,27,2024
"""和沃森一样的恶心[哭]""",2,27,2024
"""不坚定的人走吧""",2,27,2024
"""东家在作秀""",2,27,2024
"""7.49割肉走了直接买中科曙光了，在这浪费时间""",2,27,2024
"""连华金都不如了，更别提九鼎""",2,27,2024
"""垃圾股啊！板块大部分红的！""",2,27,2024
"""走了走了，，留下的发财""",2,27,2024
"""新力金融今天可以买进吗，什么价位可以买进？[握手][财神]""",2,27,2024
"""猪力你还洗个P，之前洗出来的赚了有回来了。""",2,27,2024
"""今天回踩一下，非常好""",2,27,2024
"""请哪位高手分析一下这股[拜神]""",2,27,2024
"""今天碧绿""",2,27,2024
"""好多股从反弹开始都几十个点了，你才反弹16个点，弱的很""",2,27,2024
"""清仓了被整无语了""",2,27,2024
"""拉个涨停""",2,27,2024
"""主力吃饱了就是不拉，每天开盘来恶心大家。""",2,27,2024
"""真垃圾，天天磨，秃噜皮了，走了！""",2,27,2024
"""心急吃不了热豆腐""",2,27,2024
"""量能为啥萎缩的这么厉害""",2,27,2024
"""后劲不足清仓获利了结""",2,27,2024
"""拉傻帮割完新力买入信雅达，两面挨耳光""",2,27,2024
"""……""",2,27,2024
"""唯一一只反弹没有涨停过的股、涨幅最少的个股、远离垃圾""",2,27,2024
"""现在的量能换手减少了！""",2,27,2024
"""磨的差不多了，可以涨停了""",2,27,2024
"""祝愿留下的发财吧""",2,27,2024
"""今天可能会涨停""",2,27,2024
"""九连阳了，感觉不是要大涨就是要大跌，剑走偏锋！""",2,27,2024
"""该开个涨停了吧""",2,27,2024
"""看不来，如果突破则打开上行空间，如果回踩7.3以下有机会！""",2,27,2024
"""玄幻小说，题目:新力的第21根阳线。副标题:，不管三七。""",2,27,2024
"""新力金融：融资净偿还787.11万元，融资余额2.62亿元（02-26）""",2,27,2024
"""开始反应，马上涨停""",2,27,2024
"""浙江省东阳市横店镇屏岩洞府，素有“江南第一洞天”之称。正月十六，杨树塘下500桥""",2,27,2024
"""狼来了""",2,26,2024
"""https://wap.eastmoney.com/a/202402262994""",2,26,2024
"""张敬红10元全卖出，现在正在买回来。哈哈哈！不信你们看看3月股东名单""",2,26,2024
"""看了openai发布的文生视频，真是太令我震惊了！竟能如此逼真！人工智能的爆发性""",2,26,2024
"""真的利好今天股价就反应了，不会给机会明天进[旺柴]""",2,26,2024
"""那个水泥老板在下一盘大棋，大家快行动起来。水泥老板未减持1%前持股达5%以上，不""",2,26,2024
"""我就是那个吃饭砸锅的人，坐看今天进的韭菜在山顶吹冷风！""",2,26,2024
"""明天涨停""",2,26,2024
"""今天新闻就是建设全国大市场[加油]讨论一下和这个有关系吗？""",2,26,2024
"""搭建银证齐金融平台[大笑]说来就来了[坏笑]""",2,26,2024
"""放量滞涨，看破前低，等待""",2,26,2024
"""估计会拉12个小天鹅。""",2,26,2024
"""高息股的几个代表！大盘处在动荡期间高息股有优势，一旦大盘真正转暖，这类股票的性价""",2,26,2024
"""这只股票天天都是几个点的利润，今天高抛了，明天只要下跌就继续买入，小仓位玩玩多好""",2,26,2024
"""既然是中央财经委有“推进新一轮大规模设备更新和消费品以旧换新”的方案，必定会出台""",2,26,2024
"""今天盘面显示高息股有资金获利了结！""",2,26,2024
"""盘面显示有资金在调仓！""",2,26,2024
"""小米消不忘金融初心，增强消费者获得感和安全感""",2,26,2024
"""小碎步走的""",2,26,2024
"""小米消金坚持打防并举，持续筑牢反诈坚实堤坝""",2,26,2024
"""洗的真彻底""",2,26,2024
"""新力金融是有机会的""",2,26,2024
"""跟随大盘上涨趋势九连阳，庄家威武拉升完成任务了，明天后天调整二天正常程序，下来了""",2,26,2024
"""一直磨，一直不涨，好不容易今天想拉，大盘和板块又不行，这换手这量这筹码分布，如果""",2,26,2024
"""43.5追了亚华以为又站山上了太刺激了""",2,26,2024
"""马上收盘了，应该晚上利好，点火成功估计几倍空间有了[坏笑]""",2,26,2024
"""百分之26的换手，上亿的成交量，涨也涨不起来，好难啊""",2,26,2024
"""中国股市有大行情，新力金融从来没有缺席过，买[大笑][赞]""",2,26,2024
"""这个做什么的利润这么大""",2,26,2024
"""重仓被骗炮了[哭]""",2,26,2024
"""看看你明天怎么玩""",2,26,2024
"""山顶的风好大，对不起大家一来就掉了""",2,26,2024
"""惊不惊喜，刺不刺激，意不意外！涨没有快过谁！跌比谁都快！""",2,26,2024
"""服了你""",2,26,2024
"""主力跑了？还是散户都追设备去了？！""",2,26,2024
"""赶紧走""",2,26,2024
"""出货，砸盘！吃饭砸锅！""",2,26,2024
"""出货，砸盘""",2,26,2024
"""都去设备了，资金不会看这个板块""",2,26,2024
"""$新力金融(SH600318)$""",2,26,2024
"""早上卖的，买的零点有数，涨幅已经超过这个了。。。""",2,26,2024
"""快跑吧，横久必跌""",2,26,2024
"""仁东反弹了40多个点了，新力反弹16个点，咋滴这么弱了，下跌你可没输过""",2,26,2024
"""今天不突破更待何时，加油[大笑]""",2,26,2024
"""签于全部是唱多的，赶快逃命啊""",2,26,2024
"""今天必然大涨""",2,26,2024
"""兄弟们你看看他担保贷款干的是什么，和大方向非常对，不知道能不能起来，整起来了，我""",2,26,2024
"""你看有没有食欲[大笑]""",2,26,2024
"""从情绪来说，大盘这周的走势不会如上周那么顺利了！不过见调整就是机会！震荡上行是大""",2,26,2024
"""今日放量但是上午没有有效突破，预感最迟明天应该有向上冲击了！站稳760加仓！""",2,26,2024
"""已进底部了，量价齐升""",2,26,2024
"""拿了几天，吃了五个点，走了。太磨叽了。""",2,26,2024
"""要大涨了吗？""",2,26,2024
"""我还在！""",2,26,2024
"""这票从筹码分布看上方获利盘已离开留下的套牢盘并不多，今天起有非控盘东减持，但减持""",2,26,2024
"""反弹最垃圾的股票""",2,26,2024
"""人工智能产业链继续扩散！//@蛰伏SJ :第一时间思考,最近也是走得最好的板块！""",2,26,2024
"""筹码峰己顶格，今明会有涨停""",2,26,2024
"""还有谁！比股牛逼的玩法！""",2,26,2024
"""更新设备，提供融资租赁支持。小市值新力有巨大的空间，三倍创新高或可期。欢迎讨论。""",2,26,2024
"""……""",2,26,2024
"""今天追高的暂时套一下""",2,26,2024
"""7.60跑了！留下的发财！浪费大好行情！""",2,26,2024
"""7.56买入的[捂脸]""",2,26,2024
"""压力山大，还指望涨停吗""",2,26,2024
"""这个庄可以走的太扎实了压力位上当磨磨磨[大笑]可以[坏笑]""",2,26,2024
"""加仓一成，另外两成暂时不动有五个点以上考虑做T，东方精工周五没排到，不开新仓了，""",2,26,2024
"""啥玩意，今天这么好机会做带头大哥，结果被干掉了，仁东又领头羊""",2,26,2024
""".跑来跑去今天去别的地方吃面[叹气]""",2,26,2024
"""九鼎要起来了你拉了""",2,26,2024
"""短线股，风险和收益走极端""",2,26,2024
"""等待回血""",2,26,2024
"""新力金融龙头企业，这票子柚子和机构炒作今年要上400亿市值，股价至少涨到66元，""",2,26,2024
"""这股票和香溢融通简直就是奇葩。你涨我就跌，你跌我就涨。""",2,26,2024
"""爽歪歪了[大笑][大笑]""",2,26,2024
"""冲了""",2,26,2024
"""可能要提前，关注好盘面[大笑]""",2,26,2024
"""天天这么高的换手率""",2,26,2024
"""大家涨你不动，今天你想带头涨，没人跟了，还是下来吧""",2,26,2024
"""此次中央加大设备换新力度，是否会促进公司融资租赁业务的发展？""",2,29,2024
"""气氛都烘托到这里了，没个涨停真的不好意思吧""",2,26,2024
"""今日量能够了！""",2,26,2024
"""从k线看这个位置基本没有压力了！就看整体预期强不强，很容易涨停的[坏笑]""",2,26,2024
"""卖了，白费，下午又要跌回来""",2,26,2024
"""感觉没啥好戏""",2,26,2024
"""十点半听到了吗！咱们拉一下到换手的百分之十！看看那个孩子还装吗？""",2,26,2024
"""7.60真的苟""",2,26,2024
"""早盘减仓深振业，兆日科技，园林股份知行合一，建仓天鹅股份，华斯股份，新力金融。尤""",2,26,2024
"""大盘不好容易被抬走出一部分更安全个人观点勿喷""",2,26,2024
"""新力金融7.59是压力位前期获利的不妨可以先出了一点留住胜利的果实，过不去可以接""",2,26,2024
"""马上涨停，名字起的好""",2,26,2024
"""有没有做龙头想法，就看有没有一鼓作气的勇气了[坏笑]""",2,26,2024
"""我要是庄今天上午就这样不动了，板块也没有跟涨的，让散户们交易，洗出去意志不坚定的""",2,26,2024
"""今天高点已现，大家洗洗睡吧，这货没戏""",2,26,2024
"""小心点，换手够了可能突然涨停[大笑][坏笑][大笑]""",2,26,2024
"""它市值怎么变少了，之前不是200多亿吗""",2,26,2024
"""大金融机会""",2,26,2024
"""龙头回""",2,26,2024
"""机构已跑步进场。""",2,26,2024
"""均价7.40，满仓了2.3694万手，容易满仓了9113手，赌一把，华为借壳新力""",2,26,2024
"""我刚卖掉你就拉[哭][哭]""",2,26,2024
"""今天会开启调整吗？""",2,26,2024
"""转发""",2,26,2024
"""转发""",2,26,2024
"""一直量能很大一直不涨，大概率还得调整杀一下！""",2,26,2024
"""年后开门红，连续5天红盘，看来牛市来了，祝股市长红，点赞的手上股票涨停。关注的手""",2,26,2024
"""$新力金融(SH600318)$""",2,25,2024
"""英伟达老总黄总祖籍也是安徽？会不会帮安徽企业发展壮大？""",2,25,2024
"""不知道被套的拉傻榜有没有开始割肉""",2,25,2024
"""这个票买的自认为没有什么毛病。因为我当时买的考虑的是一个情绪。下跌阶段的一个超跌""",2,25,2024
"""多元金融该补涨了！""",2,25,2024
"""下周会出大阳吗""",2,24,2024
"""他达也的主力9.5进的这么好的行情还在被套你咋不死唉""",2,24,2024
"""不管熊市还是牛市选对板块很重要啊，大盘暴涨8天，每天百股涨停，这垃圾在原地踏步，""",2,24,2024
"""大盘回调就是机会！把握这次大极端后的交易机会！""",2,24,2024
"""下周的主题是3000点保卫战！""",2,24,2024
"""财经委员会第四次会议强调推动新一轮大规模设备更新和消费品以旧换新""",2,24,2024
"""能不能来个涨停看看""",2,24,2024
"""新力金融：连续3日融资净买入累计3648.05万元（02-23）""",2,24,2024
"""每天十几二十的换手率是不是都是同一批人？""",2,24,2024
"""放量滞涨，下周一跌停了[看空][看空][看空]""",2,23,2024
"""海螺水泥总是起个大早，赶个背集！每次总是在高位发减持公告后新力立即死给他看，都几""",2,23,2024
"""支付概念""",2,23,2024
"""昨天高位撤退""",2,23,2024
"""多能耐啊？今天为子公司担保，明天为孙公司担保。后天这个股东减持，明天那个公司套现""",2,23,2024
"""这个公司成长性几乎是零，就是财务状况好，从来不差钱，经常吃个海龙王虾，蓝鲸，鲨鱼""",2,23,2024
"""转发""",2,23,2024
"""转发""",2,23,2024
"""新力金融：公司及控股子公司对外担保总额约5.55亿元""",2,23,2024
"""那些说我模拟盘的看过来，上次17没卖，可惜了""",2,23,2024
"""千炒万炒涨价必炒！寻找可能涨价的行业也是选股的方向之一！""",2,23,2024
"""周一一字板了""",2,23,2024
"""新力金融的股价应该是17元！最近把一个一字弄丢了！下周开始补涨！十三板搞起来！""",2,23,2024
"""目前也算是历史低位区间海螺水泥减持？下周一开始6个月内减持不超过512.72万股""",2,23,2024
"""大哥们天天这么高的换手为什么涨不动？""",2,23,2024
"""新力金融:安徽新力金融股份有限公司关于公司为子公司、孙公司提供担保的公告""",2,23,2024
"""第一时间思考,最近也是走得最好的板块！//@蛰伏SJ :人工智能产业链新的围猎周""",2,23,2024
"""一堆神棍外面几连板觉得位置低这底部涨10个点觉得位置高什么逻辑[摊手][摊手][""",2,23,2024
"""放量滞涨，头部已现，待验证""",2,23,2024
"""$新力金融(SH600318)$""",2,23,2024
"""明天大阳""",2,23,2024
"""这股散户太多了，你想让主力拉，我就呵呵，拿了5天昨天换了仁东是对的，越是业绩差越""",2,23,2024
"""狗量化在里面上去难""",2,23,2024
"""兄弟们感觉如何？大盘是否出乎意料的强势？！人工智能产业链继续扩散，券商板块也蠢蠢""",2,23,2024
"""嗯，昨天走了去了宝塔舒服啊，回来看看还在这里磨牙的兄弟们""",2,23,2024
"""兄弟们，我又来了，10块的兄弟们，顶住啊""",2,23,2024
"""与时间做朋友给它点时间，或许大A真就练就了九阳神功呢[加油]""",2,23,2024
"""这主力太没格局了，一直压盘，这样的主力也赚不了大钱""",2,23,2024
"""下周涨停""",2,23,2024
"""下周来吧！今天就这样了，元宵节快乐！""",2,23,2024
"""没有抱筹动作，没用""",2,23,2024
"""孕线，拿着别动""",2,23,2024
"""你可千万别涨，有点尿性，耗死你""",2,23,2024
"""浪费行情""",2,23,2024
"""天天这么高的换手  估计是量化在搞鬼""",2,23,2024
"""大单进场，直接秒了""",2,23,2024
"""学下仁东啊""",2,23,2024
"""今天高位走了不知道对错""",2,23,2024
"""佩服我连续4天的操作[滴汗]""",2,23,2024
"""可以涨停的，具备条件""",2,23,2024
"""仁东涨停了多元金融开始了""",2,23,2024
"""有大单买入""",2,23,2024
"""给老子拉上去""",2,23,2024
"""冲过7.4我就上车""",2,23,2024
"""起飞了""",2,23,2024
"""快下来不要充大哥了""",2,23,2024
"""起飞吧，上3000了""",2,23,2024
"""这股套了不少碴碴""",2,23,2024
"""蓝瘦香菇""",2,23,2024
"""走了，你可以涨了""",2,23,2024
"""今天鼎还仁东了""",2,23,2024
"""最多是鼎龙的小弟，鼎龙没有上去，它不敢上去，跟中粮是一对难兄难弟[捂脸]""",2,23,2024
"""过了7.36就该拉了""",2,23,2024
"""就快了""",2,23,2024
"""只要过7.36""",2,23,2024
"""大家坚持住""",2,23,2024
"""完美的错过了这一波小牛，你个鳖孙……""",2,23,2024
"""大盘谨慎横盘无热点，新力人气过旺拉涨停""",2,23,2024
"""八天了，反弹不到20%、丢人""",2,23,2024
"""拿了三天，卖了你。得包烟！以为可以得千把块！顶不住了！大好环境几分钱波动""",2,23,2024
"""跌得毫不犹豫，涨得磨磨唧唧。""",2,23,2024
"""唉""",2,23,2024
"""没量""",2,23,2024
"""2点不啦，就拜拜啦""",2,23,2024
"""你踏马不要手续费和税吗？换手这么大，就是不涨跌""",2,23,2024
"""不知道为什么一涨就打压？""",2,23,2024
"""34卖了一大部分了，明显能感觉到主力想它调整，来个大洗盘，留点仓位来抄底""",2,23,2024
"""又和昨天一样量待会越来越大织布""",2,23,2024
"""38上不去我就走了""",2,23,2024
"""冲一波，我好买入""",2,23,2024
"""马上要减持了，还买？？？？""",2,23,2024
"""卧槽，九鼎绿了这孙子居然红着""",2,23,2024
"""兄弟们，不要跑啊，不要害怕！一会涨停""",2,23,2024
"""问董秘：公司自从前年收购比克电池失败后，还有收购的打算不""",2,23,2024
"""行吧，你就在这儿浪吧，我上班去，耗死你""",2,23,2024
"""买了你这玩意太不争气""",2,23,2024
"""大盘冲关它才会飞，不然没戏应该""",2,23,2024
"""这个主力太贪心了，只能等了""",2,23,2024
"""压得越狠，涨的越疯""",2,23,2024
"""虽然只用一毛钱的差价我要给你T出去。""",2,23,2024
"""看图型拉高出货，但又不敢太低又拉，不断重复。是在洗？还是等？再星期分晓！""",2,23,2024
"""纲要""",2,23,2024
"""风险厌恶者的选择！在极端行情下的选择，选择大极端大交易！后面抛出一部分是因为看到""",2,23,2024
"""感觉走的不强""",2,23,2024
"""大家别急，给它点耐心，也应该让自己的心沉下来，让时间成为自己的朋友，既然选择了就""",2,23,2024
"""还不如不要主力，涨的还好一点。主力做空的""",2,23,2024
"""炒股猎人喜欢心中的花开！散户喜欢树上的花开！""",2,23,2024
"""明明是多元金融里换手和成交较大的一个就是压着不涨，我前几天在仁东控股和九鼎投资，""",2,23,2024
"""新力金融就是新质生产力，下午加油""",2,23,2024
"""别的都是回血40点，这个14点，还不敢乱动，唉""",2,23,2024
"""前进！前进！前进！进！""",2,23,2024
"""等待下午的返攻[看多][看多]""",2,23,2024
"""好，下午拉板""",2,23,2024
"""根本买不完的赶脚[捂脸]""",2,23,2024
"""谁在疯狂压盘，一会1.37万手卖盘，一会1.7万手卖盘""",2,23,2024
"""会涨停么？""",2,23,2024
"""行情在3月底，被套小拉撒实力有限，做T，摊成本，""",2,23,2024
"""背后逻辑就是博弈政策！""",2,23,2024
"""上面毫无压力了，你还在墨迹啥，垃圾""",2,23,2024
"""拉几！过了745加仓，过了755猛干，走势真差，三角形突破位死活过不去，今天不上""",2,23,2024
"""这波上来，金融基本还没发力。等一波金融就走。不可能缺了金融吧""",2,23,2024
"""昨天最高38，今天最高又是38，看来这是压力位啊，哈哈""",2,23,2024
"""还是香溢融通和九鼎投资好，弹性大，这辣剂""",2,23,2024
"""成交量巨大啊，都是家人在等偷鸡？我作为家人一份子今天也进来了[笑哭]看着挺唬人的""",2,23,2024
"""那些砸盘的活该亏钱""",2,23,2024
"""到底是哪条狗在卖啊？""",2,23,2024
"""新力今天进来碰碰运气。""",2,23,2024
"""跟上九鼎还有香溢融通，你们是一伙的""",2,23,2024
"""九鼎是龙头，任何时候都值得入。新力只会出货，跟屁虫""",2,23,2024
"""9.3的成本，请问还有解套可能行吗""",2,23,2024
"""这货垃圾，换香溢融通吧。""",2,23,2024
"""一直坚持的原因""",2,23,2024
"""兄弟们冲鸭！一会涨停！""",2,23,2024
"""加仓干""",2,23,2024
"""拉几，你不是号称每天不管杀多深都能追上香溢融通吗？，！！！""",2,23,2024
"""腌割过了吗""",2,23,2024
"""多元金融能轮动一下吗？""",2,23,2024
"""主力表示信雅达爆了资金才能过来""",2,23,2024
"""天天低开高走，今天怎么不这样了，妈的，骗鬼""",2,23,2024
"""损色""",2,23,2024
"""大盘跌你跟着跌大盘涨你不涨你是个什么玩意""",2,23,2024
"""真的不懂，我们这群fei物群体3000点不停买的动机，为什么""",2,23,2024
"""红柱没有出来，拿什么涨！[捂脸]""",2,23,2024
"""大拉萨被套，无力上攻，又不想失去“金融”筹码，估计是做T等消息面配合""",2,23,2024
"""放量滞涨，说明什么？！""",2,23,2024
"""股价是九鼎一半不到，九鼎业绩下滑，新力增长""",2,23,2024
"""买不完，卖不完，根本买不完，卖不完""",2,23,2024
"""出货开始，大跌开始了""",2,23,2024
"""大盘涨不动，大盘跌快速跟上""",2,23,2024
"""为什么这么弱为什么？""",2,23,2024
"""666，真的难""",2,23,2024
"""举报吧，明显量化做空操控股价，3秒钟能砸四五百万，没啥说的，拉几股！""",2,23,2024
"""怪胎！""",2,23,2024
"""有没有这可能是外资主力，估计跟大盘反着做对手盘？""",2,23,2024
"""后市跟随九鼎上行""",2,23,2024
"""3000点上了""",2,23,2024
"""7.3入手两成""",2,23,2024
"""昨天融资盘净买入2千多万""",2,23,2024
"""730开就可以！""",2,23,2024
"""这个股的庄家玩转融通，现在被限制使用了，不会玩了！""",2,23,2024
"""要完犊子，很长一段时间都是ai板块的天下了""",2,23,2024
"""天天巨大交易量，控制不涨，谁懂解释一下！""",2,23,2024
"""港股有跌出了的机会！A股真正企稳后大概率要轮到港股了！""",2,23,2024
"""这轮反弹人工智能板块无疑是最好的板块！这两只机构票涨的也不错！""",2,23,2024
"""新力金融：融资净买入2372.47万元，融资余额2.6亿元（02-22）""",2,23,2024
"""方向错了，除了科技别的票不要碰""",2,23,2024
"""英伟达是整个人工智能产业链上最大的城门立木，昨晚上英伟达暴涨16%！思考短期人工""",2,23,2024
"""连续底部小红K，吸筹还是没资金看上咱也不知道，今天再不大阳就没啥情况了，就知道今""",2,23,2024
"""今天周五""",2,23,2024
"""新质生产力简称新力""",2,23,2024
"""昨天明显是人为控制股价，就是压价赶人走，别的板块大涨，我就是不涨，你走不走，不坚""",2,23,2024
"""都涨他跌，等后面大盘回调才有戏，最近一周没指望，先跑""",2,22,2024
"""绿色金融龙头企业！""",2,22,2024
"""怎么会买了这么个股票，现在出了很多金融方面的新令和新力都沾点边，估计连跌三个交易""",2,22,2024
"""我说下午大量吃筹码。金融领域动作不断强化""",2,22,2024
"""海螺水泥的预披露减持注定又是空欢喜一场！两年前因为发布重大资产重组，新力暴涨至十""",2,22,2024
"""换手200%，有胆跟？""",2,22,2024
"""垃圾，跌比任何票都狠，涨比任何票都弱""",2,22,2024
"""要跌了""",2,22,2024
"""连续涨停风口！！！""",2,22,2024
"""大盘逆子""",2,22,2024
"""转发""",2,22,2024
"""明天微亏损或是微嫌走人。妈的！""",2,22,2024
"""盘面也显示有资金在博弈政策！""",2,22,2024
"""信雅达什么时候开板？新力才会涨""",2,22,2024
"""贷款利率降低，对于新力这种金融公司是绝对不利的！总之，明天看跌，后市也没什么好果""",2,22,2024
"""全市场淡定若平湖的极品→新力金融""",2,22,2024
"""业绩优异盘小金股大盘暴涨臭肉坑？？？？新力金融？？？？""",2,22,2024
"""全市场淡定若平湖的极品→新力金融""",2,22,2024
"""横盘，还要长时间""",2,22,2024
"""海螺年年公告减持，年年又都不减，啥意思？意思如果拉到目标位置就减？""",2,22,2024
"""这只股票今天比较垃圾，不过也许明天就认你高攀不起，今天开盘买入尾盘继续买入，资金""",2,22,2024
"""哎，好多抱怨的，这货不错了，你们看看别的腰斩的再腰斩不少。""",2,22,2024
"""又到了博弈政策的时间段了！回想一下上一轮券商板块好行情是不是在印花税减半的政策出""",2,22,2024
"""金融明天助力大盘冲击3000，大概率了，今天积蓄力量""",2,22,2024
"""明天直接起飞""",2,22,2024
"""新力金融有新质生产力吗新力金融确实具有""新质生产力""。根据金融界的报道，新质生产""",2,22,2024
"""新力金融有新质生产力吗新力金融确实具有""新质生产力""。根据金融界的报道，新质生产""",2,22,2024
"""放量不涨就是跌！明天低开两个点下杀至7元附近！！！""",2,22,2024
"""请教老师一个问题，一个是红色一个是绿色，箭头都向上，它们有什么区别，请老师指点指点""",2,22,2024
"""海螺减持""",2,22,2024
"""7根底部阳线了，筹码夯实的太稳固了，今天成交量异常放大，股价反而没涨，多方炮要准""",2,22,2024
"""下周如果还维持在7之上，跟""",2,22,2024
"""好多票都快涨百分之50左右了吧，别自己骗自己了，还涨停，你去外面闭着眼睛买，那个""",2,22,2024
"""所以今天是不是有3日榜了？这几天换手那么多""",2,22,2024
"""有多大的仇，就是压住不上去。""",2,22,2024
"""明天大跌，尾盘出了[旺柴]""",2,22,2024
"""高换手不涨，还没吓着人。估计还得下一波""",2,22,2024
"""明天一字板，进不来了。""",2,22,2024
"""难怪尾盘抢筹了""",2,22,2024
"""太失望了，我丢弃九鼎，仁东不买，偏偏买了你。""",2,22,2024
"""主力今天成为大a冲击3000的最大绊脚石！首先开盘猛砸，7.10大量左手倒右手(""",2,22,2024
"""今天被量化阻击了！""",2,22,2024
"""明天金融大涨了""",2,22,2024
"""尾盘放量抢筹""",2,22,2024
"""洗，接着洗。不着急""",2,22,2024
"""这垃鸡货真不行""",2,22,2024
"""那几个神棍怎么不说话了[旺柴][旺柴]还一定低走""",2,22,2024
"""年后开门红，连续回血，继续加油。点赞的手上股票涨停，关注的手上股票翻倍[看多]""",2,22,2024
"""连续几天大成交量，滞长，真心看不懂，有没有老铁说一下这是什么情况吗？""",2,22,2024
"""明天跟随九鼎上行""",2,22,2024
"""……""",2,22,2024
"""的一帮人""",2,22,2024
"""是有人吸筹吗""",2,22,2024
"""大好的行情持有你的人看着都难受，轮动也轮不到你[晕][晕][困顿][困顿][困顿""",2,22,2024
"""这个尾盘有意思，666啊。成交量这么大，居然原地踏步。""",2,22,2024
"""这么量大的仙股，左手倒右手""",2,22,2024
"""明天是普跌的一天""",2,22,2024
"""你能收绿盘你牛逼，举报去了，明显操控股价，没有利空，小盘股，超跌，巨量压单，董秘""",2,22,2024
"""缩量回踩等待5日线上移，健康走势，不错的""",2,22,2024
"""这么多卖单在这里神仙来了也涨不了啊，36计走为上计""",2,22,2024
"""我算是发现了，这票可能容不下我，就在我成本线上上蹿下跳，本来还打算今天冲高t一下""",2,22,2024
"""这股成交异常，太大量了，有人貌似砸盘拿筹码还券，要不今天这成交异常早上去了。""",2,22,2024
"""怒涨一分""",2,22,2024
"""尾盘拉升""",2,22,2024
"""自选股里唯一一只绿的就它""",2,22,2024
"""这票走的气死人了""",2,22,2024
"""主力扑街了吗？""",2,22,2024
"""你牛低开2个点，阿门！""",2,22,2024
"""擦你m，做了个倒t！7.17卖了，7.28追回来结果又被套了？？？？""",2,22,2024
"""为什么一直压盘不让涨？""",2,22,2024
"""这是卖公司吧，稍微涨一下，大单哗哗哗的就砸""",2,22,2024
"""什么鸡毛玩意儿啊""",2,22,2024
"""我清仓了，主力你可以拉了""",2,22,2024
"""哑巴吃黄连，有苦说不出[抓狂][抓狂][抓狂]""",2,22,2024
"""看看外面，都涨疯了，只有多元金融这边不涨，浪费时间""",2,22,2024
"""量化早盘尾盘是不允许砸的""",2,22,2024
"""我不服，尾盘我买回来，气主力""",2,22,2024
"""每天这么大的换手和成交量，是哪来的，主力舍得在这么低的位置出货，我肯定是不信的，""",2,22,2024
"""抢筹了""",2,22,2024
"""恐怖的卖家""",2,22,2024
"""想回调了，先闪人。""",2,22,2024
"""真稳，全天一分钱上下跳[捂脸][捂脸][捂脸]""",2,22,2024
"""九鼎已经涨4个多点了""",2,22,2024
"""废了，浪费行情""",2,22,2024
"""5点卖了中贝通信，买的他，罢了""",2,22,2024
"""我发起了一个投票""",2,22,2024
"""怎么说[哭][哭][哭]""",2,22,2024
"""买股还是要买龙头，看看九鼎""",2,22,2024
"""可能不是主力行为，主力上次挺利索的""",2,22,2024
"""弱死了，擦""",2,22,2024
"""从资金上来看，下午主力在吸筹？""",2,22,2024
"""放心吧，今天是不会红的，绝对的~""",2,22,2024
"""抓紧买入""",2,22,2024
"""九鼎已经开拉""",2,22,2024
"""2月26日，中国人民银行召开做好金融五篇大文章工作座谈会，贯彻落实中央金融工作会""",2,22,2024
"""随便买都比你强，别在这里浪费时间了""",2,22,2024
"""我考虑两点零七分发射[献花][献花][献花][献花][献花][献花]""",2,22,2024
"""他码得主力大盘涨风她不带动的我走你们玩""",2,22,2024
"""量不够""",2,22,2024
"""上方压单太恐怖了！""",2,22,2024
"""转发""",2,22,2024
"""2.10左右""",2,22,2024
"""真是厉害！真棒！2024冠军票！[下跌][下跌][下跌]""",2,22,2024
"""十多个点换手率，没涨也没跌，真牛""",2,22,2024
"""平安东财又红了，这是上是下真不好选择[捂脸]""",2,22,2024
"""抛压有点大获利盘太多""",2,22,2024
"""每天成交量不少，但滞涨，明显是出货。""",2,22,2024
"""马上穿云箭大家注意""",2,22,2024
"""毫无骨气""",2,22,2024
"""为啥都说新力不好呢？不是已经回来了吗，有没有可能是你太贪心了，只看到外面涨得快的""",2,22,2024
"""对不起，我的错[旺柴]""",2,22,2024
"""删自选，不行了""",2,22,2024
"""工业富联换你你涨停好不好""",2,22,2024
"""连涨6天，也没谁了！""",2,22,2024
"""1月26就提示风险，很多人不听。这次行情主线依然是人工智能！""",2,22,2024
"""现阶段影响大盘走势的主要矛盾是什么？""",2,22,2024
"""这250主力，我每次唱多就跌下来了给我吃股。真爽""",2,22,2024
"""这么高的换手股价上不来 小心了""",2,22,2024
"""该回调了""",2,22,2024
"""上次作妖，7.1。这次大概率亦如是""",2,22,2024
"""上压下托高度控盘，有钱人的游戏""",2,22,2024
"""感觉没啥戏了，今天，跑的早点也算赢吧[笑哭]""",2,22,2024
"""太过分了吧""",2,22,2024
"""严重超跌，没有补涨的股，是谁？""",2,22,2024
"""提前恭喜在里面的，我割肉的票肯定一飞冲天[哭]""",2,22,2024
"""能不能下来，让我再买回来[微笑]""",2,22,2024
"""总有你发力的时候！""",2,22,2024
"""感觉今天有暴涨可能性""",2,22,2024
"""这波金融你跌的最多，涨的最少[捂脸][捂脸][捂脸]""",2,22,2024
"""低吸了""",2,22,2024
"""有这么气人的吗，一卖就爆拉[捂脸]""",2,22,2024
"""量化高抛低吸玩的溜啊，我们应该学习而不是排斥""",2,22,2024
"""我刚卖了，他就拉起来了""",2,22,2024
"""主力已经走了""",2,22,2024
"""太狗了，一挂单就秒吃，有本事你今天涨，气死我？""",2,22,2024
"""回调一周后再战斗吧""",2,22,2024
"""完了，护盘结束了""",2,22,2024
"""空头狗大本营这里""",2,22,2024
"""大好的行情浪费在这里，真的是可惜啊""",2,22,2024
"""简直就是笑话""",2,22,2024
"""我已经清仓，你可以涨了[怒]""",2,22,2024
"""反弹这么多天，能过20换手都还拉不起来的根本找不到几个，买不完根本买不完，主打的""",2,22,2024
"""我去，轻仓先观望""",2,22,2024
"""走势太弱了，大盘反弹多少天了，一点动静都没有。""",2,22,2024
"""是真的菜[哭][哭][哭]""",2,22,2024
"""这股2月26日开始，有大规模减持，，，快跑啊，，，""",2,22,2024
"""连红第7天，快跑！""",2,22,2024
"""竞价跑了草""",2,22,2024
"""今天必须回调，天王老子都挡不住""",2,22,2024
"""跑""",2,22,2024
"""这就对了，先下来回踩5日线再说""",2,22,2024
"""我挂7.36出货，想赚钱，先保本""",2,22,2024
"""要大跌了吗""",2,22,2024
"""转发""",2,22,2024
"""7元以下再也买不到了""",2,22,2024
"""今日高开妙婷！鉴定完毕""",2,22,2024
"""小金融去看看平安银行的大气磅礴""",2,22,2024
"""新力金融：融资净买入214.68万元，融资余额2.36亿元（02-21）""",2,22,2024
"""再蹬就要到地地下室了，要跳越60天线，才能冲刺""",2,22,2024
"""新力需要一次象样的下蹲。鉴定完毕[献花][献花][献花][献花][献花][献花]""",2,22,2024
"""赚的手抽筋，低于均线，大甩卖！还给[主力][爱心][赞]""",2,22,2024
"""新力是多空较劲互不相让可暂时不看，不然会耽搁一波3000点赚钱行情，没有说是持这""",2,22,2024
"""8年赚7.8元9个月赚0.67元净资产+拨备14.34元,跌了9年贱买2.5港元""",2,21,2024
"""感觉之前主力没有出完货，现在继续震荡派发出货""",2,21,2024
"""感觉控盘控的很稳，收盘稳稳在黄线上，是不是也是量化操作？主力今天净流入五千万左右""",2,21,2024
"""年后开门红，今天盈利小1万，继续加油，点赞的手上股票涨停，关注的手上股票翻倍！[""",2,21,2024
"""7.77%出了，我明天再回来。""",2,21,2024
"""连续两天仙人指路，明天或许高开涨停。多元金融龙头或许横空出世！""",2,21,2024
"""主力跑了股票就是可怜，连一个像样的反弹都没有！""",2,21,2024
"""这货估计是两市反弹最少的十个个股之一！""",2,21,2024
"""持有六天，今天暂时落袋为安。""",2,21,2024
"""K线走的完美，但也许是坑""",2,21,2024
"""好多天小红柱了，要能来几条绿柱就好（主力思维），多洗掉套牢盘，让承压更少，为此扶""",2,21,2024
"""挺好的票被你们骂，唉""",2,21,2024
"""9.2的本希望月底前能回本""",2,21,2024
"""冲冲冲，大金融时代""",2,21,2024
"""今天早晨水下买入的，拉升起来T出去了，明天看看有没有机会，反正现在是底部区域，小""",2,21,2024
"""从筹码来看，新力底部筹码集中，优于九鼎，应该有一波行情""",2,21,2024
"""还行吧""",2,21,2024
"""7.40元进了全仓，赶情赶上了一波岗！""",2,21,2024
"""肉眼可见的回调，大盘回调，板块回调，放量滞涨，明天一样回调[笑哭][笑哭][笑哭""",2,21,2024
"""$新力金融(SH600318)$""",2,21,2024
"""天天涨也行啊""",2,21,2024
"""放量滞涨，大家觉得后市该怎么操作[为什么]""",2,21,2024
"""兄弟们我还在！不要急，择机加仓（1.突然大跌考虑加仓2.突然强势涨停且收盘继续涨""",2,21,2024
"""感觉一堆人脑子都没有动不动就跌停涨停了没看见外面跌成啥样这还算抗跌的了[捂脸][""",2,21,2024
"""完了……短期头部了……明天估计跌停""",2,21,2024
"""祝你们明天发大财，先走了[微笑][微笑]""",2,21,2024
"""明天估计要下跌！""",2,21,2024
"""明天大盘回落，这票更危险，丢人""",2,21,2024
"""现在不跑，更待何时""",2,21,2024
"""完了，入套在高位""",2,21,2024
"""不跑又要赔钱""",2,21,2024
"""垃圾时间，主力在出货""",2,21,2024
"""7.5压单500万妈的""",2,21,2024
"""主力资金急拉慢跌在出货！""",2,21,2024
"""等回调再来吧，可以离场了""",2,21,2024
"""空头太强了，买不完，根本买不完，明天绝对要闷杀今天7.4这批资金，还得割肉还给主""",2,21,2024
"""最后来个拉升，明天低开，主力这老六！""",2,21,2024
"""海螺在出货了吧，这么大的抛压""",2,21,2024
"""完犊子了，起不来""",2,21,2024
"""尾盘一个跳水，锁住今天多头""",2,21,2024
"""明天会否低开低走？""",2,21,2024
"""这几毛的T是谁在做？""",2,21,2024
"""主力，我尽力了，封板靠你了""",2,21,2024
"""拉出辨识度""",2,21,2024
"""盘中全是急拉下来急拉下来，主力在做T""",2,21,2024
"""能让你想出来就说明还会上""",2,21,2024
"""这换手率这成交量？""",2,21,2024
"""目前这个局面只有万手哥才能解决""",2,21,2024
"""6.88买的请出来，有奖励""",2,21,2024
"""要回调了""",2,21,2024
"""服了这个老6。。到5下来，到3上去。。来来回回。。。""",2,21,2024
"""你是头目""",2,21,2024
"""点火就砸，上不去""",2,21,2024
"""大盘跳水，阿弥陀佛""",2,21,2024
"""了""",2,21,2024
"""怎么看""",2,21,2024
"""明天全部套牢。""",2,21,2024
"""争做龙头""",2,21,2024
"""数次点火，上不去""",2,21,2024
"""不对劲""",2,21,2024
"""反弹太弱不玩了等回调再来了""",2,21,2024
"""这么小的盘子，这么高的换手率，成交这么多，怎么就是涨不起来呢，难道主力一直在做T""",2,21,2024
"""六个多亿成交都只拉了三个点，股东都在卖公司""",2,21,2024
"""量化的牺牲品""",2,21,2024
"""跑路喽""",2,21,2024
"""压着不让涨""",2,21,2024
"""垃圾""",2,21,2024
"""回落了，快跑""",2,21,2024
"""想跑又怕跑飞了""",2,21,2024
"""这老庄就是压着不让涨""",2,21,2024
"""连涨了6天，有敢追涨的？""",2,21,2024
"""今天还有高点，冲击，站稳60日线""",2,21,2024
"""我赌今天涨停！""",2,21,2024
"""大资金不断涌入，明天涨停。""",2,21,2024
"""诱多""",2,21,2024
"""过高点即可参与！""",2,21,2024
"""软脚蟹一只""",2,21,2024
"""卖了就拉，""",2,21,2024
"""建议有关部门查查这个股和公司，和国家大金融战略做对，和人民希望做多股市做对，是个""",2,21,2024
"""抓紧走，换股""",2,21,2024
"""尊敬的董秘：你好，海螺水泥已经减持股份完毕了？一共2600万股，贵司大股东有无接""",2,29,2024
"""踏马的出货出的真爽""",2,21,2024
"""走吧！趁红盘！""",2,21,2024
"""这个苟缺，年前拉高那一波出货套了很多人，主力跑了，现在不会去解放上面的散户的，还""",2,21,2024
"""大盘这么好不跟恶庄""",2,21,2024
"""上冲乏力，明天洗盘。""",2,21,2024
"""先破8，再破10，上到16""",2,21,2024
"""大盘都涨疯了，""",2,21,2024
"""龙年这几天股市常虹，今天又是普涨，就等3000点以后看看出海归来谁没有穿裤子了[""",2,21,2024
"""干上去，继续做龙头""",2,21,2024
"""感谢新力，6.15那天满仓了，昨天723跑了赚14个点，移仓宁德时代，不是不看好""",2,21,2024
"""A股市场实战经验贴！在市场最悲观的时刻给出的交易策略！现阶段极端已经结束！超配的""",2,21,2024
"""买，明天涨停。""",2,21,2024
"""比较熟悉的票做起来就是比较顺手！""",2,21,2024
"""券商板块是好行情的风向标！再次验证了这个规律！""",2,21,2024
"""去卡九鼎啊你就变龙头了""",2,21,2024
"""龙头炸板了，更没戏了""",2,21,2024
"""太弱了，别指望""",2,21,2024
"""7.55的本你拉到7.54不拉了？[怒][怒][怒]""",2,21,2024
"""换了宁德时代！！！看看今天谁的涨幅大[大笑][大笑][大笑]""",2,21,2024
"""新力是小跟风，没自立能力。""",2,21,2024
"""7.6-7.9直接就跑""",2,21,2024
"""$新力金融(SH600318)$""",2,21,2024
"""$新力金融(SH600318)$""",2,21,2024
"""短差仓位，收工收工[主力][爱心][赞]""",2,21,2024
"""九鼎投资已涨停，巨单跟进。""",2,21,2024
"""卖飞了""",2,21,2024
"""再玩我是狗""",2,21,2024
"""一般般""",2,21,2024
"""平安银行竞然涨停！""",2,21,2024
"""7.29卖出去了就大涨了，幸亏7.16逢低买入！""",2,21,2024
"""金融大涨，平安银行巳涨停，跟进。""",2,21,2024
"""小跟班""",2,21,2024
"""要涨停""",2,21,2024
"""这货现在是跟风九鼎，在这个票里面的要不就换票九鼎，要不就关注九鼎走势来操作""",2,21,2024
"""卖不完，根本卖不完，都谁啊！""",2,21,2024
"""全面翻红，目前以及形成逼空的态势了，金融三大胖联手拉指数，特别是银行，已经跳着向""",2,21,2024
"""尊敬的董秘：你好，请问截止目前贵司的股东人数是多少，谢谢""",2,29,2024
"""今天把金融两字遮起来吧""",2,21,2024
"""破5天线割肉""",2,21,2024
"""起来，板一个""",2,21,2024
"""出掉九鼎换新力，期待来一波""",2,21,2024
"""垃圾货色""",2,21,2024
"""不跟大盘啊你""",2,21,2024
"""跑啊""",2,21,2024
"""几万手压单？""",2,21,2024
"""新力会超九鼎成下阶段龙头吗？""",2,21,2024
"""一直往上拉""",2,21,2024
"""那个大户人傻钱多""",2,21,2024
"""新力华金真俩难兄难弟""",2,21,2024
"""新力图形美如画！赶紧冲鸭！""",2,21,2024
"""我昨天尾盘买入，割肉你就红，我们有仇吗？""",2,21,2024
"""只做龙头""",2,21,2024
"""快跑快跑快跑快跑快跑""",2,21,2024
"""太精彩了，跑！""",2,21,2024
"""不用管他涨或者跌3月一号你在看或者给你一个惊喜""",2,21,2024
"""5个点吧，蚊子腿也是肉，多谢小猪力根根们""",2,21,2024
"""跟风股永远不行""",2,21,2024
"""今天会跌停""",2,21,2024
"""转发""",2,21,2024
"""gogogo""",2,21,2024
"""转发""",2,21,2024
"""转发""",2,21,2024
"""转发""",2,21,2024
"""昨天回本卖了，留几手底仓，陪你到十块再清！我要用资金去解套其他的股了！""",2,21,2024
"""新力金融：融资净偿还124.36万元，融资余额2.34亿元（02-20）""",2,21,2024
"""转发""",2,21,2024
"""转发""",2,21,2024
"""9.6成本，回本无望了""",2,21,2024
"""连夜挂涨停出，合适吗？""",2,21,2024
"""先看8.5，三月底前！""",2,20,2024
"""打算最少持仓一周新力！""",2,20,2024
"""有希望吗？！""",2,20,2024
"""14.38T到8.58了""",2,20,2024
"""人气排名110[赞][赞][赞]股价排名负前列？？？""",2,20,2024
"""这股走势真逆天！""",2,20,2024
"""去年业绩总体损损？""",2,20,2024
"""盘中小作文刺激了下，明天继续大幅度下沙""",2,20,2024
"""尾盘抛出不少，明天可能大幅低开，到时抓紧进货。""",2,20,2024
"""短时间估计很难上去了，资金做多意愿不强！估计都得震到被套的自己跑""",2,20,2024
"""9.5元的还在吗老铁""",2,20,2024
"""明天不会跌停吧""",2,20,2024
"""一唱多就跌，真烦""",2,20,2024
"""上涨乏力要回调了""",2,20,2024
"""今天高点清仓，明天低开接回来[憨笑]""",2,20,2024
"""明天大概率应该涨停""",2,20,2024
"""这就是一个""",2,20,2024
"""昨天买九鼎今天涨停，下午以为你也会涨停冲进去了，不过不担心，最近还有高点""",2,20,2024
"""成交量很大为何股价不大涨？""",2,20,2024
"""7.3清仓处理了！""",2,20,2024
"""如此成交量，不跟待何时？""",2,20,2024
"""今天6.78买入的明天给不给肉看看主力吧""",2,20,2024
"""明日剑指7块8毛2！[上涨][上涨][上涨]""",2,20,2024
"""不强势涨停就不出手了！""",2,20,2024
"""盲猜明天开盘多少钱？""",2,20,2024
"""买回7.35跑的仓位，明天继续跑！""",2,20,2024
"""我的哥哥呀，你玩的太溜了，明天到7.8吧""",2,20,2024
"""谁做空新力金融赚大钱的？？？""",2,20,2024
"""$新力金融(SH600318)$""",2,20,2024
"""还玩跳水啊！小心淹死""",2,20,2024
"""今天套了一批追高的，明天有点不妙啊[大哭][大哭][大哭]""",2,20,2024
"""又套了一批。这家不是人。""",2,20,2024
"""主力没格局，股性太差""",2,20,2024
"""太废了，玩不成""",2,20,2024
"""g了哈哈""",2,20,2024
"""8.66何时能到""",2,20,2024
"""真烂""",2,20,2024
"""不断有人打压怎么可能拉上去""",2,20,2024
"""庄家还在打压，为什么？""",2,20,2024
"""卖飞了，靠""",2,20,2024
"""多元金融大板块回到800点再卖""",2,20,2024
"""回落了""",2,20,2024
"""废了，拉升失败""",2,20,2024
"""今天80%的机率偷袭涨停[微笑]""",2,20,2024
"""60日线压力线。明天冲不上，定然回调，""",2,20,2024
"""没实力只能尾盘涨停[摊手]""",2,20,2024
"""能不能去把缺口补了""",2,20,2024
"""一会两点半我来封板，兄弟们给点力别砸我[得意]""",2,20,2024
"""中粮没封住，新力上啊！抢龙二！！！！！！""",2,20,2024
"""一群，还说做梦涨停！不懂别乱评论，菜鸡，你不是韭菜谁是""",2,20,2024
"""这波下跌跌的最多，涨的最少就是你了，一次都不敢上去涨停""",2,20,2024
"""中粮卡位了""",2,20,2024
"""还是比较弱啊""",2,20,2024
"""九鼎和新力，选了你，哎[好困惑]""",2,20,2024
"""这股庄家不强大，散户太多，只是一个跟风股。""",2,20,2024
"""我天天买，天天发，服不服？还不服再买！""",2,20,2024
"""泄啦[憨笑]""",2,20,2024
"""说了买你没买亏大了""",2,20,2024
"""我就怎么厉害""",2,20,2024
"""赶紧清盘""",2,20,2024
"""打算卖，发现昨天买的没成交无语了""",2,20,2024
"""做个人冲个板吧""",2,20,2024
"""涨停了[微笑][微笑][微笑][微笑][微笑]""",2,20,2024
"""赶紧把，还有14个点""",2,20,2024
"""一卖他就涨""",2,20,2024
"""卖了就涨，买了就跌。。。。。""",2,20,2024
"""板了""",2,20,2024
"""要涨停了""",2,20,2024
"""太磨人了""",2,20,2024
"""收工，吃了接近十个点""",2,20,2024
"""追高必杀！""",2,20,2024
"""7.17清仓，感谢，我就知道大盘不行，金融肯定有看头，就多留了会儿，不错，这是我""",2,20,2024
"""这是还是我们熟悉的阿力嘛""",2,20,2024
"""兄弟们10.1的本还有希望回来吗""",2,20,2024
"""压不住的，破7就一瞬间""",2,20,2024
"""请问贵公司有那个stro好像是这样拼的，不知道对不对。百万封单干起来""",2,20,2024
"""主力不行，能力不够。""",2,20,2024
"""这个时间段券商会是好的行情风向标！""",2,20,2024
"""极端时刻就是好的投资时刻！""",2,20,2024
"""我去，这重大利好！下午总得涨停了吧？""",2,20,2024
"""差不多了还有22点的利润，准备好了吗""",2,20,2024
"""这次只建立了底仓（在场内投资者比较恐慌的时刻买入的），主要目的还是保持对该股的关""",2,20,2024
"""不知不觉已涨了40%以上了！人工智能产业链上上的城门立木股之一！""",2,20,2024
"""继续跟踪人工智能产业链上的城门立木股！由OpenAI发布的sora模型引发的炒作""",2,20,2024
"""今天刚进，各位主力求放过""",2,20,2024
"""出货，鉴定完毕""",2,20,2024
"""每天低开修复""",2,20,2024
"""不好，今天要涨停了""",2,20,2024
"""6.95卖了，不错，在你身上算没亏""",2,20,2024
"""买回来博个反弹，5-10个点就出""",2,20,2024
"""今日高点已现该干嘛干嘛去了""",2,20,2024
"""我天天买，天天发，那些说发图不行的，看你能怎么样[奸笑]不是说不能发图，主力看到""",2,20,2024
"""新质生产力简称新力""",2,20,2024
"""3%，比预期高出1%，[主力][赞]""",2,20,2024
"""我又来了，小猪力根""",2,20,2024
"""先撤了，没多大戏""",2,20,2024
"""8元成本套牢，早知道割肉换别的了""",2,20,2024
"""终于要涨停了！！！[微笑][微笑][微笑]也还能接受""",2,20,2024
"""每天出货不停，难怪跌了50几个点，最后反弹2天加起来4个点""",2,20,2024
"""我继续买，天天买，天天发，看你能咋的[奸笑]""",2,20,2024
"""来吧，今天搞这个！等卖出""",2,20,2024
"""动不动就水下""",2,20,2024
"""来了特大利好突发""",2,20,2024
"""技术层面反抽中，周线级别调整还要破两次新低才会反转。""",2,20,2024
"""@@@@@等着先别涨，等我出来了我会回来的""",2,20,2024
"""转发""",2,20,2024
"""新力金融：融资净买入1752.38万元，融资余额2.35亿元（02-19）""",2,20,2024
"""转发""",2,20,2024
"""垃圾，大集都二个涨停了""",2,19,2024
"""尾盘20W，明天有2%以上甩出机会？""",2,19,2024
"""至少应该可以涨停板两个吧""",2,19,2024
"""明天看来又要跌了，真吃不消这庸股。""",2,19,2024
"""随便哪个这五个交易日都反抽了15个点！唯独这[摊手][摊手][摊手]""",2,19,2024
"""人工智能产业链上的机构股代表的两个股今天的表现都不错！""",2,19,2024
"""9.2的本，3月前能不能回本。就看这一波了""",2,19,2024
"""明天收盘744估计稳了。祝贺上车的小伙伴""",2,19,2024
"""人工智能产业链新的围猎周期开启了吗？""",2,19,2024
"""明天跳空高开带领大盘突破3000""",2,19,2024
"""新力金融在这个区间还有这么大的成交量这是我没想到的。按照以往的走势规律大概率是价""",2,19,2024
"""这股谁在玩.换手那么高[为什么]""",2,19,2024
"""我猜""",2,19,2024
"""买入，看来有戏""",2,19,2024
"""新质生产力的代言""",2,19,2024
"""明天还得水下""",2,19,2024
"""一看比较强势啦，买点试错，主力给个机会，搞上去""",2,19,2024
"""呼叫万手哥！""",2,19,2024
"""主力净流入又变负的了""",2,19,2024
"""转发""",2,19,2024
"""做个人吧""",2,19,2024
"""割了，留下的都回本，太浪费时间""",2,19,2024
"""下午多元金融必拉起来，新生力金融。""",2,19,2024
"""现在比的是耐心！心仪价格出现时可战略建仓！//@蛰伏SJ :平稳期看见心仪价格可""",2,19,2024
"""今天放量了，关注吧，总是还是弱，科技股领涨，金融没资金关注""",2,19,2024
"""早盘还来这一出，下午有高点继续卖""",2,19,2024
"""互相金融，国改掘起，跟进。领头中海油奔涨停。中石油暴涨。""",2,19,2024
"""站上7.00下午必涨停板，拭目以待吧！""",2,19,2024
"""下午大概率涨停了[大笑][大笑][大笑]明天央妈放水喽""",2,19,2024
"""尊敬的董秘：你好，贵司持有976.9万股退辅仁药业，是如何取得的？质押的？还是原""",2,29,2024
"""7.5的本周能解套吗""",2,19,2024
"""海螺水泥可以减持了，涨不起来了""",2,19,2024
"""哪有接盘，都捡筹码，一字板拉。""",2,19,2024
"""拉萨被套太深，估计要T三个月。""",2,19,2024
"""没戏了""",2,19,2024
"""多模态板块涨十个点！真踏空""",2,19,2024
"""一追就死，亘古不变。新力大逃亡""",2,19,2024
"""能不能站稳6.8很关键""",2,19,2024
"""6.35买入，希望明天能安全出去""",2,19,2024
"""突破箱体，但是别乱追，主力似乎实力不强，反弹可能不如外面大部分股多[想一下]""",2,19,2024
"""不管别人怎么说，我一直坚信你！！""",2,19,2024
"""新质生产力简称新力快上呀兄弟们""",2,19,2024
"""温馨提示，别乱追[想一下]""",2,19,2024
"""服气吗？我天天发，空狗军投降吧！""",2,19,2024
"""我始终相信你一会就是老大！""",2,19,2024
"""中信不行，你就是中国金融风向标！等你起飞救股民于水火""",2,19,2024
"""大盘似乎要开始回调，你们觉得应不应该先撤[想一下]""",2,19,2024
"""涨涨涨涨""",2,19,2024
"""躺平，反正本来今天预期就是继续盘整[傲][想一下]""",2,19,2024
"""8元多可以躺平了""",2,19,2024
"""早上这下洗的真不错啊！""",2,19,2024
"""不动如山，我可不是普通的青铜小散[傲]是白银小散[俏皮]""",2,19,2024
"""割肉走人，你自己慢慢磨吧！""",2,19,2024
"""实时直播，买到空狗军绝望，买买买，来啊[奸笑]""",2,19,2024
"""碰见唱多的就抓紧跑，一点毛病没有""",2,19,2024
"""我继续买，是不是以为走了，想多了，天天发，看你能怎么样[奸笑]""",2,19,2024
"""希望收小红十字星[想一下]""",2,19,2024
"""9块多买的还在呢""",2,19,2024
"""转发""",2,19,2024
"""今天2月19日    周一  有望上涨板块及强势个股，建议大家收藏研究！""",2,19,2024
"""转发""",2,19,2024
"""$新力金融(SH600318)$""",2,18,2024
"""为什么不好融资买？""",2,18,2024
"""明天补跌啦，危险危险""",2,18,2024
"""服了，庄家大佬！我躺平啦10.28元满仓买入28100股，TTT……，现剩下18""",2,18,2024
"""服了，庄家大佬！我躺平啦10.28元满仓买入28100股，TTT……，现存188""",2,18,2024
"""服了，庄家大佬！我躺平啦10.28元满仓买入28100股，TTT……，现存188""",2,18,2024
"""金融出利好，明天大金融起飞""",2,18,2024
"""大盘暴涨都只横盘，你们还在期待什么？期待大盘调整，它大涨？""",2,18,2024
"""真的想骂人了，8元买的还说能不能解套，你是来搞笑的吗？""",2,18,2024
"""2024年新力再度打开长线布局窗口，启动第8次长线潜伏！""",2,18,2024
"""8元以上的本短期就不要想解套了""",2,18,2024
"""真心祝大家新年第一天收获第一个涨停，我7块9的本[想一下]""",2,18,2024
"""新力前期可能是有资金介入，节前8根K线，形成两个平台，说明人气较旺，但是介入资金""",2,18,2024
"""再好的行情也就是横盘""",2,17,2024
"""1.18-2.05放量换手，拉萨出逃，需要补跌""",2,17,2024
"""顶""",2,17,2024
"""新力拳击馆大热，新力金融怎么样？""",2,17,2024
"""买的什么破，别的股票回来百分之二三十了，你一动不动。""",2,17,2024
"""公司能不能买个保险公司，扩张一下业务范围""",2,16,2024
"""周一一字板""",2,16,2024
"""跌停""",2,15,2024
"""下周一应该要跌停了""",2,15,2024
"""跌停""",2,15,2024
"""为什么第三大股东张敬红每次都能精准逃顶？就是光大证券上海市淮海中路席位。大家看前""",2,15,2024
"""还天天唱多呢，过年都赌不上，你的嘴，还涨停，为啥能涨停，因为你说了？无脑无质量的""",2,14,2024
"""涨停""",2,14,2024
"""《热辣滚烫》新力健身房概念，新力金融""",2,14,2024
"""天天外面都涨，难受不兄弟们？""",2,13,2024
"""各位大神9.3本钱今年能够回本吗？""",2,13,2024
"""开盘五个涨停""",2,13,2024
"""重新出发""",2,13,2024
"""这b，一有唱多的就跌停，次次都是！！！""",2,11,2024
"""7.18的本，能解套吗？""",2,11,2024
"""举报这个，违规融券""",2,11,2024
"""恶意做空的老鼠仓注意了，徐翔就是你的明天，等着吃牢饭吧""",2,11,2024
"""微盘股只能极端交易！超跌反弹后分化是必然，大部分无人问津是大概率事件！小部分微盘""",2,11,2024
"""这个走势开盘如果是低开果断走""",2,11,2024
"""新力快跌下来，俺在六元拿1千万等你来""",2,10,2024
"""年后五连板？？""",2,10,2024
"""新总，力总，金总，融总。小弟来给你拜年了，祝你新的一年一路高歌，带领儿臣们走向致""",2,10,2024
"""想啥连板呢，能涨停立马出，除非缩量一字板[俏皮]""",2,10,2024
"""这贷款，要起飞了""",2,10,2024
"""农历新年开盘后连续三个涨停板，2月底前17元！""",2,10,2024
"""主力新年快乐，万事如意。大家都来给主力拜年了，一个拜年一个涨停，看看新力年后能有""",2,9,2024
"""年后第一天交易日希望收小振幅十字星[俏皮]""",2,9,2024
"""新力金融还有机会不""",2,9,2024
"""沉住气，新力的空头势力也释放的差不多了。年后必然是金融打头阵，科技会要整理一段时""",2,9,2024
"""2月能回到8块么？""",2,9,2024
"""任重而道远[想一下]""",2,9,2024
"""还是要及时调仓换股，象新力金融这种杂毛股要及时丢弃。现在行情稍纵即逝，等不及了，""",2,9,2024
"""朋友1月份亏了差不多7万，2月份这几天回血3万多，我买新力金融这逼玩意儿，2月份""",2,9,2024
"""量缩了但成交量还是很大！需要等成交量跌破1亿以下？场内持筹者心态开始有些变化了，""",2,9,2024
"""这股短时间是废了，别股大部分昨天都是十个点的反弹，你看看你！""",2,9,2024
"""跌的时候是供销社，涨的时候不是。""",2,9,2024
"""股市，没有绝对永久的股神，但在某一段时间内，会有相对做得很好的股神。唯有与时俱进""",2,9,2024
"""年后吃肉""",2,8,2024
"""为什么这货没涨多少但是有300多的人气？""",2,8,2024
"""6.6卖了这个坑货，虽然在这赚到钱了，但是严重跑不过大盘，导致收益只有鸡碎这么多""",2,8,2024
"""这货真不是东西，错过了全部。""",2,8,2024
"""技术面六号的上引线肯定还是要补掉的，能突破的话可以适当加仓""",2,8,2024
"""烂成啥样子了，这涨幅跟的是什么指数，微盘股还不含他。""",2,8,2024
"""尾盘加仓一手试试手气呵呵！""",2,8,2024
"""后面继续跌吧，还亏-3.2%""",2,8,2024
"""这股浪费了反弹大好行情。行情好的时候不挣就是赔。唉！""",2,8,2024
"""看月线一波已过去，等恢复两个月元气在涨吧""",2,8,2024
"""跌的时候是小盘股，涨得时候是大盘股""",2,8,2024
"""既然新力有一点，不强势那也没办法，多少抠一点算一点。""",2,8,2024
"""其实就是120分钟macd没到位，目测节后第一天洗盘指标背驰，第二天拉升上攻""",2,8,2024
"""你它nn的，股票都大涨，就不涨，果断解套出局了，买了别的股票大涨十几个点""",2,8,2024
"""年后补涨""",2,8,2024
"""早上随便买个跌停的都比你强太多，跌停的都翻红了，你tnd还套我10几个点，换个跌""",2,8,2024
"""节后就给你卖了""",2,8,2024
"""耻辱啊[摊手][摊手][摊手]三千多涨超5个点，格局了这个玩意[摊手][摊手][""",2,8,2024
"""浪费感情，大盘涨二百多点，这垃圾还跌四个点，处理了过年""",2,8,2024
"""真的很lj啊，那么多好的，真是浪费很多时间啊，人家三天都是15—20个点以上啊！""",2,8,2024
"""恶庄和害骡，坏就坏在，耽误散户行情。""",2,8,2024
"""想不到就这样收官了，中的""",2,8,2024
"""内外盘单量像大盘股票""",2,8,2024
"""走了，浪费了一天行情""",2,8,2024
"""垃圾卖了过年""",2,8,2024
"""这个是什么垃圾股，大金融也不跟，小盘股也不跟""",2,8,2024
"""欠股民6个涨停""",2,8,2024
"""这渣货，真是空狗大本营，近几天5个点都没有，也是醉了""",2,8,2024
"""远离垃圾股""",2,8,2024
"""细品[奸笑]""",2,8,2024
"""尽哄垃圾本色，一直在出货""",2,8,2024
"""大盘三天暴涨5％，你恕涨2％""",2,8,2024
"""今天随便哪只票都强你多多""",2,8,2024
"""千万不要去碰这种垃圾股，亏60%""",2,8,2024
"""最坏的公司没有之一""",2,8,2024
"""主力在暗中出货""",2,8,2024
"""必须涨到20块""",2,8,2024
"""百分之百老鼠仓""",2,8,2024
"""真的买了你真的惨""",2,8,2024
"""我卖了你不会涨停吧？？""",2,8,2024
"""快跑，超大量资金流出，小资流入！""",2,8,2024
"""：马上唆哈！""",2,8,2024
"""今天一个涨停能开心10天，主力赶紧干活好吧[鼓掌]""",2,8,2024
"""涨啊鳖孙""",2,8,2024
"""平稳期看见心仪价格可战略建仓，只低吸绝不追高！//@蛰伏SJ :新力金融基本确立""",2,8,2024
"""卖割得啊，空狗""",2,8,2024
"""6.66保本清仓走人，仓位放这太耽误事，江淮，上能都反弹多少了！""",2,8,2024
"""看盘口一直有资金出逃""",2,8,2024
"""收盘跌停板""",2,8,2024
"""赶紧跳水下来，我要低吸""",2,8,2024
"""这票全市场最弱的，两边都不站！大票小票都跟不上""",2,8,2024
"""到底有多大利空，这么好的行情都涨不了，有人拉就出货，出不完的货""",2,8,2024
"""全股都反弹有百分之二十了、这是个什么鬼还在原地走！""",2,8,2024
"""板块没一个涨停的，这么垃圾呢？""",2,8,2024
"""今天拉小票，这都不起来，两边都不占，真的废了，年后开盘又是暴跌""",2,8,2024
"""资金疯狂出逃肯定是已知内幕的""",2,8,2024
"""必须上20""",2,8,2024
"""搞点""",2,8,2024
"""你爹都不要你散户还去买真傻""",2,8,2024
"""这个股票什么原因一直不涨，哪位懂的分析一下[奸笑]""",2,8,2024
"""没有一点担当的公司！股票不回购！超跌反弹也没有！""",2,8,2024
"""6.5左右，这个价，懂得都懂。年内必有厚报。比存银行划算""",2,8,2024
"""节后一定是小盘绩优股的行情，这股算吗？我看好像不太像，毕竟什么板块都带不起来，融""",2,8,2024
"""这周买科技股都反弹了20多个，点了二十五六个点，关键是当时没敢买，现在只能后悔。""",2,8,2024
"""小盘股都涨了，你还在这里趴着""",2,8,2024
"""垃圾""",2,8,2024
"""这周格局这个确实有点耻辱[摊手]""",2,8,2024
"""最大的耻辱就是买了你""",2,8,2024
"""小盘股开始反弹了！在小盘股上边打边撤比较好！""",2,8,2024
"""暴跌的行情过去了，历史不会给机会再暴跌了，这股能挺住了，筹码稳定值得期待后市机会""",2,8,2024
"""新力！不就是新质生产力？""",2,8,2024
"""不会有人持股过节吧！！！""",2,8,2024
"""耐心等待新力金融量缩的过程，密切关注场内持筹者心态的变化！""",2,8,2024
"""那还有什么活力啊！老六""",2,8,2024
"""大盘下来这垃圾肯定要绿""",2,8,2024
"""这种大行情都不涨，绝对死股一只""",2,8,2024
"""这个走势确实看到打脑壳""",2,8,2024
"""能不能起飞一波啊""",2,8,2024
"""躺平""",2,8,2024
"""量化砸盘，""",2,8,2024
"""20240221普天同庆，注意风险""",2,8,2024
"""成交量换手率异常，量化交易害人不浅。""",2,8,2024
"""极端交易暂时离场！""",2,8,2024
"""继续上车！""",2,8,2024
"""把58的这些单给吃了""",2,8,2024
"""华创""",2,8,2024
"""新力金融基本确立进入平稳期了！//@蛰伏SJ :继续观察是否进入平稳期了？！平稳""",2,8,2024
"""没成交量，被板块带起来点，谁追谁上当""",2,8,2024
"""快跑""",2,8,2024
"""这股吧真奇葩真话一句不让说，全是唱多的。""",2,8,2024
"""近期龙头在新力金融和中粮资本中诞生？""",2,8,2024
"""冰火两重天！""",2,8,2024
"""3月4月反弹完还会继续向下，肯定破2000，然后就是磨底期，这种股千万不要有执念""",2,8,2024
"""大盘涨成这样，这货就没涨停过一次""",2,8,2024
"""主力，过年了，差不多得了""",2,8,2024
"""草，卖单又多了""",2,8,2024
"""别想太多了，一看没量今天都不用看了""",2,8,2024
"""九鼎今天有点弱""",2,8,2024
"""早上卖飞了靠""",2,8,2024
"""开启狂飙模式""",2,8,2024
"""无脑加入""",2,8,2024
"""这两天借着大盘势头怎么还都卖呢？现在卖的都是获利走的？""",2,8,2024
"""几天抛了过亿融资盘，会不会有地雷，年报预算会不会又是亏损公告的更正？""",2,8,2024
"""也是没救了，大盘连大涨3天，它跌3天，也没有买它的理由""",2,8,2024
"""昨天看到一个从40万炒到70多万的大牛，一周翻倍。@长线大牛 """,2,8,2024
"""抛压好重啊""",2,8,2024
"""从来没有平开过……""",2,8,2024
"""每天就是这个逼样，""",2,8,2024
"""昨天提现的今天给老子哭去吧！[大笑][大笑][大笑][大笑]""",2,8,2024
"""有说涨的有说跌的，提前收回融券到底是什么意思，对股价有什么影响""",2,8,2024
"""市场投资风格会不会自此转换？""",2,8,2024
"""微盘股暴跌引发的龙虎榜上榜数量的暴涨，非常极端的情况！微盘股的情绪可能会进一步的""",2,8,2024
"""新力金融：连续3日融资净偿还累计1.01亿元（02-07）""",2,8,2024
"""轮到小盘股涨停了""",2,8,2024
"""已经有朋友接到通知，今晚竞价买股了。""",2,8,2024
"""小盘股完蛋了吗？""",2,7,2024
"""小盘股都没希望了，都从6、7快跌到2、3块钱了，新力也要跌了""",2,7,2024
"""$新力金融(SH600318)$""",2,7,2024
"""今天下午已经有先觉先知得到明天融券收回的消息开始下手了，""",2,7,2024
"""今天的冲高回落就是为了抢券还券吧""",2,7,2024
"""所有融券全部收回，做空的那里跑！""",2,7,2024
"""据传明天所有融券全部召回一刀切了""",2,7,2024
"""迅速腰斩，一定会弹跳，加油干""",2,7,2024
"""专门做空操纵新力的老鼠仓注意了，等待你们的是吃牢饭""",2,7,2024
"""这股主要套牢盘太重，量化一直在做t，所以拉不起来""",2,7,2024
"""证券屠夫来了，都小心点""",2,7,2024
"""各位还股吧，进入国企央企""",2,7,2024
"""$新力金融(SH600318)$""",2,7,2024
"""今天你的表现还是可以的，拉升以后卖出，跌下来又低吸了，现在获利三个点，继续拿着。""",2,7,2024
"""左江你爷爷过来看看""",2,7,2024
"""跑赶紧""",2,7,2024
"""这票没有主力了""",2,7,2024
"""6块19的本，能买3000万吗""",2,7,2024
"""海螺水泥持股成本应该在9元。""",2,7,2024
"""要解套必须2个月以上，老庄也在偷偷吃货""",2,7,2024
"""这是个高手，我服他@长线大牛 """,2,7,2024
"""比九鼎和金证差太多了，走了""",2,7,2024
"""真贱故意做空，跟大盘反着走。前几天大盘大跌也没有看它涨，反而也是地板。这种得举报""",2,7,2024
"""这票必须杀破一下平台，这两天虽然天跑输，后面两天应该会好看些""",2,7,2024
"""只能说有些人是真的不是人，昨天你这样玩就算了，今天又来，每天开盘咂，低位收筹码，""",2,7,2024
"""明天起码跌五个点吧""",2,7,2024
"""尾盘买一手、呵呵""",2,7,2024
"""大家的本是多少，想问问""",2,7,2024
"""$新力金融(SH600318)$""",2,7,2024
"""卖了，安心过年""",2,7,2024
"""玩球！明天又是低开寻底，看来五块加仓目标不能变""",2,7,2024
"""垃圾""",2,7,2024
"""今天新力金融的走势符合你的预期吗？平稳期到来了吗？你还在死扛吗？还是割肉了？说出""",2,7,2024
"""你比华金强太多了[赞]""",2,7,2024
"""收绿真是可以""",2,7,2024
"""24年每个月的工资都往这里存了。""",2,7,2024
"""这种上窜下跳的股要远离""",2,7,2024
"""小盘股麻烦了，机构和主力资金都跑去大盘股薅羊毛去了。""",2,7,2024
"""尾盘介入，看好金融板块""",2,7,2024
"""一层底仓都不留，走了！认输""",2,7,2024
"""早盘6.30买了半仓！目前还好，明天竞价看怎样，不行就先兑现跑""",2,7,2024
"""这年没法过了""",2,7,2024
"""兄弟们当心啊，不然就是下一个香溢融通""",2,7,2024
"""最近都是很高的换手率，静待拉升""",2,7,2024
"""完了6.61买的追高了""",2,7,2024
"""我愿称你为最强跳水冠军[笑哭]，明天继续T""",2,7,2024
"""连个反抽都没有""",2,7,2024
"""追高的，明天要割肉了""",2,7,2024
"""卖了，安心过年！失望透顶了！""",2,7,2024
"""尾盘不涨停就走！""",2,7,2024
"""这个票市值太低，现在喜欢拉100亿市值左右的""",2,7,2024
"""$新力金融(SH600318)$""",2,7,2024
"""是星期五休市吗""",2,7,2024
"""主力资金进场了，可以逢低建仓""",2,7,2024
"""今天能牛B一下吗！""",2,7,2024
"""板块还得看你和九鼎啊""",2,7,2024
"""这票适合上午买，下午T""",2,7,2024
"""金融利好大概率在路上！新力要么不涨停，涨停就是连续[鼓掌][鼓掌][鼓掌]""",2,7,2024
"""又是拉高出货""",2,7,2024
"""主力不拉，让北向进来拉""",2,7,2024
"""走了，骗人拉不上去，""",2,7,2024
"""这个主力确实垃圾""",2,7,2024
"""今天收盘6.3到6.4之间，错的话你们随便喷我""",2,7,2024
"""马上又要回到原点，套人的gui票，再加上没有格局和实力的庄家。""",2,7,2024
"""这玩意涨不过九鼎呢""",2,7,2024
"""都去看金正吧""",2,7,2024
"""跟昨天下午一样，冲一下回去了""",2,7,2024
"""抄底全仓，坐等发财，哈哈哈，被我发现了，回调给我机会了""",2,7,2024
"""拉高出货，速度T""",2,7,2024
"""别涨，明天还得跌节前最后一天。趴着，年后再说""",2,7,2024
"""今天，6.35买回。不盼涨停，就盼红盘收就行。""",2,7,2024
"""预期在明天！[福]""",2,7,2024
"""假期大金融肯定大概率有利好，昨天压着盘子没涨[大笑][大笑][大笑]""",2,7,2024
"""能不能起来""",2,7,2024
"""终于逮到你了6.28买的吃肉哈哈哈""",2,7,2024
"""券商都没啦，看着像骗人""",2,7,2024
"""漂亮！一换就拉！""",2,7,2024
"""说涨停可能就会连续涨停，利好在路上[大笑][大笑][大笑]""",2,7,2024
"""才涨几分，这些都卖不停""",2,7,2024
"""就知道你要突围""",2,7,2024
"""没量就是套人""",2,7,2024
"""跟风九鼎啊""",2,7,2024
"""，草""",2,7,2024
"""辣集谷，跌了多少了""",2,7,2024
"""怎么感觉这个票每天下午都要冲一波？""",2,7,2024
"""就是垃圾股而已，大家不用把精力和钱花这垃圾上""",2,7,2024
"""大盘拉了一百多点近两百点，这票没动静还在跌，没希望了，走吧""",2,7,2024
"""毫无人性可言""",2,7,2024
"""总之就是一句话，不做人""",2,7,2024
"""涨停吧""",2,7,2024
"""以后这种垃圾股不吃香了，没有关注了""",2,7,2024
"""全市场最靓的仔，擦""",2,7,2024
"""压不住的！！！""",2,7,2024
"""等个高一点价钱卖掉吗？""",2,7,2024
"""从发言来看，小散太多了，请问怎么拉？""",2,7,2024
"""我就问一句，上市是为了什么？既然知道，你也就懂得以后怎么做了。你还投入吗？""",2,7,2024
"""神奇的2:30""",2,7,2024
"""小心6.15进场的会在6.45或6.55时抛盘。请大家掌握时机出来！""",2,7,2024
"""会进微盘股吗？""",2,7,2024
"""这两天发现基本上前期大涨过的票反弹力度都很小，反而是一直超跌的迎来报复性反弹""",2,7,2024
"""发布个回购公告，立马涨停""",2,7,2024
"""低位该兴奋！高位要谨慎！现阶段新力金融来到了低风险区间了（不过这次有减持利空消息""",2,7,2024
"""老实说砸的太明显了。散户进的多。主力莫名奇妙就咋，盯着你散户进场，红一点砸的更凶""",2,7,2024
"""还好卖了你买昂立教育""",2,7,2024
"""已经这样了，除了死扛没其他的办法，做T都不敢，怕T飞""",2,7,2024
"""把大金重工割了，留下了这货。""",2,7,2024
"""这是杀猪盘""",2,7,2024
"""大盘反弹了一百多点，它还有脸在水下""",2,7,2024
"""半个月市值跌不半，国资公司这么做资产管理的""",2,7,2024
"""估计下午还要大跌""",2,7,2024
"""千万不要买没有题材股！这个股纯粹是退市股！""",2,7,2024
"""举报第二大股东海螺水泥违规减持""",2,7,2024
"""这就是对股东回报！""",2,7,2024
"""垃圾股怎么能上市！""",2,7,2024
"""大过年的，就算不涨，也别大跌了。虽然这里散户很多，但是散户也是人啊，别一直当韭菜""",2,7,2024
"""最""",2,7,2024
"""多头干不过空头，垃圾一个""",2,7,2024
"""哈哈那个sp三十六又删了跑了""",2,7,2024
"""啊[赞]""",2,7,2024
"""大家截图中国第三十六股神的发言，举报他传谣。大家一定要截图举证，让他牢底坐穿。""",2,7,2024
"""大盘涨这么多，还在地板上""",2,7,2024
"""完了，6.4买的，被套了[怒][怒][怒]""",2,7,2024
"""涨的都是大盘股，跌的全是50亿以下的，跌停的都是20亿以下的股""",2,7,2024
"""好坑""",2,7,2024
"""下班了吧""",2,7,2024
"""浙江东方""",2,7,2024
"""家人们，我快撑不住了[哭]""",2,7,2024
"""这股大盘涨它不涨大盘跌它比大盘跌的还快。减持股真不能买。""",2,7,2024
"""散户""",2,7,2024
"""什么操盘手""",2,7,2024
"""大盘连续2天暴拉，两市唯一继续跌的就新力金融，还有九鼎投资....""",2,7,2024
"""今天入场了，能不能大金融带动一下""",2,7,2024
"""为啥就是扶不起呢？""",2,7,2024
"""倒了八辈子血霉才会买上这个臭垃圾""",2,7,2024
"""是不是坏账太多了，所以跌成这样""",2,7,2024
"""再次提醒各位套牢的，2023年7月11号大盘3200多点，新力股价6.4元，今天""",2,7,2024
"""走了，亏惨了，留着钱过年。""",2,7,2024
"""板块里垫底绿色的香溢融通，九鼎投资这些股票里都有东财拉萨团在。""",2,7,2024
"""天天阴跌，假红，出货""",2,7,2024
"""跑了跑了，看这架势明天还要跌""",2,7,2024
"""谢谢拉红赚了一点点跑了""",2,7,2024
"""走了，血亏""",2,7,2024
"""亲，建议跌停""",2,7,2024
"""反正主力也赔钱，熬死他们""",2,7,2024
"""吐口痰再走""",2,7,2024
"""还好红了卖了，昨天水下进的""",2,7,2024
"""长线继续买，短线去打板。""",2,7,2024
"""这两天是普涨行情""",2,7,2024
"""你真是f""",2,7,2024
"""草，如此恶心。""",2,7,2024
"""太弱了底放量跟进""",2,7,2024
"""大盘拉这么高，稍微一回落这货就会大幅反下跌""",2,7,2024
"""瑞雪兆丰年""",2,7,2024
"""看看金正，在看看你个怂货，""",2,7,2024
"""韭菜们赶紧举报""",2,7,2024
"""继续观察是否进入平稳期了？！平稳期比的就是耐心了，看见心怡的价格可适当买入有助于""",2,7,2024
"""板块红，快点上升吧""",2,7,2024
"""【华宝宝康债券C】您的养基周报来啦！""",2,7,2024
"""举报！""",2,7,2024
"""上市就是为了卖公司""",2,7,2024
"""再见，亏了7万多""",2,7,2024
"""套牢盘太多了，主力要慢慢消化，我不陪你玩了，你慢慢洗吧，""",2,7,2024
"""老太太下楼梯，每天跌一点""",2,7,2024
"""都不红一下，走了走了""",2,7,2024
"""哈哈，NB一个，你不服也得服，你以为你是谁""",2,7,2024
"""想持币过节的赶紧砸吧，昨天出了半仓还没接回来""",2,7,2024
"""主力自救失败""",2,7,2024
"""大盘这样涨，这货还不涨，这脸皮够厚的了！""",2,7,2024
"""废力金融""",2,7,2024
"""枉费了这个名字，趁早把金融去掉""",2,7,2024
"""都散了吧！""",2,7,2024
"""千万不要红盘，你个""",2,7,2024
"""缩量才是好事，该跑的都跑了""",2,7,2024
"""小散集中营""",2,7,2024
"""玛德，怎么举报呀""",2,7,2024
"""买的票跌，我认，但大盘昨天这么好的情况下你特么跌几个点，今天又接着跌，公司领导不""",2,7,2024
"""我就是不走，天天发，我就是要把空狗玩废[奸笑]""",2,7,2024
"""真的垃圾""",2,7,2024
"""外面闭眼买都是赚钱，是你你还会买这玩意吗""",2,7,2024
"""这是什么情况啊？？？""",2,7,2024
"""真的该查查，太明目张胆了""",2,7,2024
"""举报以受理！""",2,7,2024
"""拉圾股""",2,7,2024
"""一直都在垫底，浪费这么好行情""",2,7,2024
"""劝大家赶紧跑""",2,7,2024
"""抗住今天的抛压，你就是最靓的仔""",2,7,2024
"""垃圾股就是这样，想抄底不可能的""",2,7,2024
"""天天跌，厉害的。""",2,7,2024
"""融资盘疯狂出逃""",2,7,2024
"""做个人吧""",2,7,2024
"""玩了几十年股票，第一次见这种只跌不涨的。""",2,7,2024
"""继续买，坚定看好a股！[怒]""",2,7,2024
"""建议懂行的股友举报""",2,7,2024
"""昨天融资盘出了几千万？""",2,7,2024
"""zheg这个庄不行""",2,7,2024
"""还是人吗""",2,7,2024
"""用好重组工具重组""",2,7,2024
"""这新力真的完蛋了吗？怎么一而再，再而三的跌跌跌？看来有什么猫腻。""",2,7,2024
"""过了今晚想穷都难[微笑]""",2,7,2024
"""这篇阅读量很低！长文章确实很难让人认真读下去但这也算是都交易模式的总结，还是下了""",2,7,2024
"""董秘您好，看贵司2023年业绩预告，业绩倍增，基于对公司的发展信心，贵司领导层什""",2,29,2024
"""终于走了6300万融资盘，这才是看点！！！""",2,7,2024
"""举报该股恶意做空""",2,7,2024
"""今天新力金融空头还继续恶意操控砸盘吗？谁能监控？""",2,7,2024
"""新力也应该被举报！""",2,7,2024
"""中国证监会举报电话12386""",2,7,2024
"""大盘涨上去了，新力金融？我的钱呢？？？""",2,7,2024
"""新力金融：融资净偿还6355.06万元，创近一年新高（02-06）""",2,7,2024
"""今天高开涨停才可以""",2,7,2024
"""$新力金融(SH600318)$""",2,7,2024
"""唉，节前两天。别跌了。。""",2,7,2024
"""月线来看绝对的底部，连续的大幅回调补跌结束，今天涨停明天一字板，大家好好过年""",2,7,2024
"""排名终于下去了，明天振幅要小一点了""",2,7,2024
"""明天低开就抢跑""",2,6,2024
"""2月1日买，2月2日卖。""",2,6,2024
"""明天跌停老子接着来T，马蒂老子不信你一直跌""",2,6,2024
"""这公司成散户的了""",2,6,2024
"""惊天大逆转，大盘这是终于迎来了扬眉吐气的一天，一切都如我们前面预期做的一样，尤其""",2,6,2024
"""早盘开盘买的这个票换手这个票换手正常吗""",2,6,2024
"""都割完了没？？明天开始上升了！！！！""",2,6,2024
"""明后两天补完上方缺口""",2,6,2024
"""$新力金融(SH600318)$""",2,6,2024
"""买在了7块，明后天能出去吗""",2,6,2024
"""可能真有什么利空，要不就是主力发神经，这是什么走势，前几天的放量像是派发筹码""",2,6,2024
"""今天跌得股票就是和国家过不去，做空股票的""",2,6,2024
"""尾盘买一手、呵呵""",2,6,2024
"""明天高开涨停，没票的找别的吧，这个已经不可能给上车机会了！有票的坐稳了[坏笑]""",2,6,2024
"""真难受啊昨儿抄底今儿我家""",2,6,2024
"""今天拿了10万股在6.15撬板结果成交了45000""",2,6,2024
"""这个价位还是大盘3000点时候的价位，估计还有30%的地府。""",2,6,2024
"""几个有代表性的极端交易个股（价值票或者说机构票）机会！当时这些个股都因短期巨大利""",2,6,2024
"""喜报！中国人寿寿险公司荣获“年度卓越寿险公司”等多个奖项""",2,6,2024
"""T1带给韭菜的痛苦[想一下]""",2,6,2024
"""明天走势很明了了，今天抄底的，明天还会到今天的跌停价，拭目以待吧，股吧里妖魔鬼怪""",2,6,2024
"""过了今晚想穷都难[下跌][下跌][下跌][微笑]""",2,6,2024
"""大哥，6.3的成本明天请您高抬贵手别套我啊[哭]""",2,6,2024
"""今天上午地板清仓了[哭]准备退出股市，然后就大涨了真是韭菜命啊，不知道做对了没有""",2,6,2024
"""现在新力的股价是去年10月时候的股价，那时大盘3000点，还有补跌空间""",2,6,2024
"""问董秘。请问贵公司为何在大a大涨的时候，恶意打压股价？""",2,6,2024
"""买了这个票怎么办，已亏35％""",2,6,2024
"""恶意做空严惩不贷，牢底坐穿""",2,6,2024
"""新力金融：公司目前经营正常""",2,6,2024
"""成本""",2,6,2024
"""为何一拉就砸，谁砸的，""",2,6,2024
"""中粮资本清仓换新力金融，还是亏了交个跌停""",2,6,2024
"""涨停一个没吃到，跌停一个没错过，有你这样玩的吗？到底还要不要坚持""",2,6,2024
"""弱""",2,6,2024
"""金融大概率会有利好加持！新力金融，补跌结束，主力随时涨停！""",2,6,2024
"""明天开始买你，多无金融四傻之一""",2,6,2024
"""割了，不敢留，怕今天的抄底盘和融资盘明天多杀多""",2,6,2024
"""大佬们，能发下真实资金情况吗""",2,6,2024
"""白高兴一场""",2,6,2024
"""等明天跌停梭哈""",2,6,2024
"""昨天跌停板买入的，今天差一分钱跌停板买入，成功获利，给机会就赚钱，不给机会就拿着""",2,6,2024
"""都大跌的时候！人家是红的你们咋不说了！跌一点就骂！不适合炒股的赶紧清仓走人！""",2,6,2024
"""今天有榜单吗。气死了""",2,6,2024
"""$新力金融(SH600318)$""",2,6,2024
"""希望这个股就是散户自己互相踩踏，要是有庄家的话，大过年的不知道要被多少人问候家人""",2,6,2024
"""里面来了很多装笔的！没什么搞头！""",2,6,2024
"""$新力金融(SH600318)$""",2,6,2024
"""敢恶意做空牢底坐穿[鼓掌][鼓掌][鼓掌]历史最强音""",2,6,2024
"""牙疼[好困惑]""",2,6,2024
"""看盘口出货好坚决啊""",2,6,2024
"""出了，买入信雅达""",2,6,2024
"""你，进了你，完犊子""",2,6,2024
"""今天还是绿的票以后远离""",2,6,2024
"""新力金融，应该补跌到5元左右""",2,6,2024
"""新力太不象话了""",2,6,2024
"""很明显，小盘庄股没人玩了，现在都是大盘蓝筹股行情""",2,6,2024
"""今天的走势，说明都是拉撒""",2,6,2024
"""都说是有中烟公司为它兜底保障，为啥不涨呢，真不明白为啥""",2,6,2024
"""差评""",2,6,2024
"""真没见过这么的股""",2,6,2024
"""这个股的庄应该乘着今天跑了""",2,6,2024
"""典型的量化交易[下跌][下跌][下跌]""",2,6,2024
"""说着很简单，做到确实很难！知行合一最重要！""",2,6,2024
"""融资盘集中营，明天一字涨停""",2,6,2024
"""有股友知道怎么打电话反应问题不啊？""",2,6,2024
"""举报吧这小盘不是恶意做空""",2,6,2024
"""真洗盘，假出货""",2,6,2024
"""明天看你唱戏""",2,6,2024
"""追高了，6.9""",2,6,2024
"""卖公司了""",2,6,2024
"""留给融券的时间不多了""",2,6,2024
"""坚决不碰，新力就是碰瓷，会讹人""",2,6,2024
"""垃圾终归是垃圾，负9个点抛了也不可惜，早换早发财""",2,6,2024
"""向下封板了""",2,6,2024
"""仁东控股7快多跌到3快多，这个跌到4快多不过分吧？""",2,6,2024
"""昨天割了大金重工今天涨停了，留下新力金融这货还在躺尸。东财拉萨团真是走到哪里就一""",2,6,2024
"""不断杀跌，低位换手率太高了""",2,6,2024
"""你这样犹豫不决想干嘛，要么跌，要么涨，跌大家就卖帮你砸，涨散户帮你接筹码你出货""",2,6,2024
"""6666666果然是空头中军""",2,6,2024
"""全都是托单，赶紧逃命""",2,6,2024
"""散户空狗太多起不来了""",2,6,2024
"""别客气请你跌停""",2,6,2024
"""赶紧逃命收盘跌五个点""",2,6,2024
"""自选里唯一绿的[哭][哭][哭]""",2,6,2024
"""2000多万的天量出来了，黄线居然没上行，必然是震仓无疑，有大动作了""",2,6,2024
"""看样子没有机构，全是散户""",2,6,2024
"""何时能回本""",2,6,2024
"""恶庄啊""",2,6,2024
"""真是个垃圾""",2,6,2024
"""是不是做对了""",2,6,2024
"""还得下来""",2,6,2024
"""大盘都拉不动的货""",2,6,2024
"""太弱了，大盘涨不跟，指数一降，立马下跌，垃圾""",2,6,2024
"""垃圾，看看金融板块你个垃圾""",2,6,2024
"""证监会午间宣布！""",2,6,2024
"""还是有狗在砸盘""",2,6,2024
"""我就说嘛，开始砸盘了""",2,6,2024
"""地天板nb[上涨][上涨][上涨][上涨][上涨][上涨][上涨][上涨]""",2,6,2024
"""底部黄金坑""",2,6,2024
"""金融龙头唯有新力，不可能是大市值票。""",2,6,2024
"""新力金融和中设股份全部抄底，主力对不起了，你起码跌了40%坚定拿到节后[大笑][""",2,6,2024
"""想着战略建仓的，没想到这么快就反弹了！""",2,6,2024
"""可恨，早上挂跌停板割了肉，才半个小时，又起来了""",2,6,2024
"""当心被套，空狗太多""",2,6,2024
"""底部反包地天板跟进""",2,6,2024
"""卧槽""",2,6,2024
"""天地板""",2,6,2024
"""打爆空头""",2,6,2024
"""你个苟货不跟大盘，也不跟板块吗""",2,6,2024
"""哪家的狗砸盘？""",2,6,2024
"""水下七个点割了给我玩这个""",2,6,2024
"""中航产融坐上多元金融第一把交椅！""",2,6,2024
"""牛逼""",2,6,2024
"""加油""",2,6,2024
"""不会吧，天地板？""",2,6,2024
"""挺住""",2,6,2024
"""走了哈哈明天跌停""",2,6,2024
"""新力金融要抓一批搅棍才行""",2,6,2024
"""昨天一样""",2,6,2024
"""好虚弱哦""",2,6,2024
"""这个票就得每天低开买入，涨上去高抛，好玩""",2,6,2024
"""跌停两万手是撤单了还是被接走了""",2,6,2024
"""你是在的板块大涨，你却大跌""",2,6,2024
"""我刚刚割肉啊""",2,6,2024
"""吗的""",2,6,2024
"""反弹后三天内降到平常仓位！//@蛰伏SJ :大极端大交易！反弹后三天结束战斗！把""",2,6,2024
"""全部都拉滴大盘股""",2,6,2024
"""要千股涨停？！""",2,6,2024
"""最无助的就是大盘强势反弹，自己买的股却跌停！！！""",2,6,2024
"""公告公司将风险提示为st""",2,6,2024
"""边打边撤阶段结束了吗？进入接下来的平稳期了吗？//@蛰伏SJ :新力这个位置且战""",2,6,2024
"""赶紧撤了 下午 要 基本被吃掉了""",2,6,2024
"""必须严惩恶意做空""",2,6,2024
"""现涨幅扩大至5%。  挂跌停的""",2,6,2024
"""这个股会不会补跌，别的股都是向下跌穿了，这个股虽然也跌了，但是是从高位下来的""",2,6,2024
"""还会再来，再来两个跌停不""",2,6,2024
"""爸爸我错了，开门了[大哭]""",2,6,2024
"""之前几个涨停，每天三四十的换手率，里面都是机构，左右手换来换去，散户别进了，让他""",2,6,2024
"""服了吗？我早服了""",2,6,2024
"""第二大股东海螺水泥跑路减持新力金融割散户韭菜，惨遭连续跌停高位减持梦化为泡影！！""",2,6,2024
"""又要连续跌停了，因为有人唱了，唱地天，人性的弱点就是贪婪，现在这环境可能吗""",2,6,2024
"""每天都在做T越亏越多[想一下]""",2,6,2024
"""昨天下午就感觉不对，没有办法上午买的跑不了。，今天果然跌停开盘，这帮真狠""",2,6,2024
"""哥，你这是怎么了，是要退市了吗？都跌出屏幕了""",2,6,2024
"""你与华金资本是一伙的！一起举报了！""",2,6,2024
"""现在这个票做空成本非常低等企稳再加吧""",2,6,2024
"""不管了，剩下3层仓打进去，满仓等下午地天""",2,6,2024
"""今天省省吧，谁说什么都不买，明天全仓进。""",2,6,2024
"""昨天我怎么说的，今天还是一个跌停，明天如果能到地板，我就进来能抄底了""",2,6,2024
"""暴雷公司。什么金融就是骗钱的""",2,6,2024
"""都是垃圾，出来了""",2,6,2024
"""难道真实运气屁吗？卧槽，新力金融""",2,6,2024
"""浪子回头，金不换，浪费青春，损失血汗钱，情绪不佳还会得一生病，醒醒吧，不归路及时""",2,6,2024
"""全是骗子""",2,6,2024
"""明天还是跌停""",2,6,2024
"""原来你竟如此的垃圾""",2,6,2024
"""不要在这里浪费时间了，抛掉，买进了600446金证股份""",2,6,2024
"""暴雷了吗？""",2,6,2024
"""5元开始补仓，看看能不能跌的像08年一样""",2,6,2024
"""融券才128万，融资有3.15亿。二天暴跌廿点。筹码啊……""",2,6,2024
"""新力金融哈哈哈哈哈。""",2,6,2024
"""这个股大盘涨它是跌的，""",2,6,2024
"""国字辈的不要怂""",2,6,2024
"""恶意做空被抓了没有""",2,6,2024
"""心法""",2,6,2024
"""这票还能看吗？虽然是金融的启动票，但是质押啊""",2,6,2024
"""  垃圾股""",2,6,2024
"""割了你可以涨了。""",2,6,2024
"""还好十块的时候我卖了[哭]虽然还亏一万多，但是现在想想真的赚了""",2,6,2024
"""，这样继续跌，坐等爆仓""",2,6,2024
"""无厘头的上涨，肯定会有无厘头的下跌，就是纯割韭菜的""",2,6,2024
"""再砸一下，跌停吧""",2,6,2024
"""感觉这股有人在恶意做空，大家齐心协力，天天举报，就不信证监会不查，太明目张胆了，""",2,6,2024
"""大家去投诉去还能追回损失""",2,6,2024
"""这只刁毛股黑心！！！""",2,6,2024
"""主力压一上午盘没买多少货，下午要大涨""",2,6,2024
"""大佬们在不砸盘可跑不掉了[下跌][下跌][下跌]可真的想穷都难了""",2,6,2024
"""同板块领跌者。""",2,6,2024
"""到5000点你也挣不到钱，中央一号文件没出台，个股就连续涨停了""",2,6,2024
"""证监会，举报恶意做空""",2,6,2024
"""中国股市是一部百科全书，只有你想不到的，没有没有做不到的""",2,6,2024
"""这股废了。大股东也快快跟吹头毛同居了！""",2,6,2024
"""尝试极端交易！""",2,6,2024
"""强烈要求严查海螺水泥！""",2,6,2024
"""看来今天还得跌停""",2,6,2024
"""海螺水泥！！！！！！！！！！！！！！！！！做空""",2,6,2024
"""下午肯定跌停""",2,6,2024
"""虽然我满仓新力，还是希望它继续跌停，叫那些个们去减持吧！""",2,6,2024
"""主力送筹码、不捡白不捡""",2,6,2024
"""莫伸手，伸手必被捉，该割割，ca""",2,6,2024
"""6.30补的仓一直晃悠""",2,6,2024
"""大家都在大涨，新力金融为什么不涨反而大跌，难道真的在用融券大肆恶意做空，真这样，""",2,6,2024
"""大盘不好直接跌停了""",2,6,2024
"""坐等跌停""",2,6,2024
"""新年来本金已经对半腰斩，新力金融待涨10+回本，发这个帖子就是为了格局，别一会又""",2,6,2024
"""6块以下再看看""",2,6,2024
"""这空方庄家确实牛""",2,6,2024
"""一起举报恶意做空""",2,6,2024
"""大盘涨，股不涨[偷笑]""",2,6,2024
"""我很想知道，现在的价位是谁在卖出，目的是什么""",2,6,2024
"""新力金融目测要进入下一个平稳期的阶段了！""",2,6,2024
"""举报你恶意做空""",2,6,2024
"""这波a杀手，上方套了不少，想涨的话可有的熬了""",2,6,2024
"""一直有大手笔在按着股价散户不可能做到""",2,6,2024
"""有九块五的本的吗""",2,6,2024
"""现在的价位，要等待很久了才上涨了，反正是自己的钱，没有加杠杆，不怕""",2,6,2024
"""带融券的票不能买，跌起来比谁都凶""",2,6,2024
"""哪个崽种砸盘了""",2,6,2024
"""庄家被吓破胆了""",2,6,2024
"""继续多杀多，谁也别想活着走""",2,6,2024
"""终于跌停了快""",2,6,2024
"""有什么雷""",2,6,2024
"""新力坟场""",2,6,2024
"""下午跌停吧！年前就天天跌停吧""",2,6,2024
"""散户投资者""",2,6,2024
"""主力，能不能手下留情，涨一点吧，别砸了。""",2,6,2024
"""竞价一千万就能砸跌停，恶意打压股价""",2,6,2024
"""年前估计没戏了""",2,6,2024
"""你要不退市吧钱我不要了""",2,6,2024
"""'整个板块都红了，你还是这样大跌""",2,6,2024
"""这么多不闭嘴的。不闭嘴就不会长""",2,6,2024
"""看样子今天又得成为砸盘的中军[微笑]""",2,6,2024
"""下午游戏吗还能涨停嘛，这厮有点粘型""",2,6,2024
"""不可能涨，继续跌""",2,6,2024
"""跌停吧，跌破5，砸锅卖铁进""",2,6,2024
"""跌停吧""",2,6,2024
"""快点跌停，已经没救了""",2,6,2024
"""跌停吧""",2,6,2024
"""M批没鸟用的庄""",2,6,2024
"""大极端大交易！反弹后三天结束战斗！把仓位调整为30%—60%之间！//@蛰伏SJ""",2,6,2024
"""深证、创业板指数涨幅那么大，为啥唯独上证略涨垫底呢""",2,6,2024
"""融资融券联合机构做空自已，有融资融券的公司不能碰""",2,6,2024
"""废了废了，走了拜拜""",2,6,2024
"""砸盘的劝你早日回头，外面已经开始慢慢加仓了，留得青山在，不怕没柴烧。""",2,6,2024
"""最后的疯狂""",2,6,2024
"""这几天上千亿的大盘股都没跌反而涨，跌的都是小盘，因为大盘股他们控不了""",2,6,2024
"""这种算不算有人恶意做空""",2,6,2024
"""跌停吧，大家都一起""",2,6,2024
"""封板必然""",2,6,2024
"""明天最后一天，过年用钱的还要砸一波""",2,6,2024
"""再不跑，又跑不了了，明天卖出盘更多，因为长假了""",2,6,2024
"""今天这磨磨唧唧走势，最后还是跌停呗""",2,6,2024
"""刚吃完早餐回来，明人不说暗话，广西南宁人开盘集合竞价跌停板疯抢新力金融！""",2,6,2024
"""没有跌停，过了今晚想穷都难了！！冲了""",2,6,2024
"""满上，上刺刀，干。谁退谁输，只能向前干，杀。""",2,6,2024
"""快跑吧兄弟们今天还会跌停""",2,6,2024
"""十块的成本几天不看就6块了""",2,6,2024
"""为啥卖都不让卖？""",2,6,2024
"""1、如果你的资金不大，比如在50万以下，每年抓到一次主升浪行情就够了，千万不要时""",2,6,2024
"""让你们再买？""",2,6,2024
"""加2倍""",2,6,2024
"""漂亮""",2,6,2024
"""过了今晚想穷都难！！！！""",2,6,2024
"""昨天跌停板进去的以为今天能抢个反弹，看来我又错了""",2,6,2024
"""呵呵""",2,6,2024
"""当前情况下如何甄别一家公司值不值得持有的有效方法：在股价经历如此暴跌之后，上市公""",2,6,2024
"""完了想走都走不了了""",2,6,2024
"""恶意做空！牢底坐穿""",2,6,2024
"""没有逻辑了，市场都在抛了，根本没有支撑点，跑路吧""",2,6,2024
"""昨天踢了一脚，成本降了一点，但亏损扩大了。难道要下坠了？""",2,6,2024
"""给个机会，让我走。""",2,6,2024
"""昨天那个三十六股神呢？的""",2,6,2024
"""今天跌停板开盘""",2,6,2024
"""有本事继续砸，跌停板就买200股。来吧！""",2,6,2024
"""过了今天想穷都难，相爱相杀的铁铁""",2,6,2024
"""全力收购""",2,6,2024
"""这算不算顶风作案？""",2,6,2024
"""$新力金融(SH600318)$""",2,6,2024
"""重要信息披露：本人及其下公司，企业，机构将全力收购新力金融二级市场不到5%流通股""",2,6,2024
"""河北理财网：喜报！中国人寿寿险公司荣获“年度卓越寿险公司”等多个奖项""",2,6,2024
"""又要开盘了""",2,6,2024
"""新力今天开盘即高点？十分钟跌停？""",2,6,2024
"""新力金融：融资净偿还2191.9万元，融资余额3.15亿元（02-05）""",2,6,2024
"""恶意做空，收集证据""",2,6,2024
"""有你这大丁子户在麻烦了""",2,6,2024
"""市场越弱，方向越明确 """,2,6,2024
"""注意了，坚硬的东西也是托""",2,6,2024
"""新力金融等着查房吧～""",2,6,2024
"""哎亏的睡不着了[微笑]""",2,6,2024
"""这种走势是庄家尾盘出货了，和中粮资本一个庄家。睡不着，赔得太多了。""",2,6,2024
"""「南城集团」关注到来自近期持续波动，部分不法分子非法牟利，损害价值投资蔚蓝锂芯的""",2,6,2024
"""亏十多万而已，明天继续加仓。""",2,6,2024
"""涨一点吧，跌的受不了。都梦到有人想不开了。""",2,6,2024
"""亏30个点了，还有希望回本吗""",2,6,2024
"""这里瞎BB的都是托，你知道上涨你还会在这里说吗""",2,6,2024
"""这盘砸的，稀碎""",2,6,2024
"""情绪冰点，明天有修复可能""",2,6,2024
"""切实维护市场稳定运行证监会官网发文，近期股市持续波动，部分不法分子非法牟利，损害""",2,6,2024
"""出生，买了几个全跌停！大A不是人玩的""",2,5,2024
"""兄弟们，天亮都清仓好好过年吧，今天白天还能走，明天估计要二千家锁在里面过春节走不""",2,5,2024
"""太惨了，连续跌了40个点了。""",2,5,2024
"""没有实质性东东出来，谁信你？""",2,5,2024
"""今天没跌到位，明天继续！""",2,5,2024
"""明天是卖出最后一天还有一砸，下午抄底。后天留点钱做T""",2,5,2024
"""家人们，我来泼个冷水，这股两月份还有海螺水泥眼巴巴的等着减持呢。外面增持增加信心""",2,5,2024
"""三十六股市何在""",2,5,2024
"""转发""",2,5,2024
"""遇到类似的可以大家一块举报。""",2,5,2024
"""会不会春节过后就上演连续性的开门红呀？？？""",2,5,2024
"""守得云开见月明！什么也不说了！能以最小的代价拉动大盘只有拉金融！今天割的明天又要""",2,5,2024
"""我进来了，只有高开的预期才能上行。""",2,5,2024
"""明天看大盘吧，反弹几率很大，而且报复性反弹的几率很大，，其他靠自己了""",2,5,2024
"""不回购吗？是不是股价太高了。""",2,5,2024
"""跌停板买入300股，明天跌停板继续买入""",2,5,2024
"""周五赚6个点没跑完，现在倒亏4个点""",2,5,2024
"""现在的股市谁也没经历过，所以谁也说不清楚""",2,5,2024
"""融资借钱炒股的人，今年过年怎么办，""",2,5,2024
"""36神不敢回来了，其他类似人，如果有良知，也不敢再大放厥词了。""",2,5,2024
"""MD,今天太多跌停板了，龙虎榜都出不过来[怒]""",2,5,2024
"""很多公司都在回购自己股票，你干啥呢，不发表一下态度啊""",2,5,2024
"""轩豪50w实盘炒股之旅（第85天）2024年2月5日（星期一）今天实盘：目前空仓""",2,5,2024
"""走中继，明天一字稳了[大哭][大哭][大哭]""",2,5,2024
"""昨天疯狂发帖说涨停的那位出来走两步，还胡编乱造说要重组，己经报警了，等结果""",2,5,2024
"""今天做了个t，尾盘思量再三，还是买回来了，虽然只买了100股""",2,5,2024
"""这股情绪实际很好，坏就坏在四个字上“机构重仓”踏马的""",2,5,2024
"""马上市直考核了，你想干啥""",2,5,2024
"""大家要明智一点，该走就走，该尊重市场，就要尊重市场啊，该做t就要做t，该出货就要""",2,5,2024
"""尾盘急速跌停，明天至少低开5个点，10点前跌停封板""",2,5,2024
"""下跌中继""",2,5,2024
"""不发监管涵了吗？""",2,5,2024
"""$新力金融(SH600318)$""",2,5,2024
"""多杀多，自相残杀[捂脸]""",2,5,2024
"""不敢跟家人说，满仓，想死了[哭]""",2,5,2024
"""明天多杀多全部变空头，这一波确实人为杀跌""",2,5,2024
"""真恐怖居然有一千多股跌停""",2,5,2024
"""明天多杀多，全部变龙头""",2,5,2024
"""今天有榜了吧""",2,5,2024
"""尾盘买一手试试手！""",2,5,2024
"""有下午盘入这货的吗？""",2,5,2024
"""这货是金证股份的小弟吧""",2,5,2024
"""转发""",2,5,2024
"""现在股票市场没有什么技术可言，基本面技术面统统不好使，""",2,5,2024
"""周五抄底，幸好清得快！不然缩水多几千！""",2,5,2024
"""6668.08的本，十五个点了，明天又要加仓了，唉""",2,5,2024
"""这个时候还出货，你以为主力和你一样傻吗？""",2,5,2024
"""今天收盘封死跌停有点难搞了[惨!关灯吃面]""",2,5,2024
"""亏十二万""",2,5,2024
"""亏光了""",2,5,2024
"""跌停价买了一点""",2,5,2024
"""昨天还以为踏空了，今天""",2,5,2024
"""9元3的本""",2,5,2024
"""抄底抄个寂寞，还是赶紧跑路了[捂脸]""",2,5,2024
"""gjd护盘的情况大股东想着减持，厉害""",2,5,2024
"""今天这走势比直接跌停更能骗了更多散户接盘，庄是恶心，明天又直接闷杀[哭]""",2,5,2024
"""已经在这个位置，再唱空有意思吗？""",2,5,2024
"""惨无人道呀""",2,5,2024
"""今天开盘跌停，还后悔没买。3:00一看挺好""",2,5,2024
"""$新力金融(SH600318)$""",2,5,2024
"""三十六小丑删帖跑路了""",2,5,2024
"""盘口之争很残酷""",2,5,2024
"""$新力金融(SH600318)$""",2,5,2024
"""今天还想着卖错了看看A不能想太多""",2,5,2024
"""明天涨停""",2,5,2024
"""$新力金融(SH600318)$""",2,5,2024
"""看上我吗这几千块了？吗比，你有本事跌99％""",2,5,2024
"""$新力金融(SH600318)$""",2,5,2024
"""吃了五个跌停，抄底等抄家[怒][怒][怒]""",2,5,2024
"""和中粮一个主力，中粮跌，他也就跌了。""",2,5,2024
"""此次下跌就是把中小户打爆仓，退出股市，老老实实去打工。""",2,5,2024
"""就这样了，完了。""",2,5,2024
"""感觉这个跌停很危险，趋势变了向下突破""",2,5,2024
"""抄底的太爽了""",2,5,2024
"""昨晚那个无脑唱多的什么股神，要举报查一查才行。""",2,5,2024
"""7.51最后一点清了""",2,5,2024
"""两万手封的死死的""",2,5,2024
"""明天还有一跌停""",2,5,2024
"""炒股太难了。竟然跌停""",2,5,2024
"""现在知道那些苟托的目的了吧""",2,5,2024
"""好恶心""",2,5,2024
"""明天继续喜提跌停板，还好管住手""",2,5,2024
"""今天的出货堪称教科书式，明天可往下砸了""",2,5,2024
"""这个行情，这个市场，是不是应该有人应该被拉出去问责呢？散户太难了，让我们价值投资""",2,5,2024
"""安静了，安心过年""",2,5,2024
"""靠""",2,5,2024
"""兄弟们，准备销户吧，这玩意谁爱玩谁玩""",2,5,2024
"""纯股""",2,5,2024
"""股神三十六计走为上，哈哈""",2,5,2024
"""大过年的不得善中""",2,5,2024
"""清仓所有股，最后的机会难得，融资做空，雪球爆仓，质押也快了，明天低开低走又套一批""",2,5,2024
"""好坑吧[呲牙]！不要稍反弹点就下手，大盘这位置还不是底""",2,5,2024
"""空仓，空仓，空仓，要是乱跑可能亏更多，大不了不玩了大a""",2,5,2024
"""地板捡筹码""",2,5,2024
"""……""",2,5,2024
"""真tm牛逼，空军完胜！""",2,5,2024
"""明天开始连续点了""",2,5,2024
"""怎么还不板呢？等鸡丝了！""",2,5,2024
"""其实这股不稳定了，最主要的是大股东减持，始终是个问题，小伞不会愿意拉的。""",2,5,2024
"""呕吼吼，差点给割了""",2,5,2024
"""明天更危险。明显主力今天出货。""",2,5,2024
"""我刚才已经买了1000000手""",2,5,2024
"""服了""",2,5,2024
"""跌停？""",2,5,2024
"""明天一字地板。鉴定完毕[大笑]""",2,5,2024
"""补跌[亏大了]""",2,5,2024
"""跌停算了，新力片纸，又在诱多""",2,5,2024
"""你们这些250不看好就滚远点""",2,5,2024
"""跌停了快""",2,5,2024
"""赶紧跑吧马上跌停""",2,5,2024
"""马上跌停""",2,5,2024
"""上午大盘那么差干嘛不跌停？操盘手""",2,5,2024
"""又要跌停""",2,5,2024
"""下午又全是唱空的，服了""",2,5,2024
"""蚊子腿也是肉""",2,5,2024
"""明天开始真正A杀——""",2,5,2024
"""这个走势尾盘闪崩可能性不小""",2,5,2024
"""别进，主力在出，""",2,5,2024
"""这票就像瘸子的拐杖，腿脚不利索这就是神器，腿脚好了这就是垃圾，立即丢弃！""",2,5,2024
"""被你活活气死""",2,5,2024
"""这个庄家很狗啊""",2,5,2024
"""下午在出货""",2,5,2024
"""还好上周五拉涨停出了大部分！真的不要抱任何幻想！就算卖错我也卖，出来了，思路更清""",2,5,2024
"""大盘起来他就费""",2,5,2024
"""看不懂，你说它弱吧，昨天又拉起来了，早上也很顽强，下午大盘起来了，这货反而不行了""",2,5,2024
"""今天红盘必跑，水下获利的太大，明天要低开""",2,5,2024
"""没戏了，越来越低[微笑]""",2,5,2024
"""如果你看好新力，应该切换到龙头金证去，后悔做T了没换金证""",2,5,2024
"""主力还在睡觉""",2,5,2024
"""一鼓作气，再而竭，三而衰，冲了三次7.5不过就会往下走""",2,5,2024
"""6.9买的，现在赚钱了，明天再冲一冲就高抛过节不玩了""",2,5,2024
"""早盘跌停板附近买的兄弟们可多?我下手慢了没买到，我是6.90买了些……""",2,5,2024
"""借大盘拉升疯狂出货，明天开盘又杀一个跌停""",2,5,2024
"""借大盘出货无疑""",2,5,2024
"""资金去金证了""",2,5,2024
"""一会大盘红了，这个逼就要大跌下去了""",2,5,2024
"""主力庄家被切割了小弟弟。""",2,5,2024
"""庄家已经被废了""",2,5,2024
"""够强势了，拿住！""",2,5,2024
"""越极端越有机会！//@蛰伏SJ :出发！//@蛰伏SJ :H333→SH333（""",2,5,2024
"""为什么删我，我动别人蛋糕了，我说翻红说错了""",2,5,2024
"""小三注意安全""",2,5,2024
"""这个票就没跟过大盘""",2,5,2024
"""板块龙头位置被抢了，弱势。择机，浪费表情""",2,5,2024
"""加对了""",2,5,2024
"""平盘我就可以回本[哭][哭][哭][哭]，这么难""",2,5,2024
"""上方抛压很大""",2,5,2024
"""太弱了一点妖气都没""",2,5,2024
"""珍惜生命，加入新力""",2,5,2024
"""A股颠覆了我的认知，五千多家的下跌，一千多家的跌停""",2,5,2024
"""打开高度大家一起协助主力""",2,5,2024
"""拉涨停护盘了""",2,5,2024
"""我早就说过现在不能买股票不能买，偏不听，后悔去吧""",2,5,2024
"""拉到八块""",2,5,2024
"""收盘跌停赶紧撤听人劝吃饱饭""",2,5,2024
"""按错了了[捂脸]跌停了我再接回来""",2,5,2024
"""持续买入""",2,5,2024
"""一点不慌，割肉的全是套牢盘，这几天水下进的多少都有点利润，只要庄还在后面一定有行""",2,5,2024
"""下午拉升，做护盘先锋""",2,5,2024
"""喋喋不休，没完没了，怎么搞？关机，关软件，肉已经割完了，今年只能过个没有肉味的年""",2,5,2024
"""好久没来了，我来看看永远陪伴加了多少仓""",2,5,2024
"""有没有可能今天是龙头，明天就补跌""",2,5,2024
"""下午大盘很可能会红，今天发一波小福利，我进了新力金融，特发信息，资金都比较活跃，""",2,5,2024
"""兄弟们拿好了，今年只能做这支股票了。""",2,5,2024
"""天地板天地板天地板！""",2,5,2024
"""护盘够力""",2,5,2024
"""大家一起买一点加一点仓助助力，不是忽悠大家接盘，如果你看好，可以助助力""",2,5,2024
"""这货非得大盘红了，他才会红，但是这是不现实的[微笑]""",2,5,2024
"""外面动不动就是跌停，打开跌停，没像以前有快速拉伸，你们还敢买呀，主力出货了""",2,5,2024
"""报告主力，这里还有一个漏网之鱼""",2,5,2024
"""恭喜留意通知的家人们躲过了大幅调整，后续我们择机再战。相信大家其他标的跟上的，今""",2,5,2024
"""下午还有高点，庄家深水已经拿到货""",2,5,2024
"""看看多元金融板块，这个居然是龙头，我的妈呀真没见过这场面""",2,5,2024
"""千股跌停太残暴，暂时止跌喘口气，今日酸辣粉抄底""",2,5,2024
"""做了个反t玛德""",2,5,2024
"""谁再唱多""",2,5,2024
"""7.6成本，8块出，不过份吧，今天""",2,5,2024
"""上去就是最靓的仔[得意]""",2,5,2024
"""卖飞了，也不敢抄回来""",2,5,2024
"""过去三天多元金融龙头是新力金融，未来三天有可能涨停。""",2,5,2024
"""金证都红盘了，你收购它，还是它收购你啊。""",2,5,2024
"""好股，跌停买入的赚了。""",2,5,2024
"""再不拉我都要睡着了""",2,5,2024
"""有大单拉到平盘，我就试试水，没大单就看戏[大笑]""",2,5,2024
"""600830""",2,5,2024
"""本大师水下9个点买入新力金融31万，目前大赚8个点吃肉绝对稳了，明天加仓吃大红包""",2,5,2024
"""三十六股神人在哪里！在医院还是在地下室割肉""",2,5,2024
"""这个票可以抄底""",2,5,2024
"""说实话今天真的硬很给机会跑了[捂脸]""",2,5,2024
"""36股神赶紧出来干活唱多了""",2,5,2024
"""感谢新力""",2,5,2024
"""马上要拉了""",2,5,2024
"""学学金证，首证，拉红不好吗""",2,5,2024
"""过年前看戏，过个好年，千万别看还可以就买，也许明天就补跌了[大笑]""",2,5,2024
"""36这是主力洗盘，卖了没，没卖赶紧加仓，底部卖了，赶紧追回来，下午还要涨停[""",2,5,2024
"""这行情，就一句话，量力而行！我还是看多大a，就这么简单！""",2,5,2024
"""这么差的行情，还得跌停，随时进场随时等着吃套，今天7.03全部清仓离场等6块再考""",2,5,2024
"""挺佩服海螺水泥的，公司咋样不知道，炒股确实有一手，出货直接就是最高点。估计得赚了""",2,5,2024
"""留下的发财，一卖拉上最高，差3个多点，留点钱过年算了，太可怕了""",2,5,2024
"""差不多了""",2,5,2024
"""雪球爆盘，开始两融公募爆盘""",2,5,2024
"""抄底成功！持股等待主力拉升了""",2,5,2024
"""其它被按在地板上，玩玩新力也不错""",2,5,2024
"""新力金融下午可以看到红盘""",2,5,2024
"""这种行情建议大家不要参与，大部分人情绪上承受不了！今天就算涨停，也不要觉得可惜！""",2,5,2024
"""诱多，还不跑等啥，必跌停""",2,5,2024
"""酒没醒，买点成卖，清仓了，我也服了，不点错做T赚好几个点""",2,5,2024
"""冲鸭涨停吧！""",2,5,2024
"""可惜，量不够""",2,5,2024
"""拉个地天救救板块吧""",2,5,2024
"""8.67成本做了几次终于降到7.7了，一个月亏了7万3，这个年过得郁闷""",2,5,2024
"""-9精准割肉卧槽""",2,5,2024
"""满仓""",2,5,2024
"""洗盘吸筹明显，就是不走，赶紧上车涨停无疑""",2,5,2024
"""支持主力大笔买起来，我已经把超跌没反弹的股割了，进来了。""",2,5,2024
"""新力金融如果不上涨，大盘就难上涨""",2,5,2024
"""据公开信息披露，贵公司行业内不少企业运营管理中都实施了区块链技术，是否对贵公司维""",2,6,2024
"""十点，跌七点以上3200多家，新力还算较强了……""",2,5,2024
"""一会又要爆拉了""",2,5,2024
"""坚信大a！今天你们看我表演！接盘等我来，你们想逃就逃，这行情，确实难！""",2,5,2024
"""有主力护盘的股，怕个毛线""",2,5,2024
"""举报一波""",2,5,2024
"""出发！//@蛰伏SJ :H333→SH333（满仓）→H007（满仓+融资）下周""",2,5,2024
"""我来抄新力""",2,5,2024
"""三十六股神把你吓死了没有，卖了没，三十六股市，高位尾盘买回来，今天又水下割肉，你""",2,5,2024
"""做了个反t，成本高了，股数少了[囧]""",2,5,2024
"""没量就疯狂做T""",2,5,2024
"""卖它买了你""",2,5,2024
"""抄了个老底，继续拉红。""",2,5,2024
"""开盘卖，底部接，坚持实盘，你够胆吗？[怒]""",2,5,2024
"""升哥团进来抄底了，按死别让他们出去！！！！""",2,5,2024
"""快跑，跌停时间问题""",2,5,2024
"""海螺水泥减持公告的目的：精准做空A股终于达到了，致使整个资本市场打穿老底不断下跌""",2,5,2024
"""抄底抄底抄底抄底抄底抄底抄底""",2,5,2024
"""这行情我都想空仓了，但是想了想在你这吃了30%多，大不了还给你，我在里面陪你算了""",2,5,2024
"""好股票擦""",2,5,2024
"""不是我要抄，是你送给我的有什么办法！""",2,5,2024
"""开盘全部卖出，底部分批接回！[怒]""",2,5,2024
"""无量下跌！！够狠！""",2,5,2024
"""哈哈韭菜又被割了""",2,5,2024
"""第二大股东海螺水泥减持公告目的很明显，就是做空资本市场""",2,5,2024
"""开盘买入！！！""",2,5,2024
"""波大适合T""",2,5,2024
"""三十六计股神，神经病""",2,5,2024
"""其它都切勿相信，看9.23分左右就行！[吃瓜][吃瓜][吃瓜]""",2,5,2024
"""神盾经过，遍甲不留，一秒不停地跑吧，立帖为证！""",2,5,2024
"""这股危险，那么多无脑唱多，不乐观！！""",2,5,2024
"""我刚刚看了一下分时成交，新力金融周五14时24分46秒启动拉升，金证股份是14是""",2,5,2024
"""今天梭哈""",2,5,2024
"""基金融卷""",2,5,2024
"""小作文漫天飞，中国动力，中国科传，格力电器，新力金融，剑桥科技，中马传动，中国船舶，浦东金桥，中银证券""",2,5,2024
"""此刻的以及对它坚定不移的价值投资的选手，未来必定被写入各种股票书籍。其中的酸甜苦""",2,5,2024
"""爆量，深V！""",2,5,2024
"""财联社记者注意到，对比2023年“一号文件”提出的“加强资本下乡引入、使用、退出""",2,5,2024
"""为什么该推广的贴却没有浏览量？""",2,4,2024
"""反弹就卖！割都要卖！怕卖飞就分批卖！找出来换个角度看心境都不一样""",2,4,2024
"""跌停跑""",2,4,2024
"""看这么多唱多的，高开必砸盘，低开也得砸盘""",2,4,2024
"""我来说下这个三十六股市，第一点周四就买了新力，周五好像被洗出去然后周五尾盘接回来""",2,4,2024
"""周五满仓吃肉了，明天主力拉涨停""",2,4,2024
"""大家千万小心这个第几代股神的话，千万别买，买的要立即卖。""",2,4,2024
"""大家千万小心这个第几代股神的话，千万别买，买的要立即卖""",2,4,2024
"""明日集合竞价怎么看""",2,4,2024
"""大家一起看看中科信息吧！新力金融搅黄，""",2,4,2024
"""又来很多唱多的，这个吧真热闹。帖子评论层出不穷。有何目的？""",2,4,2024
"""明天开盘""",2,4,2024
"""1.低开-2%以上，清仓大甩卖！2.高3%左右出半仓，再低吸。3.高开8.95以""",2,4,2024
"""千万不要相信一些人的蛊惑之语，万一是托将是万劫不复，即便是真的又怎么样。""",2,4,2024
"""不好意思啊，我家三十六小弟输疯了。明天大盘不稳，各位注意风险，低吸高抛才是王道。""",2,4,2024
"""$新力金融(SH600318)$""",2,4,2024
"""吧里拖太多了，明天不妙～""",2,4,2024
"""新股没有暂缓前，千万别动。看看看""",2,4,2024
"""大家注意啦。开始有人散布谣言唱多了，周一冲高找人接盘了""",2,4,2024
"""开始抄底！短线就得适应股市，短线就是要填补空白""",2,4,2024
"""新力金融本周融资净买入9261.1万元，两市排名第七""",2,4,2024
"""今晚吃肉喝酒，喜迎明天涨停""",2,4,2024
"""看了大家激情澎湃，周一冲高回落，必须套人。""",2,4,2024
"""来了""",2,4,2024
"""韭菜躺平了[大笑][俏皮]麦苗苗当韭菜割也不错！2444.666是市场大底我二个""",2,4,2024
"""买少了，农业重大利好，中央一号文件""",2,4,2024
"""每年都有一号文件，不是多大的利好，我真服了，每个周日唱多的就跟打了鸡血一样，周一""",2,4,2024
"""买少了""",2,4,2024
"""还在这只股票里的不要担心，更加不要现在割肉，除非你借的高利贷和加的杠杆，现在是股""",2,4,2024
"""突然来了很多拖来唱多一号文件，明天冲高小心了""",2,4,2024
"""其实什么文件都好，对于大盘来说只是小风一阵，看大盘继续破2700，因为周末就没有""",2,4,2024
"""帖都发不出去，一直有人在问，那个什么号文件，跟新力金融有多大关系，这两张图让你们""",2,4,2024
"""蒙蔽了，怎么人气越来越高""",2,4,2024
"""新力到底跟一号文件有没有关系？""",2,4,2024
"""人气有点高啊。周一要么成神，要么步入下跌趋势了。""",2,4,2024
"""周一绝对跌，年前北向资金不会拉升，只会出货和套人！""",2,4,2024
"""还好没有基金持仓，万幸啊""",2,4,2024
"""不是托不是托，为什么多元金融里只有新力一个独苗，板块里面短线超跌的有很多，资金选""",2,4,2024
"""一号文供销社概念。新力金融600318板块行情入选理由：公司的实际控制人为安徽省""",2,4,2024
"""供销社有中农联合，经融有金证股份，然而这两个概念都有的只有新力金融，还搭上了新质""",2,4,2024
"""上面的套牢盘还没下来，冲进去做炮灰""",2,3,2024
"""$新力金融(SH600318)$""",2,3,2024
"""请问明天开盘吗？""",2,3,2024
"""这个票百分之十的融资盘，百分之五的二股东要减持，这次减了，下次就不用发公告了，想""",2,3,2024
"""又有一个无脑唱空的，什么坚果妹唱空以后3板横盘又来一板，这个兰陵王唱空能开几""",2,3,2024
"""融资爆仓会是什么状态""",2,3,2024
"""融券爆仓，强制平仓会是什么样子？""",2,3,2024
"""大哥说了，新力金融有大减持，拉不动……周一清仓拉天鹅股份、大集。""",2,3,2024
"""新力金融农头不是龙头！金融不是金融！还是5，6，7拾年的供销合作社。你看以前的农""",2,3,2024
"""看这个热度，明天高开套人了""",2,3,2024
"""罗列一下利好""",2,3,2024
"""2024中央一号文件发布，新力金融是供销社概念，三农啊""",2,3,2024
"""炒股只看开市10分钟，就知当天走势，反正走出来的是这么说的。原本我没有当做一回事""",2,3,2024
"""周一涨停，又再次提及新质生产力了。""",2,3,2024
"""新质生产力""",2,3,2024
"""唉，两天连着打到我预定上车线，结果在其他地方被套没仓位上，真可惜哦[可怜][可怜""",2,3,2024
"""行情虽未止跌，我们可继续抓反抽""",2,3,2024
"""H333→SH333（满仓）→H007（满仓+融资）下周继续大跌一步一步进行策略""",2,3,2024
"""哪些单位会成为平准救市基金的参与者？""",2,3,2024
"""大跌将至""",2,3,2024
"""6.91成本吃了一波肉，昨天已接回来！[吃瓜][吃瓜][让我看看][滴汗]""",2,3,2024
"""很遗憾，周五没有封板，不然就解套了，周一还能涨五个点吗？a50大跌，周一大盘又是""",2,3,2024
"""新力金融：融资余额3.37亿元，创近一年新高（02-02）""",2,3,2024
"""新力转身做龙头""",2,3,2024
"""退市""",2,3,2024
"""下周将要扮演黑山老妖粉墨登场…""",2,3,2024
"""新力下周绝对有戏，拉升时间和神秘资金拉升时间如出一辙，是一批主力所为，下周情绪好""",2,3,2024
"""我感觉周末应该有金融类的大利好消息""",2,2,2024
"""下周低开全仓进""",2,2,2024
"""今天尾盘涨停是公司自己拉升的""",2,2,2024
"""新力金融的25亿授信.可以开展捡尸队业务""",2,2,2024
"""，同意公司与合并报表范围内的全资子公司、控股子公 司及其下属公司拟向合作金融机构""",2,2,2024
"""偷偷观察中""",2,2,2024
"""冲动是魔鬼呀""",2,2,2024
"""好人难做啊！喊赚钱的机会来了，喊还会创新高，喊底部来了，喊拿好筹码逢低加仓会反弹""",2,2,2024
"""新力金融下周直接3天连板，一点机会都不给""",2,2,2024
"""反弹我就吃你，你有本事就让我亏[旺柴]""",2,2,2024
"""有替代中粮资本的潜力！""",2,2,2024
"""威士顿，新力金融，首创证券，国盛金控，神雾节能""",2,2,2024
"""这样的换手都没有龙猫榜吗？？""",2,2,2024
"""星期二减持吗？""",2,2,2024
"""周一涨停""",2,2,2024
"""你这是追着打啊""",2,2,2024
"""看着有点堆量换手的意思，有机会二波吗。""",2,2,2024
"""换手这么高没榜吗？""",2,2,2024
"""清了哈哈，下周低点再来战，""",2,2,2024
"""二月二十六日才减持""",2,2,2024
"""这只股很容易走二波啊！就是干""",2,2,2024
"""今天追高的把缺口补了""",2,2,2024
"""还是没有金证强势啊？""",2,2,2024
"""利好来袭！下周一直涨！！！！""",2,2,2024
"""今天清仓了，下周回调后再""",2,2,2024
"""轩豪50w实盘炒股之旅（第84天）2024年2月2日（星期五）今天实盘：新力金融""",2,2,2024
"""金融监管总局：合理拓宽固定资产贷款和流动资金贷款的用途及贷款对象范围""",2,2,2024
"""这么多人在做里面T吗？""",2,2,2024
"""我不信周一不冲高？？？""",2,2,2024
"""干他！满仓干""",2,2,2024
"""安徽省中安金融资产管理股份有限公司持有金洲多少呢""",2,2,2024
"""今天没上榜？""",2,2,2024
"""这票为什么连续三年亏损，没有ST呢？、、、、""",2,2,2024
"""还是涨停了，就是开盘跑了""",2,2,2024
"""新力带动金融成龙头25涨停板新力，今天刷了一下午了玛德怎么好多少不信""",2,2,2024
"""7.15有五万手哥，厉害""",2,2,2024
"""昨天有个三十六神来唱多，今天一字板涨停，结果真涨停了，那人果然是股神，今天咋不见""",2,2,2024
"""今天肯定有早上卖出下午追高买回来的""",2,2,2024
"""纪念指数见底，开启大反攻""",2,2,2024
"""啥也不说了，少输当赢。""",2,2,2024
"""亲，利好这支股票不？""",2,2,2024
"""今天又套一大批""",2,2,2024
"""6.88重仓，卖早了一部分，已经很知足了""",2,2,2024
"""新力金融:安徽新力金融股份有限公司关于控股子公司为上市公司融资提供抵押担保的公告""",2,2,2024
"""今天有神仙操作的吗？""",2,2,2024
"""16:19:34【国家金融监督管理总局：合理拓宽固定资产贷款和流动资金贷款的用途""",2,2,2024
"""总觉得会有1元空间，于是在6.89挂买，7.95挂卖。竟然成了。""",2,2,2024
"""个人观点，看来今天又套死一大批呀""",2,2,2024
"""反正我是卖了，这样的大盘拿不住。等回调再买入""",2,2,2024
"""还亏-5.2%[哭]""",2,2,2024
"""2.25分，大盘要是不起来""",2,2,2024
"""叼，一卖就涨，而且涨疯了[为什么][为什么][为什么][为什么][为什么]""",2,2,2024
"""市场呼吁设立平准基金，请问公司有没有准备参与该基金？""",2,6,2024
"""今天是供销社反抽拉起来的""",2,2,2024
"""跑都跑了，又回来回去俩千""",2,2,2024
"""各位股友，明天有上涨的可能吗?""",2,2,2024
"""涨停板时高兴傻了，竟然没跑。""",2,2,2024
"""想当初满仓新力金融拿着半年没涨，12月抛掉买了科技股，这个月老惨了""",2,2,2024
"""虽然不知道为啥买你，但你还是没让我失望，板不板无所谓的，大资金进场了，下周必有冲""",2,2,2024
"""感谢主力清仓走人！""",2,2,2024
"""主力拉升跑了，明天低开7元10""",2,2,2024
"""终究是倒在黎明前""",2,2,2024
"""金证股份，才是老大""",2,2,2024
"""今天做了个极妙T，感谢主力大佬""",2,2,2024
"""格局到最后一分钟，大盘没红，还是不看好后续走势，做了个T[吃瓜]""",2,2,2024
"""早上挂的九个点卖出成交了，手贱6个点又买回来又给我套山顶上""",2,2,2024
"""$新力金融(SH600318)$""",2,2,2024
"""涨停打板进的人，是不是哭了""",2,2,2024
"""直接封死星期一一致板不行吗""",2,2,2024
"""大极端大交易！""",2,2,2024
"""慢慢找属于自己模式最重要""",2,2,2024
"""$新力金融(SH600318)$""",2,2,2024
"""终于等到你，两天有机会我都没跑，赚钱我都没跑，水下五个点怎么可能割肉呢？""",2,2,2024
"""今天有没有榜看？""",2,2,2024
"""，本来过年前老老实实的空仓的，结果被忽悠进来了，在大金融里躺着的，""",2,2,2024
"""涨停""",2,2,2024
"""这次惨了，又要割肉了，哎收手了，这次卸载软件不看才行""",2,2,2024
"""中国股市只有空头赚钱，看多的人总是亏""",2,2,2024
"""有后劲""",2,2,2024
"""一顿操作猛如虎，一点账户血赚5.5万""",2,2,2024
"""哈哈哈哈哈哈，板""",2,2,2024
"""我一卖没两分钟你就拉涨停。有仇。真的有仇""",2,2,2024
"""操作不错""",2,2,2024
"""今天不跑的，周一又要大跌了""",2,2,2024
"""弄不好是国家队进来了""",2,2,2024
"""新力这波主力回来收尸，高点离场，现在财大气粗，最近应该能稳住了""",2,2,2024
"""要死了，我冲进来了，又要割肉，还我钱我不玩了[哭][哭][哭][哭]""",2,2,2024
"""要封板就直线封了一直给你们上车为了什么自己想吧""",2,2,2024
"""主力做T""",2,2,2024
"""什么情况？一直咬牙坚持下去！涨7个点减半仓[滴汗]""",2,2,2024
"""没钱你拉什么涨停？？""",2,2,2024
"""尾盘不出意外继续涨停，明天一字板涨停！""",2,2,2024
"""明天又要跌停""",2,2,2024
"""抢龙头，来了，上，加[怒][得意]""",2,2,2024
"""涨停卖了，明天接回""",2,2,2024
"""只敢看不敢干，亏损没子弹了！""",2,2,2024
"""跑了[大笑]""",2,2,2024
"""今天必须涨停。你做多国家。我为你点赞""",2,2,2024
"""这个T做的完美每天减3角本钱[捂脸]""",2,2,2024
"""坚持就是胜利""",2,2,2024
"""7.89先减15000股盈利状态[笑哭][捂脸]""",2,2,2024
"""新力金融今天表现可圈可点，今天打光了所有子弹""",2,2,2024
"""“人民日报发文表示，新质生产力相对于传统生产力而言的，是指大量运用大数据、人工智""",2,6,2024
"""年前再给跌回来一定""",2,2,2024
"""空头没子弹了，就看散户了""",2,2,2024
"""封不住，？？？""",2,2,2024
"""早上挂的涨停单子给我成交了""",2,2,2024
"""没看盘，莫名其妙现实成交，原来早上挂单忘了撤了[哭]""",2,2,2024
"""接近涨停跑了""",2,2,2024
"""超个小底，心里没底，一样强势反弹。""",2,2,2024
"""今天地板卖出长江投资，差点没吐血。然后710买了你，早上差点气疯。还好你起来了。""",2,2,2024
"""牛逼牛逼""",2,2,2024
"""被吞了""",2,2,2024
"""新质生产力龙头就他了，其余都是小弟儿""",2,2,2024
"""果然开始了""",2,2,2024
"""什么意思？明天又要跌停？""",2,2,2024
"""打爆空狗""",2,2,2024
"""为拉升的游资点赞。和做空国家的资金抗衡。你最棒的。我替国家感谢你。好股。跟了""",2,2,2024
"""转发""",2,2,2024
"""7.4清了一半就一下拉上去了[捂脸]""",2,2,2024
"""横豪，你乃神也。""",2,2,2024
"""……[为什么]""",2,2,2024
"""我骄傲了吗？[哭][哭][哭]""",2,2,2024
"""昨天尾盘进的，今天早上出了，我也是醉了""",2,2,2024
"""真狠，老子一割就垃""",2,2,2024
"""666""",2,2,2024
"""证监会：引导证券公司通过延长追保时间、动态下调平仓线减少强平风险证监会网站3小时""",2,2,2024
"""牛逼就是牛逼""",2,2,2024
"""逆势封板！！！""",2,2,2024
"""沃日""",2,2,2024
"""真是搞笑，刚刚卖就冲""",2,2,2024
"""拉萨军团给我上""",2,2,2024
"""护盘了！冲啊！！！""",2,2,2024
"""买了，涨停""",2,2,2024
"""你是典当行，融资的，肯定很多老板过来卖东西，借钱[笑哭][笑哭][鼓掌][鼓掌]""",2,2,2024
"""开你吗的玩笑.忍了半天""",2,2,2024
"""还有空方在卖，牛""",2,2,2024
"""你跑他拉、他拉你跑.唯有不动尔！""",2,2,2024
"""又是拉高。。小""",2,2,2024
"""牛你还是金融股大盘这样都影响不了你""",2,2,2024
"""5151下跌""",2,2,2024
"""5100下跌""",2,2,2024
"""散户们一起进来抱团拉涨停，赶紧把你们其他股割了，来拉涨停[怒]""",2,2,2024
"""$新力金融(SH600318)$""",2,2,2024
"""时隔一周多，我又进大金融了，大金融肯定要拉的，常山药业每天都冲高回落，今天就不开""",2,2,2024
"""感谢大哥放我走，吓死我了""",2,2,2024
"""这种票不全是技术面的，更多看的是位置和消息的""",2,2,2024
"""我承认，我怕了[哭]""",2,2,2024
"""妖股发力啊""",2,2,2024
"""今天新力要做个大盘逆子！！！！""",2,2,2024
"""2700破了算求""",2,2,2024
"""带个好头""",2,2,2024
"""还要绿""",2,2,2024
"""学学中马传动啊""",2,2,2024
"""今天叠加了供销社上涨，应该有后劲""",2,2,2024
"""快点拉板""",2,2,2024
"""我又来了""",2,2,2024
"""带头大哥，靠你了""",2,2,2024
"""新力两天一枝独秀，金融股里最早启动，就马上公告减持，也最早A杀，事出反常必有妖""",2,2,2024
"""跑了，终于喘口气了""",2,2,2024
"""做t好票啊！哈哈我6.88重仓""",2,2,2024
"""大盘后面涨指数还得靠金融股和证券[旺柴]""",2,2,2024
"""最低买了点底仓，还想再跌补点。。。。没想到这么高了[滴汗]""",2,2,2024
"""还是弱""",2,2,2024
"""7.4跑了""",2,2,2024
"""都跑了吧""",2,2,2024
"""现在冲高要跑[大笑]""",2,2,2024
"""大慨尾盘涨停。7.2的成本，不卖""",2,2,2024
"""新力金融今天护盘来了[大笑]""",2,2,2024
"""快快快买买买买买买""",2,2,2024
"""你太牛了""",2,2,2024
"""这几天震荡上方的套牢盘减少，底部筹码越来越集中，多方力量越来越强""",2,2,2024
"""牛逼，可惜没进""",2,2,2024
"""$新力金融(SH600318)$""",2,2,2024
"""新力雄起!新力毕竟占了“新质生产力”中的两字""",2,2,2024
"""异军突起——新力金融""",2,2,2024
"""7.50跑了！后面的发财！""",2,2,2024
"""我坚定看好a股，打爆空狗！[怒]""",2,2,2024
"""这么小的股，还为国护盘，就是炒个噱头""",2,2,2024
"""赌博就是赌博[大笑]""",2,2,2024
"""哈哈哈，我的新力金融也爆拉""",2,2,2024
"""早上抄底抄早了，生怕踏空。。""",2,2,2024
"""7.5全跑了，哈哈哈………""",2,2,2024
"""雷庭豪横是新力吧里最历害的一个抄者。""",2,2,2024
"""该做t做t该出货出货""",2,2,2024
"""现在拉升刀头上舔血啊别的都在往下砸""",2,2,2024
"""不对劲""",2,2,2024
"""啊啊啊啊啊，服死我自己了""",2,2,2024
"""太感人了[色][色][色]""",2,2,2024
"""就喜欢这根大阳线""",2,2,2024
"""没有量呀""",2,2,2024
"""逆市涨停，周一就一字了""",2,2,2024
"""7.06建仓，尝试下[惊吓]""",2,2,2024
"""收盘如果最高价，就牛了""",2,2,2024
"""你才是新质生产力的龙头股[大笑][大笑][大笑]""",2,2,2024
"""三万手是干啥的""",2,2,2024
"""空投来了""",2,2,2024
"""快爆仓了，怎么又拉上来了""",2,2,2024
"""韭菜命，每次都亏""",2,2,2024
"""不错，新力金融也起来了""",2,2,2024
"""此贴为证，今天如果涨停，请你们喝奶茶[吃瓜]""",2,2,2024
"""$新力金融(SH600318)$""",2,2,2024
"""资金已到位合力拉涨""",2,2,2024
"""翻红可加仓""",2,2,2024
"""大盘动了你也不动下""",2,2,2024
"""看稳的住不""",2,2,2024
"""好股，好公司。一句话三个字，干。[得意][得意][得意]""",2,2,2024
"""【2.2】今天买点来赌博6.86""",2,2,2024
"""下午翻红""",2,2,2024
"""终于理解繁花里的“捡尸”了""",2,2,2024
"""涨停""",2,2,2024
"""加吧！！！""",2,2,2024
"""如果下午收回来就买三层仓。""",2,2,2024
"""三季度高盛来了、这个是外资吗？为什么要来这个股、难道看好吗？""",2,2,2024
"""前天听内部人士讲了，福彩内搞一笔，体彩也跟风搞了一笔，反正也没人管没人查，所以泟""",2,2,2024
"""下午金融发力，预计拉板，低位已买。""",2,2,2024
"""如果股市可以和买涨一样，买跌卖涨卖跌拥有四个功能不通过券商那就好了，我觉得政府设""",2,2,2024
"""1111""",2,2,2024
"""我就搞不懂为毛一涨人气就彪升为毛我们小散的眼光弄独特""",2,2,2024
"""我九鼎吃了一个跌停，早上赚钱没跑，现在只能继续加仓，心疼死了""",2,2,2024
"""垃圾股""",2,2,2024
"""此股挺安全的没必要割肉，A杀得够深够透，往下最多就到6.6/6.7""",2,2,2024
"""这整个板块是A下来的，这里要保持兴奋而不是恐惧。""",2,2,2024
"""昨天就说了和智度一样今天必然大阴线""",2,2,2024
"""证券跌完了，还有银行，太可怕了""",2,2,2024
"""昨天的话今天验证了，大跌，""",2,2,2024
"""早盘全部卖出，现在分批接回，这就是操作[坏笑]""",2,2,2024
"""横盘接人拉升了，你们真幸福""",2,2,2024
"""不宜久留！""",2,2,2024
"""大盘必破2700""",2,2,2024
"""每天T飞2至3个点，的晦气！拿着，拿到明年开春再看看。""",2,2,2024
"""太烦人关电脑再别看了""",2,2,2024
"""昨天吹牛的人呢""",2,2,2024
"""卖了再也不见销户""",2,2,2024
"""如果都会做T就好了""",2,2,2024
"""昨天人气上升快就知道没好事""",2,2,2024
"""7.3追进来直接吃面""",2,2,2024
"""怎么多头不拉新力呢，只要拉起来这只票，很大几率上可以点燃散户热情，明明可以能救大""",2,2,2024
"""我又来了，小猪力根根[得意]""",2,2,2024
"""预计跌停""",2,2,2024
"""今年死在炒新力伪金融，唉！这年没法过""",2,2,2024
"""就知道中国三十六股神只要一出来唱多就得死""",2,2,2024
"""前期跌那么多，现在还这个比样""",2,2,2024
"""成本9.85,2024年能解套么????????????????????????""",2,2,2024
"""卸载了明年夏天再看吧亏23点现在割也不行了""",2,2,2024
"""昨天才买今天就砸啊离谱""",2,2,2024
"""我下班了，各位[抱拳]""",2,2,2024
"""本来摇摇欲坠还打不算你厉害""",2,2,2024
"""我都说了，主力10天出了9.5个亿，没资金砸了昨天进了3000多万的货，今天砸""",2,2,2024
"""清仓了，受不了了""",2,2,2024
"""水货金融""",2,2,2024
"""今天破7，不破7就没有希望""",2,2,2024
"""不明白，新力已经是全流通股，不存在限售股，二股东的股票应该是想卖就卖为什么还要出""",2,2,2024
"""我不卖，这玩意永远不会涨""",2,2,2024
"""一两年一次行情，已经结束了，下次一年后再见""",2,2,2024
"""刚追高给套了""",2,2,2024
"""买了华金1256买你710，华金今天估计被套，你能让我喝口汤嘛？""",2,2,2024
"""绿色龙年""",2,2,2024
"""看看我昨天发的贴""",2,2,2024
"""没法玩了，88""",2,2,2024
"""跟风股的悲哀啊，随着香溢上下""",2,2,2024
"""还是哪个猪""",2,2,2024
"""蚊子腿，多谢小猪力""",2,2,2024
"""转发""",2,2,2024
"""转发""",2,2,2024
"""感觉二股东海螺水泥昨天开始减持部分了吧？!""",2,2,2024
"""一个小额典当公司和新质生产力有毛关系，连生产都占不了边，炒股的一天天yy，要么拖""",2,2,2024
"""一个字，跑""",2,2,2024
"""新力金融：融资净买入3680.63万元，两市排名第八（02-01）""",2,2,2024
"""太多唱多的托了，开盘后就跑安心过年了！""",2,2,2024
"""今天很简单，开盘5分钟没有大单拉，就可以离场了""",2,2,2024
"""股吧里有唱多的票不要买。""",2,2,2024
"""鱼哥早上好啊[献花]""",2,2,2024
"""转发""",2,2,2024
"""买股票要反着来，里面说涨就看跌""",2,2,2024
"""新质生产力，简称“新力”""",2,2,2024
"""AC是个小男孩儿""",2,2,2024
"""新力金融今天一字板了，新劲刚肯定也跟风大涨了。""",2,2,2024
"""明天跌停板!!""",2,2,2024
"""“新力”概念第一股：新力金融""",2,1,2024
"""同兴环保，丰山集团""",2,1,2024
"""$新力金融(SH600318)$""",2,1,2024
"""我是股神，明天一字涨停开个屁""",2,1,2024
"""丰山集团走势[大笑][大笑][大笑]""",2,1,2024
"""$新力金融(SH600318)$""",2,1,2024
"""明天开盘7块1毛3""",2,1,2024
"""轩豪50w实盘炒股之旅（第83天）2024年2月1日（星期四）今天实盘：新力金融""",2,1,2024
"""怎么每一条下面都有第36股神，这货是托吧""",2,1,2024
"""新力金融-新质生产力的龙头""",2,1,2024
"""新质生产力，有个新字！""",2,1,2024
"""新力明天又要大跌""",2,1,2024
"""那个没有龙虎榜呢""",2,1,2024
"""看看明天如何，确定进不进，毕竞下杀40点，超跌。主力净流入4000万，这么小的盘""",2,1,2024
"""下影线短上影线长空方力量大，就看下个交易日了，大盘能不能起来，多数个股跟着一起拉""",2,1,2024
"""明天不低开就不错了！""",2,1,2024
"""昨天买早了7.26进的，今天T了7毛钱，成本6.56，明天继续T，年前就做你了""",2,1,2024
"""难道今天涨的原因是名字，新(质生产)力金融？""",2,1,2024
"""新质生产力跟他有关系么""",2,1,2024
"""改名叫新龙金融""",2,1,2024
"""你们有没有注意到，是减持计划，计划，就不行今天的榜出来了吗""",2,1,2024
"""全金融，唯一龙头，没有之一！""",2,1,2024
"""人民日报发文表示，新质生产力相对于传统生产力而言的，是指大量运用大数据、人工智能""",2,1,2024
"""已经到底""",2,1,2024
"""同兴环保""",2,1,2024
"""快速下跌，其实不可怕！最怕的是阴跌！""",2,1,2024
"""我昨天跌五个点割肉，今天就涨[哭]""",2,1,2024
"""今天有7.6逃顶的高手吗？""",2,1,2024
"""独家品牌：新质生产力+金融强国+国企。。""",2,1,2024
"""明天会怎么走，有请大神说说""",2,1,2024
"""2024.2.1，炒股笔记，还是老规矩，一，首先记录一下个人操作，1，沪深300""",2,1,2024
"""这种A杀票每当反弹就是跑路机会，还想着马上来一波的就是脑袋有病！""",2,1,2024
"""尾盘加仓一点点""",2,1,2024
"""明天又是一个大幅低开低走""",2,1,2024
"""明天水下4个点开，搞不懂怎么有这么多唱多的，今天的拉伸完全是主力在诱多，如果要反""",2,1,2024
"""7.31进了12000股，随便他了。个人是看多的""",2,1,2024
"""细想一下，某罗是差三瓜两枣，适时敲打股价？""",2,1,2024
"""站岗巨亏30点""",2,1,2024
"""经历了收购比克失败，在停牌前卖出躲过一劫，这次看前几天涨势，以为又有什么动作，冲""",2,1,2024
"""前两天一直没出手，今日实盘记录……""",2,1,2024
"""股是不错就是质押比例太高，这样的大盘，股权质押一旦出问题，连锁反应太厉害[滴汗]""",2,1,2024
"""100股，明天开盘我就砸""",2,1,2024
"""放量中阳，明天涨停！""",2,1,2024
"""后悔了。尾盘不应该接回来""",2,1,2024
"""$新力金融(SH600318)$""",2,1,2024
"""3000多万可以压跌停，主力应该是没货了今天进了4000万货明天来继续砸""",2,1,2024
"""每天下午准时跌至少3个多点比今天涨的还多""",2,1,2024
"""今天，6.87加仓7.35卖出，终于解套了，就看今天加仓的明天给不给机会出来。""",2,1,2024
"""没阻力了，拉涨停""",2,1,2024
"""7.30收盘""",2,1,2024
"""你今天真坚挺啊，一路向上，甚至做了个t，刚刚直接跌停真的是慌得一批""",2,1,2024
"""今天你看不上，明天让你高攀不起""",2,1,2024
"""扑街的新力垃圾""",2,1,2024
"""有心理准备，明天至少低开3%就好""",2,1,2024
"""快跑吧！明天又是一根大阴线！""",2,1,2024
"""散户成了最大空头，不同以往，这次所有散户都有了拉起来就跑的决心，直接把主力套的一""",2,1,2024
"""本来下午想跑的，往外面瞅了一眼还是不走了，还是这里安全""",2,1,2024
"""出货明显""",2,1,2024
"""上方三个缺口，这种A杀能补回去吗？""",2,1,2024
"""2.35发车""",2,1,2024
"""和特发信念相比，应该靠谱吧，直接拉三个涨停又是妖股命""",2,1,2024
"""明天一定会大幅低开低走，抓紧走吧""",2,1,2024
"""超跌反弹都弱成这样妥妥的下跌中继""",2,1,2024
"""所有股票卖完从此不碰。""",2,1,2024
"""主力再不干活，散户就开始砸了[呲牙]""",2,1,2024
"""最近a杀的票哪个走了二波，都是诱多出货，明天直接低开阴包阳""",2,1,2024
"""趋势都跌破了，机构开始出货。什么小脑袋瓜子这么聪明，明明是接盘，还脑补成抄底了。""",2,1,2024
"""主力睡醒了，开始干活了""",2,1,2024
"""10天砸特9.5亿，37亿的盘子，主力今天买一点继续砸""",2,1,2024
"""别以为到底有可能跌穿的，这行情什么情况都有可能的""",2,1,2024
"""7.18收盘""",2,1,2024
"""同兴环保一样，今天进的明天难了""",2,1,2024
"""走人。""",2,1,2024
"""早盘7块以下买的人太多了，庄家不会让这些人赚多的!""",2,1,2024
"""今天收盘7块35左右""",2,1,2024
"""曹操曹，刚入手进去！就开始跌""",2,1,2024
"""快跌停吧，再来两跌停吧，赶紧的""",2,1,2024
"""跑鸡啊都这个位置了怕孪大不了做股东这个行情去那都亏""",2,1,2024
"""卖掉了跑进清源股份""",2,1,2024
"""都跑了吧，那就可以拉了""",2,1,2024
"""涨涨吧""",2,1,2024
"""快跑吧，大盘顶不住了""",2,1,2024
"""风神为国护盘[微笑][微笑][微笑]""",2,1,2024
"""唯一的不好就是有大减持利剑悬空!今天这个拉升是不是为了减持，明天竞价开盘就能看出""",2,1,2024
"""暴跌就有暴涨，但是仅仅针对有题材的妖股，大部分个股暴跌后缓慢爬升。新力金融的反弹""",2,1,2024
"""有主力在对倒，做量，不知道什么意思，我看了很久非常明显，不知道寓意何为""",2,1,2024
"""快跑""",2,1,2024
"""一涨，一堆人出来了[呲牙]""",2,1,2024
"""明天一字断魂刀伺候""",2,1,2024
"""本来是龙头，第二大股东减持公告让这股彻底臭了，以后不会再起来了""",2,1,2024
"""还以为你今天能牛一把，结果看来还是出货为主""",2,1,2024
"""看收盘，在7.53上方留，下方就卖""",2,1,2024
"""能不能跟中粮一样坚挺到涨停，第二天再跌停？""",2,1,2024
"""明天不能跌破6.60，跌破就底完蛋""",2,1,2024
"""冲高回落，收盘绿[大笑]""",2,1,2024
"""早盘6.80附近买进去的明天能赚钱离开!!!""",2,1,2024
"""[微笑][微笑][微笑][微笑][微笑][微笑][微笑]""",2,1,2024
"""两点后应该还有一波""",2,1,2024
"""看不懂，是出货还是，吸筹""",2,1,2024
"""6.8等着低吸了，。。。。。妥妥的10个点的T""",2,1,2024
"""看看智度就知道明天怎么走了""",2,1,2024
"""大家千万别接，诱惑中午复盘的，让大家看起来要涨停的假象挂单买入就得接飞刀，中午谁""",2,1,2024
"""下午归零""",2,1,2024
"""7.49的本，1300手，买早了点""",2,1,2024
"""7.53出掉了。。。。。等着低吸了""",2,1,2024
"""被这货坑惨了""",2,1,2024
"""都这样了还卖什么卖，搞笑的很""",2,1,2024
"""华金资本，新力金融，威士顿""",2,1,2024
"""一个反弹而已，下跌趋势没有改变！赶紧跑吧""",2,1,2024
"""有人拉高出货，持币过年，小心。""",2,1,2024
"""持币过年不香吗？""",2,1,2024
"""不太秒啊，换仓去老多元了""",2,1,2024
"""新力金融又活过来啦？新质生产力金融龙头？""",2,1,2024
"""兄弟们，今天拉涨是不是为了海螺水泥减持??!""",2,1,2024
"""今天很多散户进去接盘子了，我高跑""",2,1,2024
"""我来说下最近是这个36股神，他就是一个初入股市的小散，然后买了新力的股，然后现在""",2,1,2024
"""7.64的压力位和上方那么大的缺口，压力山大。今天突破压力位，周五能上补缺口还有""",2,1,2024
"""能不能不要一涨就唱，一跌就骂，涨跌~自己判断即可，吧里劝人买或劝人卖的，能有几个""",2,1,2024
"""稍微一涨同花顺交易软件排名前10名，说明散户买入不少啊！""",2,1,2024
"""事不过三，再拉不起来就完了""",2,1,2024
"""我只针对空狗！空军！割肉唱空的！[怒]""",2,1,2024
"""大家千万别接，诱惑中午复盘的，让大家看起来要涨停的假象挂单买入就得接飞刀""",2,1,2024
"""早上的空狗咋不叫了？不太习惯，就喜欢你们嗷嗷叫的样子[大笑]""",2,1,2024
"""庄家吃肉我们喝汤，跟上供销红利的步伐[上涨][上涨][上涨]""",2,1,2024
"""熬了一周昨天尾盘竞价割肉，今天就涨[捂脸]""",2,1,2024
"""这几天空头瞄准了新力，投入少且获利不菲啊，大盘多头都是水平有限啊，不过今天总算逆""",2,1,2024
"""下午开盘估计秒板了""",2,1,2024
"""大家千万别接，诱惑中午复盘的，让大家看起来要涨停的假象挂单买入就得接飞刀""",2,1,2024
"""开盘缩量十字星就是最好的买入机会，今天涨停能赚12%""",2,1,2024
"""下午拉个涨停，把华金带一带，让我套个利[大笑][大笑][大笑]""",2,1,2024
"""下午开盘直接拉板""",2,1,2024
"""三个跌停板被套10个点，今天6.87加仓成功解套。等待""",2,1,2024
"""俺又站岗了[惨!关灯吃面][惨!关灯吃面][惨!关灯吃面]""",2,1,2024
"""做了倒T，我人裂开了""",2,1,2024
"""中小单蠢蠢欲动""",2,1,2024
"""搞了条华子，留下的发财""",2,1,2024
"""最多是再次筑底，而且这个时间会很漫长。""",2,1,2024
"""快买马上板了""",2,1,2024
"""走了，赔不起""",2,1,2024
"""衡量小阳线才是底部信号，放量大阳线明天就是继续吃面""",2,1,2024
"""明天早上才是买入时间""",2,1,2024
"""费了多少一涨点人气就飙升""",2,1,2024
"""应该不会涨停了，这货可能是国家队拉的，只是保持让大盘不绿就行了""",2,1,2024
"""这ls市场就是喜欢割散户，你不卖，一直跌，一直加仓一直跌，一卖就拉升""",2,1,2024
"""卖了刘飞""",2,1,2024
"""为什么股价一直起不来，是因为做t大军，拉两三个点就卖，搞的最后没有很有实力的庄根""",2,1,2024
"""【庄皓亮说科技】GPT-5将问世？去年四季度我把握了这些机会！""",2,1,2024
"""分时走势典型的诱多，如果是有资金想来做这票会直线上升至涨停不会留机会让大家上车的""",2,1,2024
"""差点就上当受骗[偷笑]""",2,1,2024
"""下午能不能来个涨停""",2,1,2024
"""中农联合把你带起来了""",2,1,2024
"""这股让海螺给玩废了""",2,1,2024
"""诱多，千万别上当""",2,1,2024
"""新力金融今天不错，我这个位置减仓一部分！""",2,1,2024
"""涨停吧求求了""",2,1,2024
"""诱多出货了""",2,1,2024
"""感觉华金比你先涨停""",2,1,2024
"""起飞！大金融这条线很久就说了，这种指数行情就是它参与主导""",2,1,2024
"""看我一手买崩""",2,1,2024
"""？？？我，，，110吗，有人割我""",2,1,2024
"""2024年元月收了一把剑，兄弟们拿住了翻倍。""",2,1,2024
"""如果没有内幕消息买和卖都是瞎折腾，只能送钱给，，，，""",2,1,2024
"""7.30走了，一来一去赚了个寂寞[滴汗][滴汗][滴汗]""",2,1,2024
"""一号文件来了:创新乡村振兴投融资机制，规范用好地方政府专项债券等政策工具，支持乡""",2,1,2024
"""诱多""",2,1,2024
"""龙一""",2,1,2024
"""真几把狠头几天我说博一下反弹，给劳资拍了两三个跌停，这几天要死的心都有""",2,1,2024
"""一堆托在忽悠接盘，今天涨三四个点，明天就能跌出7，8个""",2,1,2024
"""7.53，昨天的高点，收盘站不上去清仓""",2,1,2024
"""新质生产力-新力""",2,1,2024
"""下一波多元金融龙头看新力金融。""",2,1,2024
"""跑了，少亏点[滴汗]""",2,1,2024
"""小散为啥亏钱，连续大跌，主力在卖，小散一个劲的买，今天主力在买开拉，小散一个劲在""",2,1,2024
"""坚定做多，看好大a，坚定够胆发实盘操作，不要在盘后吹牛[怒]""",2,1,2024
"""主力筹码还没拿够""",2,1,2024
"""现在这波是洗盘""",2,1,2024
"""稍微涨一点，海螺就砸盘，这是国企？""",2,1,2024
"""好好想想，减持可能在底部减持吗？海螺不是""",2,1,2024
"""先走了各位，拜拜""",2,1,2024
"""居然还有卖的？啥心理？啥智商？""",2,1,2024
"""9.18买的，赶紧5个涨停吧""",2,1,2024
"""炒股不懂“量价关系”，就会一进就跌，一出就涨，仿佛被主力盯上了。狡猾的主力会顺着""",2,1,2024
"""涨停""",2,1,2024
"""加油拉""",2,1,2024
"""[摊手][摊手][摊手]来几个涨停回回血吧""",2,1,2024
"""此时不买，更待何时？！""",2,1,2024
"""大盘探底回升，开始反弹""",2,1,2024
"""爱谁谁[微笑][微笑]""",2,1,2024
"""估计要涨停了""",2,1,2024
"""有本事连三个板""",2,1,2024
"""出息了，竟然不跌停了""",2,1,2024
"""先出保安全""",2,1,2024
"""这是唱的哪一曲""",2,1,2024
"""我卖了你们随意亏10%""",2,1,2024
"""黄均线跟上啊""",2,1,2024
"""今天很明显是新力会涨停带头，其他的顶多不跌太多，跟昨天的中粮资本差不多的意思，反""",2,1,2024
"""这种A杀到底的股票大家只有做T降低成本千万不要指望它蹭蹭蹭来个几连板冲上去""",2,1,2024
"""新力这个位置且战且退方为不错的选择！""",2,1,2024
"""大金融护盘，其他的机会很少了""",2,1,2024
"""上车了[呲牙][呲牙][呲牙][呲牙]""",2,1,2024
"""挣钱了，谢谢小猪力""",2,1,2024
"""逆势上涨，龙头依然在""",2,1,2024
"""这股市有病""",2,1,2024
"""6.74最近底已出现，加油干""",2,1,2024
"""哈哈哈，暂停了！""",2,1,2024
"""6.84都没进……""",2,1,2024
"""空军还是弱，不够胆砸盘[奸笑][奸笑]""",2,1,2024
"""今日早盘出了威士顿，买入了新力金融！食粥食饭看你了""",2,1,2024
"""是超跌反弹龙呢，还是超跌继续聋[困顿][困顿]""",2,1,2024
"""相比之下已经不错了""",2,1,2024
"""坚持住然后涨""",2,1,2024
"""能不能涨不涨怎么会买你""",2,1,2024
"""全军覆没""",2,1,2024
"""天天跌受不了了""",2,1,2024
"""这种票，缩量就完蛋""",2,1,2024
"""砸的比启动前还低，太狠了""",2,1,2024
"""随便跌不卖了没必要了半年后再看""",2,1,2024
"""1""",2,1,2024
"""差不多见底，能反抽了！""",2,1,2024
"""打回原形，一年一次""",2,1,2024
"""继续加，不服输[怒][怒][怒][怒][怒]""",2,1,2024
"""随便跌，已经麻木了""",2,1,2024
"""好多A杀""",2,1,2024
"""这玩意太[赞][赞]不惜一切代价砸""",2,1,2024
"""玩意""",2,1,2024
"""没完没了，誓将韭菜斩草除根""",2,1,2024
"""今天又吃碗大面""",2,1,2024
"""不要买，先观察""",2,1,2024
"""能坚持的是已经麻木了，放5年再看""",2,1,2024
"""今天，上证、深证、创业板指数即将同时见底""",2,1,2024
"""这票不停下跌，太多散户是其中一个原因，最重要的是散户多，而且快要过年了，这是最根""",2,1,2024
"""我说的今天能红都快亏30个点了不红一次？""",2,1,2024
"""还要不要一点脸了，MD""",2,1,2024
"""这票还能跌到1块钱？有本事st？""",2,1,2024
"""销户不玩了！国外都涨就你跌！垃圾！""",2,1,2024
"""这真的是A杀""",2,1,2024
"""完旦了，回不去了，年过不了了""",2,1,2024
"""这票已废，别抱希望了。开盘赶紧跑""",2,1,2024
"""会跌到这个份上，是小散们太善良了""",2,1,2024
"""他娘的连续跌停没有提醒风险公告，涨一二个停板就说有事什么玩意""",2,1,2024
"""A莎股见底标志，比较明显缩量""",2,1,2024
"""转发""",2,1,2024
"""新力金融：融资净买入561.11万元，融资余额2.77亿元（01-31）""",2,1,2024
"""转发""",2,1,2024
"""转发""",2,1,2024
"""不是新力金融不好，是这个股太吸引人，导致散户太多，看看有多少人关注这个股，看看每""",2,1,2024
"""转发""",2,1,2024
"""大部分人都认为明天大盘探底回升，新力金融应该有所作为""",2,1,2024
"""6""",2,1,2024
"""天天减持是什么意思，垃圾""",2,1,2024
"""2024年元月收了一把带血的剑，看来2024年他要杀下无敌手了。兄弟们懂的都懂不""",1,31,2024
"""次故不是一般人玩的，看看22年三月份发生了什么。切记""",1,31,2024
"""新力磨刀霍霍，赶尽杀绝丧尽天良。5块能企稳吗？""",1,31,2024
"""直接干到一元退市，让海螺去三板减""",1,31,2024
"""反弹一触即发""",1,31,2024
"""很奇怪的庄家""",1,31,2024
"""你敢抄底，人家就卖公司，一元的面值你觉的能涨到多少""",1,31,2024
"""如果总舵主在，这个票他有可能一剑开天门，以点带面撬起整个大盘，可惜滚滚长江东逝水""",1,31,2024
"""大家讲了那么多，都不得法。最近那只票不是这样？追涨不讲了，抄底的不也二个付板扇着""",1,31,2024
"""再来个-10%""",1,31,2024
"""5.5块以下可以轻仓买一点""",1,31,2024
"""6.85反弹到8.28我尽力了。""",1,31,2024
"""真的是大利空今天就跌停了！""",1,31,2024
"""昨天下午抄底买入赚一个点今天上午红盘跑了下午没忍住进来以为到底了真是技不如人啊！""",1,31,2024
"""散户朋友们，大家明天买点降低成本，没人买一万，5万散户就5亿了，怕个鸟，机构敢全""",1,31,2024
"""在这个时候说减持，很明显是恶意做空，都是违法的""",1,31,2024
"""跌吧。这钱我不要了""",1,31,2024
"""空狗都在看空，明天就得打脸，必须涨停板""",1,31,2024
"""我说明天反弹一波[怒]""",1,31,2024
"""减持嘛，到时候跌那么多还减持吗？我去这纯粹来捣乱的，不知道海螺还有盈利吗""",1,31,2024
"""5元左右，或者再来跌20个点就建仓""",1,31,2024
"""明天涨停，我说的[想一下]""",1,31,2024
"""马上6块咯""",1,31,2024
"""这跌法谁受得了。。。。。。很难想像我还坚定持有[为什么][为什么][为什么]""",1,31,2024
"""跌的越猛烈，反弹的也越强劲。只要你不是杠杆就拿着。""",1,31,2024
"""$新力金融(SH600318)$""",1,31,2024
"""业绩好还这么跌？""",1,31,2024
"""10.3卖给庄了""",1,31,2024
"""有点像融资盘爆仓""",1,31,2024
"""放心，明天反抽止跌回升了""",1,31,2024
"""我说散户真的是活该，只要一涨点就有在不断含下来下来下来它要加仓。""",1,31,2024
"""10块多卖的，七块多接回还被套1""",1,31,2024
"""牛掰""",1,31,2024
"""换手降低到5%才止跌""",1,31,2024
"""为实现投资收益 第二大股东海螺水泥拟减持不超1%公司股份""",1,31,2024
"""明天破七建仓一半""",1,31,2024
"""不管了反正我是清仓了，如果你是主力会在这个时候去啦么？还有几天过年了，大资金不会""",1,31,2024
"""今天尾盘又加了一点点仓、降低成本！""",1,31,2024
"""各位大割，都割了吗？""",1,31,2024
"""他们卖的是票，大家亏的是钱，醒醒吧""",1,31,2024
"""明天跌停，重新进场""",1,31,2024
"""一波行情回到起点""",1,31,2024
"""买了你算是真倒霉没办法，套着吧，各位大神说说还能怎么办？只能以时间换空间。否则只""",1,31,2024
"""这行情，我一天亏1.5个点都跑赢多少人了""",1,31,2024
"""大盘一好，这股立马三个涨停""",1,31,2024
"""割了，年前再别指望了[呲牙]这帮货没一个好鸟""",1,31,2024
"""就问问海螺水泥还减持不？""",1,31,2024
"""转发""",1,31,2024
"""大家偷偷底，都多少的本？""",1,31,2024
"""明天上午十点半之前封死跌停板。""",1,31,2024
"""割了""",1,31,2024
"""亏3个点，nnd""",1,31,2024
"""人气榜下降到2至3千，自然而然会涨！因为套的散户太多了""",1,31,2024
"""都是前一天进去博反弹的散户成了第二天杀跌的动力，每天接近20%的换手率，主力估计""",1,31,2024
"""给跑的机会了，少陪就是赚""",1,31,2024
"""这票是有什么利空买，小弟们都止跌了，它为什么这样走啊？""",1,31,2024
"""等破6块大胆进""",1,31,2024
"""就减持百分之一公告，最高点至今砸了快40个点了，够可以的。[牛]""",1,31,2024
"""又是一只a杀的股，最近都是a杀啊""",1,31,2024
"""这位置还能砸，真的服，明天抄底。海螺减持是假的。""",1,31,2024
"""跟特发信息有的一拼，这也是财务造假吗？""",1,31,2024
"""破6块再说吧""",1,31,2024
"""赔我血汗钱这么跌法像人吗""",1,31,2024
"""明天能红一下在跌吗[微笑]""",1,31,2024
"""800股套了我九个点了真的牛，我拿着看看你还有多少空间下跌，奶奶的。""",1,31,2024
"""只怕是明天要7块一下开盘了""",1,31,2024
"""再来一个跌停也到不了我的成本线[鼓掌][鼓掌][鼓掌]""",1,31,2024
"""三次进出一次T，赚了个寂寞[得意]大概剩了瓶飞茅，下降趋势一点不能犹豫，输赢都要""",1,31,2024
"""空狗永远不可能抄到底，明天涨停板，你们也不用等着来这儿抄底了""",1,31,2024
"""怎么没得人管，一连下来几十个点，毫无反抗""",1,31,2024
"""国盛金控今天表现上佳""",1,31,2024
"""午盘没有卖了你真是后悔死了""",1,31,2024
"""亏了30个点[微笑]，真的牛""",1,31,2024
"""我是真服了""",1,31,2024
"""9.3买的还有谁""",1,31,2024
"""的，没事晒单""",1,31,2024
"""最后是我砸的，尾盘又接回来了！！""",1,31,2024
"""草的，没事晒单""",1,31,2024
"""哎只能天天做t了，亏了这么多都没脸回家过年了[叹气]""",1,31,2024
"""赔我血汗钱，我销户了""",1,31,2024
"""这个应该短时间退不了市吧这个样子我只有做股东了""",1,31,2024
"""你[呲牙]""",1,31,2024
"""垃圾大盘，垃圾个股，""",1,31,2024
"""垃圾""",1,31,2024
"""$新力金融(SH600318)$""",1,31,2024
"""卖公司了，什么时候走都不晚""",1,31,2024
"""3天亏了12个点，手真贱""",1,31,2024
"""厉害，奔向一元我的宝贝""",1,31,2024
"""昨天板上买的，今天2点钱不都让你挣钱了吗？""",1,31,2024
"""竟然忘了撤单。。。买进来。。。""",1,31,2024
"""$新力金融(SH600318)$""",1,31,2024
"""基本稳企了，只要大盘不大跌，这只股也就这个价格上下波动一年左右吧""",1,31,2024
"""跌回原来的位置了你们要脸吗""",1,31,2024
"""7.01元杀入120手狗明天反弹吃大肉！！！""",1,31,2024
"""割肉不玩了，清仓，早盘冲高没走，下午跌五个点割肉，哎[哭]""",1,31,2024
"""继续跌""",1,31,2024
"""补仓时间到，再杀杀不到哪了""",1,31,2024
"""接着晒单，孙子们""",1,31,2024
"""一买就跌一卖就涨，娘个稀""",1,31,2024
"""走了""",1,31,2024
"""换手这么大，不拉就是出货""",1,31,2024
"""三大指数同时新低，该进场了！""",1,31,2024
"""没办法了躺平了""",1,31,2024
"""亏麻了""",1,31,2024
"""别装了，快点砸下来吧""",1,31,2024
"""10天跑了9.5个亿，37亿市值，不敢想象""",1,31,2024
"""6元以下我来接，加油砸""",1,31,2024
"""已经出借的转融通必须要求立即归还，这么大的漏洞不堵，跌到2500点的日子还在！""",1,31,2024
"""还砸吗？""",1,31,2024
"""都怪我不好。我前天买了一点点。""",1,31,2024
"""未必股民的钱就不是钱？""",1,31,2024
"""快速杀跌了""",1,31,2024
"""怎么这么多卖出的？""",1,31,2024
"""强国金融就靠新力金融拉七板""",1,31,2024
"""看到五千下跌，我也就安心了，都别想过好年了[摊手][摊手][摊手]""",1,31,2024
"""杀到年线支撑""",1,31,2024
"""新力金融是被错杀的股票""",1,31,2024
"""昨天是下跌中继，逃命啊！小韭菜们""",1,31,2024
"""接着晒图，孙子们""",1,31,2024
"""[哭]""",1,31,2024
"""$新力金融(SH600318)$""",1,31,2024
"""血流成河，散户可怜呀[哭]""",1,31,2024
"""大金融第一个涨的现在跌成这个样子打回原形大师们这股还有上去的可能吗拿了三年了前几""",1,31,2024
"""哦吼，早上不是有很多抄底哥吗？怎么没抄起来还在跌""",1,31,2024
"""看好到5.8元[微笑]""",1,31,2024
"""想不明白天天大跌还有那么多几手哥买入[捂脸]""",1,31,2024
"""这个年怎么过？""",1,31,2024
"""突然拉涨停""",1,31,2024
"""昨天那个什么雷霆好横呢？怎么不说话了，傻缺。""",1,31,2024
"""我没走，所以一直跌，好了我清了，留一手警示自己，我知道自己是反向标，卖后就涨，但""",1,31,2024
"""亏26个点了玛德""",1,31,2024
"""2800又破了，那2724不远了""",1,31,2024
"""继续晒图，孙子继续晒啊？""",1,31,2024
"""我就说嘛，假拉发套[吃瓜]""",1,31,2024
"""10天跑了9.4个亿，股东减持融券做空，真是一条龙啊37亿的盘子10天跑了9.4""",1,31,2024
"""37亿的盘子，主力5天跑了4个多亿，到底是哪里来的那么多股不断卖出""",1,31,2024
"""继续加仓""",1,31,2024
"""看看茂硕电源吧！跟新力金融的走势一样""",1,31,2024
"""逃命吧！小韭菜们，下跌中继""",1,31,2024
"""套住了就别动了。割了这个坑再跳别的坑。""",1,31,2024
"""有那么几个抄底特别爱截图晒出来的散户，这种票起不来，拉起来赶紧走就行""",1,31,2024
"""M头已现""",1,31,2024
"""成交四个亿，估计有3.5个亿都是机构对倒的""",1,31,2024
"""这票有晒单狗，拉起来就得跑，不能格局""",1,31,2024
"""重注了，反包回点血！""",1,31,2024
"""买不完根本买不完，只要啦上去，马上就砸""",1,31,2024
"""今天进的，集中力了，下午搞起来""",1,31,2024
"""你这个票毫无底线，拉。羞耻不，丢人不""",1,31,2024
"""张敬红你跑不了，你会！""",1,31,2024
"""QFII是第三季进的 估计走了""",1,31,2024
"""知道吧韭菜好吃""",1,31,2024
"""说好昨天底仓，今天再来的，谢谢给机会。""",1,31,2024
"""新力这个位置有反弹需求，但不可恋战！且战且退方为不错的选择！""",1,31,2024
"""多园金融二波走起！""",1,31,2024
"""这多年张敬红是最大赢家每年做2次赚的盆满箔满的[撇嘴]""",1,31,2024
"""中字头板块现阶段还是游资炒作为主，机构反应一般比较慢！看看后面机构会不会大规模参""",1,31,2024
"""是不是亏傻了啊！还有盈利吗？""",1,31,2024
"""怎么还有真么多人在卖呢""",1,31,2024
"""高位没跑的兄弟姐妹们！短期底部已现，逢低加仓降低成本，第一、因超速下跌，有反弹需""",1,31,2024
"""7.1的本，只买了5万股。今天会被套吗？""",1,31,2024
"""回本遥遥无期。飞刀接时爽，解套一辈子""",1,31,2024
"""明天给点利润就跑，换证券去了""",1,31,2024
"""拖板块后腿。这个地方确实不行""",1,31,2024
"""空们，你赢了""",1,31,2024
"""墨迹+拉圾，还不如良良腔，苟狗还出良良腔。玩不过卖了它。""",1,31,2024
"""一不留神，发现多元金融已经翻红，中粮和香溢大涨，龙头就是涨的快，跌后反弹快。杂毛""",1,31,2024
"""拉圾+墨迹，还不如一个女人，这九庄估计是良娘腔。玩不过这种货。亏了，也卖它。""",1,31,2024
"""散户不走，下跌不止，只要这吧里还有很多散户，继续跌""",1,31,2024
"""知道为什么起不来吗？就是因为有那么几个抄底截图晒单的孙子""",1,31,2024
"""看看火药上海三毛""",1,31,2024
"""抛压仍然好大，没调整到位，千万不要补仓""",1,31,2024
"""牛逼救不活了""",1,31,2024
"""骗人的，收盘还要跌5个点[吃瓜]""",1,31,2024
"""这孙子是跟风的，买龙头中粮""",1,31,2024
"""中国中金财富证券南昌红谷中大道营业部，这货在做t，格局小了""",1,31,2024
"""上方筹码太多，抛货做t，抛压太大""",1,31,2024
"""红就跑，收盘还是绿3个点左右[哈欠]""",1,31,2024
"""终于红了，5天，5天啊，5天以来终于红了，我热泪迎眶！""",1,31,2024
"""我7.48走了，小赚出局，本来都准备亏钱出局了，运气好哈哈哈""",1,31,2024
"""今天会触板的。""",1,31,2024
"""就是资金怎么就看不上新力呢，不知道这只票才是大盘上涨的关键票吗？还是装不知道，任""",1,31,2024
"""打爆融券空后，让他们高位接回还券，团结起来。""",1,31,2024
"""卖了中粮资本来买的你。""",1,31,2024
"""让老庄，新庄入住""",1,31,2024
"""初看中粮兵团的作战计划的安排 ！""",1,31,2024
"""玛德，100w丢进去一个水花都不起[哭]""",1,31,2024
"""能不能加油涨""",1,31,2024
"""//@黑马笔录 :百通能源，次新股开盘小幅高开之后，市场中有较好的承接，今天回调""",1,31,2024
"""之所以新力金融会跌到目前这个惨不忍睹，和三股东减持有绝对的关系，他根本没有减持，""",1,31,2024
"""出了中油买的这货[哭]""",1,31,2024
"""这猴子一顿操作总共才买了不到5000块钱的[大笑][大笑][大笑][大笑]""",1,31,2024
"""干点什么不好在这里赌博。""",1,31,2024
"""别买了，真的买不完。再买公司是你的了。""",1,31,2024
"""跌就狠点，涨就猛点，随便你玩，继续睡觉[呲牙][呲牙][呲牙][呲牙]""",1,31,2024
"""今天反包""",1,31,2024
"""做个t先，包住利润""",1,31,2024
"""还有吗，还有吗？空军如此弱？为什么不砸多点，继续好吗？[奸笑]""",1,31,2024
"""底放量，超跌，金融龙头买入""",1,31,2024
"""哈哈哈笑死我了，记住了明天依旧暴跌，这个减持股参考实丰文化，同样有上塘路和减持问""",1,31,2024
"""哈哈哈笑死我了，记住了明天依旧暴跌，这个减持股参考实丰文化，同样有上塘路和减持问""",1,31,2024
"""小散们, 唯有自救, 补仓, 一起干把主力洗了""",1,31,2024
"""昨天说涨停的冒个泡？""",1,31,2024
"""明天金融应该表现一下吧""",1,31,2024
"""连垃圾都不如了""",1,31,2024
"""大股东减持，猛入虎，一根毛都没有，""",1,31,2024
"""看来今天又完犊子了""",1,31,2024
"""昨天那么多股神，今天都不见人了。要都这么好预测，徐翔，巴菲特会层出不群，别一天跳""",1,31,2024
"""一个减持就跌了40个点了，佩服，这些人做这种事也不怕报应么""",1,31,2024
"""看这样子也差不多了，可以加点仓位，3月份前加满。""",1,31,2024
"""赌一下今天还会不会继续跌停""",1,31,2024
"""回踩7.1拉上去，看多""",1,31,2024
"""前两天还说香溢更好；果然；2个地板就起来了。新力近3个地板""",1,31,2024
"""都去买香溢""",1,31,2024
"""还有吗，就这，做空就这么点筹码！？还有吗？[惊讶]""",1,31,2024
"""加++++++""",1,31,2024
"""大市一开始就爆插，估计今天会有资金出手托市。""",1,31,2024
"""这换手太离谱了""",1,31,2024
"""7.3抄到7.1，真买不动了，都快重仓了""",1,31,2024
"""带血的筹码""",1,31,2024
"""连渣都不放过""",1,31,2024
"""还要跌停板""",1,31,2024
"""这是在卖公司吗""",1,31,2024
"""巴巴巴巴""",1,31,2024
"""晒图的孙子太多了""",1,31,2024
"""跌停[呲牙]""",1,31,2024
"""操""",1,31,2024
"""跌停三天，反弹了，也许有20%的人逃了，就和昨天的中文在线一样，从15%涨幅一下""",1,31,2024
"""到底了吧？""",1,31,2024
"""还有吗，谢谢割肉的[坏笑][坏笑][坏笑][坏笑][坏笑][坏笑][坏笑][坏笑""",1,31,2024
"""今天继续空仓观望""",1,31,2024
"""太狠了""",1,31,2024
"""我去要跌到什么时候呀？""",1,31,2024
"""这概念这走势你不买都对不起你是一棵韭黄[偷笑]""",1,31,2024
"""在干嘛不涨""",1,31,2024
"""快涨啊""",1,31,2024
"""主力继续压，压到7.0我卖入""",1,31,2024
"""感觉今天可能要涨""",1,31,2024
"""不要看这垃圾，走势和茂硕电源一摸一样的""",1,31,2024
"""还有吗，继续买，买到大家服气[坏笑]""",1,31,2024
"""花了多少钱，买的唱多的""",1,31,2024
"""坐等金融救市拉升。""",1,31,2024
"""套住就要舍得割肉，不然继续慢慢刮骨头""",1,31,2024
"""大环境不好，股市套人，还不是要贷款过年，目标价50""",1,31,2024
"""跟风的""",1,31,2024
"""这是一点反单都不给""",1,31,2024
"""这种情况是不让大家解套的，如果想让你解套一下就上去了""",1,31,2024
"""建元信托还是机构在主导""",1,31,2024
"""快红""",1,31,2024
"""哪里来就跌回哪里去，还有人唱多吗？""",1,31,2024
"""阴跌开始！""",1,31,2024
"""今天涨停[偷笑]""",1,31,2024
"""还有吗，继续[怒]""",1,31,2024
"""意思是打下去减持吗？跌那么多了我去""",1,31,2024
"""加""",1,31,2024
"""今天封死！""",1,31,2024
"""我套了40个点，瞎了眼""",1,31,2024
"""昨天翘板的还嘚瑟吗？一会儿就来个跌停""",1,31,2024
"""如何把海螺水泥按在地下十八层那就好了！！！""",1,31,2024
"""指数修复，利好金融板块，7.18就是新力短期底部。""",1,31,2024
"""这刁毛股可能只值2元／股差不多吧！！！""",1,31,2024
"""昨天抄底截图晒单的孙子太多，今天肯定要跌透昨天跌停价""",1,31,2024
"""美股大跌，紧张啊今天""",1,31,2024
"""小散闷不要接飞刀""",1,31,2024
"""华升股份。参考[大笑]""",1,31,2024
"""咋也反弹2个点以上吧""",1,31,2024
"""今天又找地洞穿吗？受不了，""",1,31,2024
"""新力金融：融资净偿还11.29万元，融资余额2.72亿元（01-30）""",1,31,2024
"""转发""",1,31,2024
"""今天走势怎么样""",1,31,2024
"""这家伙出货太猛了，三天三个跌停，我从几手抄底开始，已经被大仓位深套了""",1,31,2024
"""转发""",1,31,2024
"""转发""",1,31,2024
"""缩量，两市超5000股待涨""",1,31,2024
"""……""",1,31,2024
"""喜欢最高板的有特发信息等你！喜欢翘板的有上海凤凰等你！喜欢打板的有中华企业等你！""",1,31,2024
"""散户能融券做空才是最大的利好""",1,31,2024
"""涨上去再掉下来，厉害了""",1,31,2024
"""公司实际控制人安徽省供销合作社联合社属于集体所有制。""",1,31,2024
"""明天涨停""",1,31,2024
"""明天差不多最后一跌，开盘跳水可以抄底""",1,31,2024
"""本来想赌赢两千好好过年，现在呢？亏三千万还不知有没有尽头[哭]""",1,30,2024
"""公历新年，我亏的比去年整年还惨！因为我重仓干这支股一个亿呀""",1,30,2024
"""转发""",1,30,2024
"""今天跌停板抄了个底，明天应该有溢价吧""",1,30,2024
"""明天如果低开5个点我就逃不掉了。[大笑][大笑][大笑]其他点数随你开！有肉就跑""",1,30,2024
"""如果没买，明天也可以不要看，如果要高开必定不会小高开，现在的行情你高开追进来，下""",1,30,2024
"""睡不着啊[哭]让我回本我走""",1,30,2024
"""应了那句老话，老乡别走这里有大肉，正所谓我还没减持呢[大笑]""",1,30,2024
"""9块跑的，后来涨到了10块多，当时那个后悔哦。今天一看，7块多了。呵呵呵""",1,30,2024
"""高位减持完才披露，真是恶劣的公司，卑鄙无耻""",1,30,2024
"""明天开涨""",1,30,2024
"""A杀吃相真难看""",1,30,2024
"""“等我新力金融回本了，就跟你离婚。”他淡淡地说。听完后，她的心里暖暖的，她想，这""",1,30,2024
"""利好""",1,30,2024
"""上市公司存在破发、破净情形，或者最近三年未进行现金分红、累计现金分红金额低于最近""",1,30,2024
"""强烈呼吁相关监管部要从即刻起全面禁止已经出借的45天、90天、120天转融通做空""",1,30,2024
"""强烈呼吁要从即刻起全面禁止已经出借的45天、90天、120天转融通做空，这几天砸""",1,30,2024
"""1月30日，新力金融发布2023年年度业绩预告称，公司预计2023年归属于上市公""",1,30,2024
"""直接跌回启动前""",1,30,2024
"""1/30…晚""",1,30,2024
"""为一己私利，带崩一个板块，一个板块带崩大盘。""",1,30,2024
"""明天能不能反弹五个点以上，就看你的了""",1,30,2024
"""明天看涨了，已经跌破支撑位了，应该回踩了，明天看涨""",1,30,2024
"""三进三出，明天给个红盘我就跑""",1,30,2024
"""顽强抵抗，看好你""",1,30,2024
"""前面受九鼎的影响对新力格局了一把，尽管砸，今天尾盘打个底仓顶一顶，明天再跟你玩大""",1,30,2024
"""来时还好好的，回不去了""",1,30,2024
"""多头阵营较为势单力薄！选择比努力重要，明天能否迎来修复？""",1,30,2024
"""不再看盘""",1,30,2024
"""本来想，好好过年滴！谁知道突然出现减持套现公告，这周，又发行5只新股，现在看，年""",1,30,2024
"""还亏19w，明天反弹就走""",1,30,2024
"""下杀的真狠……直接一路到6块[笑哭]""",1,30,2024
"""菩提本无树，明镜亦非台，本来无一物，何处惹尘埃""",1,30,2024
"""估计还要洗一下。然后拉升！""",1,30,2024
"""跌停买进的。盈利4个。爽。""",1,30,2024
"""菩提本无树，明镜亦非台。本来无一物，何处惹尘埃！...""",1,30,2024
"""这只股票里面有融券大佬，要赶在3月18日之前把股价打下来，然后回购低价股还券。散""",1,30,2024
"""明天应该是高开的，我和主力成本一样了""",1,30,2024
"""明天如果高开就完了""",1,30,2024
"""假如，我说假如明天再来个跌停会怎么样""",1,30,2024
"""有本事明天跌停开""",1,30,2024
"""估摸着明天A股是要大涨的""",1,30,2024
"""今天应该有榜才对呀""",1,30,2024
"""今天没有蛇鼠榜""",1,30,2024
"""$新力金融(SH600318)$""",1,30,2024
"""老庄和三股东赚的盆满钵满，拉萨和散户深套其中。""",1,30,2024
"""2024.1.30，炒股笔记，还是老规矩，一，首先记录一下个人操作1，卖出中国铝""",1,30,2024
"""抄到底了[微笑][微笑]""",1,30,2024
"""今天没有三日榜吗""",1,30,2024
"""北向二十忆抄底他起码二乙""",1,30,2024
"""接盘实力底气十足""",1,30,2024
"""回头看看真他么吓人啊""",1,30,2024
"""这票我是真没想到会跌成这样啊""",1,30,2024
"""今天亏1.4个点，想不到能够打开跌停啊，明天回点血吧，太难了，还套着6个点。""",1,30,2024
"""割肉割在地板上[哭][哭][哭][哭]""",1,30,2024
"""这个价位海螺水泥怎么出货？""",1,30,2024
"""天天亏，天天亏，明天期待！""",1,30,2024
"""大家一起举报张敬红啊，集思广益合力收集证据。""",1,30,2024
"""尾盘就是呦呦呦，明天继续低开""",1,30,2024
"""尾盘就是骗炮，明天继续大幅低开""",1,30,2024
"""来啊，减持啊，不减是""",1,30,2024
"""明天跌停价多少？我先挂一下""",1,30,2024
"""准备6毛附近～梭哈、共计4达不溜""",1,30,2024
"""此票就是割韭菜的专业户""",1,30,2024
"""看看别的股一地鸡毛，心情忽然好了不少""",1,30,2024
"""接着跌停，让你减持！自作自受的蠢股东""",1,30,2024
"""这么一顿操作明天又得跌了""",1,30,2024
"""尾盘买了一点点""",1,30,2024
"""为什么第三大股东张敬红每次都能精准逃顶？张敬红就是光大证券上海市淮海中路席位。大""",1,30,2024
"""三个缺口，至少补两个""",1,30,2024
"""不懂怎么玩的参考2020年2月3号""",1,30,2024
"""你们不要在这股吧抱怨了，一直打电话，让天听切实听到我们的诉求，动起手来""",1,30,2024
"""我怎么显示阳线？""",1,30,2024
"""跌停买了一点尾盘没跌停感觉比过年还开心，看来明天还有低点""",1,30,2024
"""明天会怎样？""",1,30,2024
"""拉尾盘……明天可以抄底了……到了买套阶段了""",1,30,2024
"""尾盘集合竞价买了三分之一，后续仓位需要等待确认。未来走势有两种最大的可能，第一继""",1,30,2024
"""我判断过年了拉高出货""",1,30,2024
"""尾盘买入""",1,30,2024
"""不管跌多少，起码跑赢了大盘[赞][赞][赞]""",1,30,2024
"""还有救吗？补仓了等明天奇迹发生…""",1,30,2024
"""连续三天跌停板你牛逼，第一天跌停买了100股，昨天跌停买了200股，今天跌停买了""",1,30,2024
"""三天三版晋级失败言归正传尾盘资金翘板无异博弈明天大金融的反弹但是力度其实并不强明""",1,30,2024
"""晚上看看龙虎榜""",1,30,2024
"""新力真的是本性不改呀[捂脸][捂脸]""",1,30,2024
"""跌停我割肉了我去""",1,30,2024
"""拉尾盘，看来明天必须跌停板！""",1,30,2024
"""这供销社好歹也算是个国企，市值管理一塌糊涂，2周幅度50%。你这种操盘手法连电视""",1,30,2024
"""看见没15手""",1,30,2024
"""明天最少八个点""",1,30,2024
"""这么快就打回原形""",1,30,2024
"""有没有9.7的兄弟啊，连续吃了几个跌停，最近睡眠加起来没10个小时，感觉人快崩溃""",1,30,2024
"""$新力金融(SH600318)$""",1,30,2024
"""应该是洗盘[呲牙]""",1,30,2024
"""这么多人晒单抄底，那明天就还有个急杀，把这些人震出去，不甩出去百分百不会拉伸""",1,30,2024
"""这洗盘洗的，牛""",1,30,2024
"""为一己私利，带崩一个板块，一个板块带崩大盘。作为国企的海螺水泥，带头唱反调，严查""",1,30,2024
"""亏了三十几个点，最高处站岗，一路加仓一路被套，没心情过年了""",1,30,2024
"""明天如果低开就满上，差不多到位了""",1,30,2024
"""庄狠，跌停洗""",1,30,2024
"""$新力金融(SH600318)$""",1,30,2024
"""干就完了，跌停战法就是好使，就这行情也有4个点""",1,30,2024
"""尾盘居然有资金进来了，看来明天有小高潮。""",1,30,2024
"""漂亮尾盘，多资金抢入。明天788完美撤离。过年[献花][献花][献花][献花][""",1,30,2024
"""明天必涨""",1,30,2024
"""来，弄！""",1,30,2024
"""明天反弹2个点，我就卖了""",1,30,2024
"""$新力金融(SH600318)$""",1,30,2024
"""拉尾盘""",1,30,2024
"""股票都不可玩了""",1,30,2024
"""今天出手了，记得看上一个帖子，记得看，你看看回帖说的什么，注意，我是实时直播，吹""",1,30,2024
"""明天低开可以搞点""",1,30,2024
"""本来想跌停上的。""",1,30,2024
"""拉尾盘""",1,30,2024
"""尾盘全仓了""",1,30,2024
"""这就是高质量发展的公司""",1,30,2024
"""今天还有龙虎榜吗也不知道翘板的万手单是哪路大侠""",1,30,2024
"""把50扫掉""",1,30,2024
"""挨了三板斧加一刀，没S透""",1,30,2024
"""也好赚三四个点明天平开就卖""",1,30,2024
"""明天加油继续跌停我抄一点""",1,30,2024
"""今天先上红盘""",1,30,2024
"""看来不管今天收盘如何，此胶明天是有行情的了""",1,30,2024
"""漂亮，地板上干了一百多个，稳了。""",1,30,2024
"""新力金融，今天跌停板割肉的不要再做股票了""",1,30,2024
"""诱多千万别接""",1,30,2024
"""收尸队进场""",1,30,2024
"""硬吃三个跌停，刚割就开始拉？""",1,30,2024
"""涨跌平衡了，凭它那个年度业绩扭亏盈利公告，抄它点小底。""",1,30,2024
"""尾盘拉是什么意思？""",1,30,2024
"""咋样[偷笑]，马上板""",1,30,2024
"""冲啊""",1,30,2024
"""郭德纲大徒弟出来你个托，明天至少低开是否跌停看大盘你说的神秘资金正在观望最起码止""",1,30,2024
"""大盘这样，快跑吧少年""",1,30,2024
"""地天地天""",1,30,2024
"""为什么这个股连续三年亏损也不用ST的？""",1,30,2024
"""咋回事""",1,30,2024
"""一会十万手大单封了""",1,30,2024
"""不是个股问题了，兄弟们，好不容易拉上来的股价不抛售等死啊，大盘成这样你们还抱""",1,30,2024
"""现在这个环境，只要拉涨停过后地板都要被砸穿""",1,30,2024
"""这位置谁在卖""",1,30,2024
"""今天安全了，再不会跌了[呲牙]""",1,30,2024
"""做多赚一波做空又赚一波，真的爽。""",1,30,2024
"""别的股票三天三版你是三天3个地板""",1,30,2024
"""看情况，明天又一个跌停，哈哈""",1,30,2024
"""还好割肉买了大集，回点血[旺柴][旺柴][旺柴]""",1,30,2024
"""跌停了[鼓掌][鼓掌][鼓掌]""",1,30,2024
"""9元成本，想不到它A型下跌。明天会跌吗？""",1,30,2024
"""人弃我取！胆大吃胆小，别人恐惧我贪婪，别人贪婪我恐惧！跌停板满仓梭哈博反包吃大肉""",1,30,2024
"""又一板牛逼啊""",1,30,2024
"""都是散户再买入，明天继续跌停""",1,30,2024
"""明天6.85能买到吗？""",1,30,2024
"""换手率超高。""",1,30,2024
"""一堆狗托别信他们""",1,30,2024
"""挺好的跌就对了""",1,30,2024
"""明天上午10点钟以前封死跌停板。""",1,30,2024
"""二点半收官之战""",1,30,2024
"""明天继续跌停""",1,30,2024
"""不是人，这个时候来减持""",1,30,2024
"""开年吃个闭门羹，好好好""",1,30,2024
"""踩踏事件，都是家人们啊""",1,30,2024
"""谁要减持减持减持""",1,30,2024
"""我也在跌停挂了单！抄底！[想一下][想一下][想一下][想一下]""",1,30,2024
"""还是同兴环保好．买了点拉起来了""",1,30,2024
"""12386[坏笑][坏笑][坏笑][坏笑]""",1,30,2024
"""，套死劳资了[怒]""",1,30,2024
"""不要托了，自由落体把！""",1,30,2024
"""公司于2024年1月25日收到第二大股东海螺水泥出具的《关于减持新力金融部分股份""",1,30,2024
"""[捂脸][捂脸][捂脸]你们吃了多长一根面？？//@恭喜亨通de金锁 :继续来喷""",1,30,2024
"""厉害了""",1,30,2024
"""跌停哪里有几千手是我挂的，来啊，有种就按跌停[奸笑]""",1,30,2024
"""大跌4天，惨无人道""",1,30,2024
"""太了[哭]""",1,30,2024
"""坚持到二点半就行了""",1,30,2024
"""能不能地天？""",1,30,2024
"""可以抄底未""",1,30,2024
"""买羊肉串的拉萨这么厉害？？？""",1,30,2024
"""我去这么玩吗？""",1,30,2024
"""没戏，继续跌停。""",1,30,2024
"""真牛逼，就这么好不拖泥带水的a下来""",1,30,2024
"""根本没有底，公司都卖了。""",1,30,2024
"""主力跑了，5只拉萨接盘的股票就是A杀""",1,30,2024
"""居然三连板……看来我预测的保守了[大笑]""",1,30,2024
"""报警吧""",1,30,2024
"""现在股价回到原点，相信很多人是被诱导过来接盘的，这股回到原点是正确的，不要轻信荐""",1,30,2024
"""割肉了，没救了""",1,30,2024
"""选择失败，香溢融通和你同时买，香溢融通能赚30%你却赔30%，妈的你还是一个板块""",1,30,2024
"""明天再来一个跌停绝对能够止跌回升""",1,30,2024
"""4天百分之40，可以，可以！""",1,30,2024
"""喜欢减持，4个跌停板看你减持不，海螺水泥，后面要是不减持，你也不是什么好公司。散""",1,30,2024
"""认了，明天开盘不管多少就走""",1,30,2024
"""总于跌停""",1,30,2024
"""NND，三个跌停板，唉""",1,30,2024
"""有没有风险释放的提示？？？两个涨停就澄清，两个跌停呢？？？""",1,30,2024
"""昨天抄底的朋友，主力又给你肉吃让你抄底[大笑][大笑][大笑][大笑][大笑][""",1,30,2024
"""真牛逼，直接40厘米""",1,30,2024
"""……""",1,30,2024
"""我说就跌停吗""",1,30,2024
"""很好，终于要回到6元了，到时买入7元以上卖出""",1,30,2024
"""跌停封死吧，真恶心""",1,30,2024
"""今天割肉对了，本来还想加仓呢""",1,30,2024
"""什么情况又要跌停了""",1,30,2024
"""这是我有史以来买过最垃圾的票""",1,30,2024
"""中国股市""",1,30,2024
"""严查央企海螺违规减持股票""",1,30,2024
"""连续涨停有人管了，发什么工作函，跌停为什么没有人管了，都傻了吗？？""",1,30,2024
"""散户开始互相踩踏了，家人们争抢逃出""",1,30,2024
"""今天可以了，地板184家[撇嘴]，fie跌6点也就是在中间吧""",1,30,2024
"""咋不停牌呢，[旺柴][旺柴]""",1,30,2024
"""股价3个工作日偏离20%""",1,30,2024
"""好咯，又跌停了，""",1,30,2024
"""对a股来说，每次卖出都是正确的""",1,30,2024
"""明天再跌的话基本波动不大了，如果横盘就可以考虑入场割韭菜""",1,30,2024
"""把韭菜连根拔起的节奏，，，""",1,30,2024
"""继续放平心态""",1,30,2024
"""7.20再买，不会套我吧[滴汗][滴汗][滴汗]""",1,30,2024
"""一切回到原点！""",1,30,2024
"""晒截图的孙子继续晒""",1,30,2024
"""搞什么？""",1,30,2024
"""哈哈哈笑死我了记住了明天依旧暴跌，这个减持股参考实丰文化，同样有上塘路和减持问题""",1,30,2024
"""有些散狗把自己的抄底价截图晒出来，缺心眼一样，自己底牌随意给别人看""",1,30,2024
"""要跌停了，在不跑，明天一支跌停""",1,30,2024
"""主力做空明天收回，再不打压没机会啦""",1,30,2024
"""太惨了""",1,30,2024
"""逻辑很简单，散户只要一入就打跌停""",1,30,2024
"""二点半收跌停板？""",1,30,2024
"""主力是多么不看好自家公司啊""",1,30,2024
"""明天再来一个大跌差不多了，但是也没用了，上面套那么多人""",1,30,2024
"""跌停是肯定的""",1,30,2024
"""10元本钱何时保本？""",1,30,2024
"""又跌停，三跌停，没人管""",1,30,2024
"""还跌停的话，就3连板了，4天下跌了百分之40""",1,30,2024
"""明天再来一个跌停总该止跌了吧？""",1,30,2024
"""请问海螺水泥减持公司股份，是基于什么目的？是否不看好公司未来前景？""",2,6,2024
"""还好跑得快[大笑]""",1,30,2024
"""尾盘涨停""",1,30,2024
"""有本事就跌停""",1,30,2024
"""正常回调而已，大家不要慌！""",1,30,2024
"""明天来救大家""",1,30,2024
"""连续几天家人榜，居然还在YY，哈哈哈""",1,30,2024
"""明天全仓买入！！！""",1,30,2024
"""拉萨帮今天割得痛快[笑哭]""",1,30,2024
"""希望大家不要报出自己的成本！""",1,30,2024
"""这里犯了什么错，[666][666][666]""",1,30,2024
"""哎，我今天就多做好事，让你们都赚点钱。7.1-7.25上。别问我挣多少钱，第二天""",1,30,2024
"""死股票进来遭遇两个跌停""",1,30,2024
"""金融在护盘了，你应该涨停，让世界对你刮目相看""",1,30,2024
"""从哪里来回哪里去，好了伤疤忘了疼""",1,30,2024
"""拉完就不计成本的往出跑，什么叫操纵股价？""",1,30,2024
"""搞不明白，减持4000万能干什么？""",1,30,2024
"""9.3进场俩个跌停……""",1,30,2024
"""7.30买了，等神秘资金拉升[微笑][微笑][微笑]""",1,30,2024
"""出货5000万了，每天都是大几千万出货""",1,30,2024
"""从哪里来，到哪里去！""",1,30,2024
"""上周三差点打板这个丧门星，买不进去撤单了""",1,30,2024
"""孙子们能不能别砸了，爷爷我快没气了。""",1,30,2024
"""小猪力根根，我又来了，给我板""",1,30,2024
"""还早，6.8是买点""",1,30,2024
"""继续趺停，早日退市免得害人""",1,30,2024
"""走吧，做日经ETF、标普ETF不香么""",1,30,2024
"""什么烂股，这样跌都没人负责？？？[怒][怒][怒][怒][怒][怒][怒][怒]""",1,30,2024
"""四个跌停了神经""",1,30,2024
"""四个跌停板了要了""",1,30,2024
"""赶紧割肉，等一下跌停""",1,30,2024
"""庄家也难""",1,30,2024
"""大盘都被这海螺搞漂漂了，，，，""",1,30,2024
"""走势墓碑D！""",1,30,2024
"""这辈子如果你恨他，就想办法让他炒A股，这样就能让他生不如死""",1,30,2024
"""跌啊你的""",1,30,2024
"""快到买点了""",1,30,2024
"""收盘跌停""",1,30,2024
"""这也太惨了，三天回归原位""",1,30,2024
"""今天拉中，明天砸中，反正就是不让你逞心如意[叹气][叹气]""",1,30,2024
"""套牢盘太多，目前不宜进场""",1,30,2024
"""坚守60日线阵地""",1,30,2024
"""下午直线跌停""",1,30,2024
"""跌停就狠狠的跌，磨磨唧唧的""",1,30,2024
"""下午再冲一下，筹码就给你""",1,30,2024
"""下午会直线拉升吗""",1,30,2024
"""散户怎么拼命的买，钱多？""",1,30,2024
"""举报电话多少，大家一起""",1,30,2024
"""你爸爸跌停了，你也赶紧跌停吧！！！""",1,30,2024
"""跌停挂了2.7万的买单，要买去跌停买""",1,30,2024
"""这种跌的方法总比钝刀子割肉强！你们细品！""",1,30,2024
"""主力资金十天流出10亿多，还想怎么涨？""",1,30,2024
"""再卖，舍不得，再买，没钱。哎""",1,30,2024
"""惨不忍睹！惨！俗话说不是你们的财莫伸手，伸手必被捉！""",1,30,2024
"""今天就这样了。看明天能进就搞点，不着急""",1,30,2024
"""[惨!关灯吃面][惨!关灯吃面]盈利了，请用那几千万回购注销股份""",1,30,2024
"""还好没有期待它翻倍，不然又白玩了""",1,30,2024
"""这个股每涨一次都是跌回原点！回看历史吧！""",1,30,2024
"""中远通和你早上都是跌八个点，我也是鬼迷心窍的买了你，现在是一个天一个地，哎，没有""",1,30,2024
"""A股赚钱秘笈""",1,30,2024
"""斗胆预测，8元以下亏不了！""",1,30,2024
"""一群小学生，你们在这里嘴炮干嘛，有本事一直打电话举报投诉啊，你们谁打了""",1,30,2024
"""新力一直是怪异的走势。""",1,30,2024
"""没有这么玩的吧，之前大涨的票全部A杀，亏嘛了""",1,30,2024
"""又是一只LJ古""",1,30,2024
"""都来深中华A，第二波开起""",1,30,2024
"""这刁毛股在板块中跌得最最厉害！""",1,30,2024
"""新力金融应该亏不了""",1,30,2024
"""让这些操纵股价的人牢底坐穿""",1,30,2024
"""卖水泥的做金融，世界少有。""",1,30,2024
"""忠言逆耳""",1,30,2024
"""一个卖水泥的能有什么可值得炒的。除了减持就是每天跌停，这已经成了新力金融的主旋律""",1,30,2024
"""有点烂的""",1,30,2024
"""五天跌了百分之30多，[微笑]合理吗，还有前几天还有那无脑唱多的，真服啦，就这这""",1,30,2024
"""上午5000多只股票。上涨1010只，涨停18只，跌停60只。鉴定为极弱行情，动""",1,30,2024
"""上午5000多只股票上涨1010只涨停18只跌停60只鉴定为极弱行情！动眼不动手""",1,30,2024
"""我割肉了，亏了25%，祝留下的发财""",1,30,2024
"""这鸟谷不安分，还有三天调整，节后或有惊喜""",1,30,2024
"""7.35杀入。""",1,30,2024
"""这种股都A杀，市场其他股能好吗？这个不见底，市场也见不了底，谁也别笑谁""",1,30,2024
"""一百万全仓杀入，7.49，看看能不能赚点小钱""",1,30,2024
"""你抄它底，它抄你家。A股定律。""",1,30,2024
"""今天好多散户跃跃欲试，今天止跌才是博弈点。不然明天又是大低开。""",1,30,2024
"""估计还有三个跌停，海螺水泥就是违法犯罪""",1,30,2024
"""没有人性啊""",1,30,2024
"""6.77见不见不散[大笑]""",1,30,2024
"""炒个底[大笑][大笑]""",1,30,2024
"""接盘的散户都冲进来了，越来越多""",1,30,2024
"""搞""",1,30,2024
"""我的拉萨兄弟起来干活了。""",1,30,2024
"""昨天的十五万手还没有出""",1,30,2024
"""这票高位套牢的散狗太多，肯定还要跌""",1,30,2024
"""新力金融：预计2023年归属于上市公司股东的净利润将扭亏为盈""",1,30,2024
"""中粮资本都涨停了""",1,30,2024
"""赶紧买割肉的筹码，抢起来""",1,30,2024
"""这样跌还有谁？还有王法吗？""",1,30,2024
"""昨天中粮资本和你选了你""",1,30,2024
"""回撤40个点你指望他还能回去？白日做梦！起码调整半个月""",1,30,2024
"""11111""",1,30,2024
"""g庄自作孽，不可活[怒]""",1,30,2024
"""的准，只要我一卖它就往上涨""",1,30,2024
"""累了，毁灭吧""",1,30,2024
"""明天继续低开5个点，阁下该如何应对？""",1,30,2024
"""捡钱了喂[旺柴]""",1,30,2024
"""满仓梭哈了，随你了""",1,30,2024
"""有点接高位了""",1,30,2024
"""下午又跌停""",1,30,2024
"""5元在买""",1,30,2024
"""有脑的人不会来抄底这样的票，被套的人补仓""",1,30,2024
"""[韭菜][韭菜][韭菜][韭菜][韭菜]""",1,30,2024
"""再来一次跌停小意思啦！""",1,30,2024
"""尊敬的董秘：你好，贵司主业是什么？后续是否会有资产重组或者资产置换计划，大股东是""",2,6,2024
"""真牛。A杀啊""",1,30,2024
"""今天收盘继续跌停""",1,30,2024
"""这个A画的很漂亮""",1,30,2024
"""7.3割了，去的，亏28个点，拿我钱给去买药吃吧，垃圾主力，垃圾庄家，垃圾公""",1,30,2024
"""今天有可能涨停""",1,30,2024
"""总感觉今天大盘会拉红呢""",1,30,2024
"""主打一个接盘[奸笑]""",1,30,2024
"""，同意的点赞""",1,30,2024
"""底在哪？新力之灾空前绝后。绝后的企业""",1,30,2024
"""这样跌的票，为什么没人管""",1,30,2024
"""散户有多大的罪要这样对待？""",1,30,2024
"""就值6.9，高一分都不配""",1,30,2024
"""哈哈哈，9.85的成本，有比我高的吗？？？""",1,30,2024
"""这市场真没必要存在了[惨!关灯吃面][惨!关灯吃面]""",1,30,2024
"""股东减股，大家都出了吧""",1,30,2024
"""明天再来一个跌停就差不多到位了！""",1,30,2024
"""这么砸，谁赚钱了""",1,30,2024
"""7.18啊""",1,30,2024
"""喜提三天三板""",1,30,2024
"""为了自己私欲，想尽一切压低股价，最后再发公告没减持，卑鄙又""",1,30,2024
"""跌不下去了，可以买点，年后反弹""",1,30,2024
"""玛德！亏了25个点""",1,30,2024
"""又要跌停了""",1,30,2024
"""哈哈哈笑死我了，记住了明天依旧暴跌，这个减持股参考实丰文化，同样有上塘路和减持问""",1,30,2024
"""真丢脸，小家子气，没格局""",1,30,2024
"""人弃我取！别人贪婪我恐惧，别人恐惧我贪婪！7.18元抄底200手带血筹码博反弹！""",1,30,2024
"""哈哈哈笑死我了记住了明天依旧暴跌，这个减持股参考实丰文化，同样有上塘路和减持问题""",1,30,2024
"""应该不会跌停了，全是套牢盘也拉不起来大概率阴跌震荡""",1,30,2024
"""等6块半上车，一年之内，又可以完美收货""",1,30,2024
"""走了，割肉走人，玩你m啊，""",1,30,2024
"""目前位置还有人卖出？难道不追求市值管理了？不可能。绝对不可能。""",1,30,2024
"""没跑在最高，还好也没敢贪[滴汗]""",1,30,2024
"""我倒是想看看，你到底能有多少跌停""",1,30,2024
"""为了自已私利想尽一切压低价格""",1,30,2024
"""还不跑？一会再跌停""",1,30,2024
"""牢低坐穿""",1,30,2024
"""这走势还没跌到位啊，明天再来一波差不多""",1,30,2024
"""哈哈哈笑死我了记住了明天依旧暴跌，这个减持股参考实丰文化，同样有上塘路和减持问题""",1,30,2024
"""华金资本才是好股""",1,30,2024
"""你们多损让多少散户割肉，你们过年能行吗？""",1,30,2024
"""儿子""",1,30,2024
"""1""",1,30,2024
"""……""",1,30,2024
"""伙计们，酸不酸爽？刺不刺激？绝不绝望？[憨笑]""",1,30,2024
"""一群""",1,30,2024
"""本来赚钱走了，错过一个涨停又低位接了回来，然后不信邪一直加仓导致大亏，今天血亏割""",1,30,2024
"""去，太恶心人了""",1,30,2024
"""今天是买点，必须赚钱""",1,30,2024
"""快跌停别让他们跑了！""",1,30,2024
"""56出了，去其他股了""",1,30,2024
"""快来药易购，快来药易购，快来药易购。重要的事说三遍，药易购要拉升了""",1,30,2024
"""恶心""",1,30,2024
"""不就减持几千万吗，至于吗？？""",1,30,2024
"""贼了""",1,30,2024
"""这种和主力一起玩散户的公司以后永远不买""",1,30,2024
"""我服了呀我真的服了，亏麻了""",1,30,2024
"""大家又收获一个地板""",1,30,2024
"""451家上市公司回购股份提振市场信心 11家上市公司股东自愿承诺“不减持”海螺水""",1,30,2024
"""快跑吧！减持股一般都新低""",1,30,2024
"""创业板涨，你不一定涨，创业板跌，你绝对就是领跌。人家业绩大增预报，难道你是业绩大""",1,30,2024
"""现在诱多买入，买的多了立马压跌停。已经出货2800万了""",1,30,2024
"""卖不完""",1,30,2024
"""又回到了原点，哈哈[大笑]""",1,30,2024
"""愿赌服输，跑路删除""",1,30,2024
"""补仓这么多天，今天才是买点，可惜很多人子弹都打光了，所以上刺刀""",1,30,2024
"""这个股没救了""",1,30,2024
"""收盘还是跌停""",1,30,2024
"""三天内有可能涨停。""",1,30,2024
"""流出3000多万了""",1,30,2024
"""7.5已入，猛干""",1,30,2024
"""建个底仓，反正都是赚的！""",1,30,2024
"""跑不过香溢""",1,30,2024
"""抄底，试试手气[大笑]""",1,30,2024
"""赶紧去买深中华A要走2波了赶紧啊""",1,30,2024
"""疯狂出货主力""",1,30,2024
"""这假阳线，真""",1,30,2024
"""最近都在涨业绩好的你为什么不涨？""",1,30,2024
"""三个板然后马上跌回来也就是你啊""",1,30,2024
"""兄弟们，昨天跌停重仓买入的，今天能翻红，底下评论的一人100红包，嘤嘤嘤""",1,30,2024
"""垃圾，全部出了，不玩了，亏了好多钱""",1,30,2024
"""哎，让你们来中油你们不来[大笑]""",1,30,2024
"""能扛到10点""",1,30,2024
"""两极分化""",1,30,2024
"""今天我买100股给各位助力一下[大笑][大笑][大笑]""",1,30,2024
"""发业绩都不能涨停，认输了，出局，赔钱也没办法""",1,30,2024
"""反包一个救救九鼎""",1,30,2024
"""有没有一种感觉；如此之高的前期换手；好像都换给了一个人；而且是不用本金就能用的那""",1,30,2024
"""畅联也炸开了""",1,30,2024
"""现在所有股都是A，远离a股市场是王道""",1,30,2024
"""这带血的筹码吸的真爽""",1,30,2024
"""大家有序出场[偷笑]""",1,30,2024
"""一样跌停我说的""",1,30,2024
"""换来换去，都是lj""",1,30,2024
"""出货2500万了""",1,30,2024
"""今天进场有机会了""",1,30,2024
"""空头好猛啊""",1,30,2024
"""完犊子""",1,30,2024
"""跑了2000多万了""",1,30,2024
"""感觉如何，酸不酸爽，嗯～？[吃瓜]""",1,30,2024
"""出货哟，还要探底才能缓跌""",1,30,2024
"""出货1800多万了兄弟们""",1,30,2024
"""来，中油资本""",1,30,2024
"""能拉红吗""",1,30,2024
"""华金资本都红了，你该醒醒了""",1,30,2024
"""一早起又跑了三四个亿！这股要完蛋了""",1,30,2024
"""看下华金""",1,30,2024
"""海螺水泥等张敬红出了，再发公告打压股价，配合张敬红买回来。你可以关注一下张敬红的""",1,30,2024
"""今天能坚持5分钟否？""",1,30,2024
"""散户们留下忏悔的眼泪""",1,30,2024
"""最无耻，最无底线的操作！""",1,30,2024
"""哈哈，今天跌停了，明天还跌停""",1,30,2024
"""……""",1,30,2024
"""超标准的A杀""",1,30,2024
"""华金资本都红盘了还跌这么多。。""",1,30,2024
"""有种跌下去就别上来，一进来就三个跌停，有这样控盘的吗，和打劫有什么区别""",1,30,2024
"""买2000手的那位徒弟，有反弹今天就跑路""",1,30,2024
"""新力金融：3日连收2个跌停板 第二大股东海螺水泥拟减持不超1%公司股份""",1,30,2024
"""这玩的是A杀套路么""",1,30,2024
"""7.2开干""",1,30,2024
"""跌吧，继续降本。""",1,30,2024
"""上周融券的，至少20多点了""",1,30,2024
"""发业绩就是为了吸引散户继续来接盘的""",1,30,2024
"""翻身没戏了""",1,30,2024
"""为什么为什么啊家人们谁能告诉我[哭][哭]""",1,30,2024
"""还有20个点的向下发展空间[呲牙]""",1,30,2024
"""庄家太狠了""",1,30,2024
"""主力来个涨停吧，爷爷给你磕头了，咚咚咚咚咚咚咚咚咚咚咚""",1,30,2024
"""厉害，3天亏我21w""",1,30,2024
"""不必恐慌，7.5排队割""",1,30,2024
"""懂的来讲讲，看了最近几年的财报，四季度都是大幅亏损，这利润是做到哪里了""",1,30,2024
"""今天再杀一个跌停板，进入多头筹码集中区域，看看今日是否破板反抽了""",1,30,2024
"""可以了，今天资金拉金融""",1,30,2024
"""今天应该还有个跌停板[哼]""",1,30,2024
"""看看龙虎榜，都家人在相互厮杀！""",1,30,2024
"""再跌再买，就不信他和金龙羽一个命""",1,30,2024
"""不用看了，资金今天还会选择踩踏跌停板，相当凶狠！""",1,30,2024
"""6.09的本，你继续洗""",1,30,2024
"""跌停，炒底""",1,30,2024
"""春节在即，大资金和大柚子，是不是规划回避长假不确定性了。新力，成了部分小资金和拉""",1,30,2024
"""“恭喜还在车上的老铁,10连板走起”，只是说了真话，结果被视野柚子拉黑了，估计还""",1,30,2024
"""第九大股东是高盛公司，很可能外资并购新力""",1,30,2024
"""大前天进的，今天能割肉吗？""",1,30,2024
"""昨天跌停进货一小皮，今天还能跌停吗""",1,30,2024
"""中字头板块有代表性的城门立木个股！这次炒作走势路径大概率也差不多吗？提前思考眼见""",1,30,2024
"""不要给踏空的机会""",1,30,2024
"""一字板""",1,30,2024
"""这次中字头板块炒作大概率也遵循这个路径！""",1,30,2024
"""跌停开盘抛压太重了""",1,30,2024
"""低开-3％然后快速跌停""",1,30,2024
"""新力金融：融资净买入2759.24万元，融资余额2.72亿元（01-29）""",1,30,2024
"""华金资本，珠海国资，多元金融""",1,30,2024
"""新力本次大跌因预减持500万股所致，原计划套现五千万元，天奈还没开始套现，股票市""",1,30,2024
"""减持前股价砸到1元，连续十个跌停板先来""",1,30,2024
"""不分红，股价大涨大跌不上的都是来骗钱的，比不了长江电力稳赚不赔的。""",1,30,2024
"""明天看，今天开板选择方向""",1,30,2024
"""三个跌停出公告，只能说还没减持就跌成这个比样，本来想减持的，跌成这个样子没法减持""",1,30,2024
"""进入重新买入做多区间新力金融，无论什么题材或者利好利空，短线30%的跌幅就是最大""",1,30,2024
"""思考一下二股东为什么火急火燎的做出减持计划:估计已有外资接触，商谈收购事宜。""",1,30,2024
"""今天继续跌停板挂单7.18元买200手希望能够成交博反弹！""",1,30,2024
"""今天继续跌停板可以买一点博超跌反弹！""",1,30,2024
"""的股三天跌百分之四十了""",1,30,2024
"""试问看到这个还有谁敢接盘""",1,30,2024
"""经验告诉我，今天还有一跌停刚好回到原点，然后开始长期震荡，不知道对不？""",1,30,2024
"""碰到拉萨十回有九回输！""",1,30,2024
"""高位出完货就发利空，造成相互践踏，然后底部收集筹码再发利好，再收割一波，完美！""",1,30,2024
"""今天应该反弹大涨了吧，我已经加满仓，等着今天吃大肉""",1,30,2024
"""明天不会再跌了吧？""",1,30,2024
"""算你狠""",1,30,2024
"""新力金融无限循环！""",1,30,2024
"""这种图形我都说跑路拉高两次出货两次第二天直接水下运动""",1,30,2024
"""明天还有一下打回去""",1,30,2024
"""这货人气还上升了""",1,30,2024
"""今后海螺水泥不得从业上市公司和非上市公司的股权投资。这种不顾大局，自私自利扰乱国""",1,30,2024
"""没用了，不是特大利好反转不了了""",1,29,2024
"""明天7.5附近有机会应该可以建仓""",1,29,2024
"""公布业绩利好，老乡别走。""",1,29,2024
"""明天让我买进去，我要吃地板的苦""",1,29,2024
"""推荐""",1,29,2024
"""这个不是国资吗？""",1,29,2024
"""踏马的，明天再跌停，买进一百手，就陪主力耗着""",1,29,2024
"""盯盘一天给大家汇报一下。开盘恐慌盘下杀，跌停时一千多万被游资一把撬开了，10.3""",1,29,2024
"""跌停买了你没有买华金，这次亏大了！""",1,29,2024
"""前三季度盈利，第四季度亏损，明天低开低走，拭目以待""",1,29,2024
"""地方国资。。。。[大笑][大笑][大笑]""",1,29,2024
"""跌吧，我买在天上了，少跌点我割肉走，你这么个跌法，我反而不想走了，我躺平了，你随""",1,29,2024
"""股价十七元时候不减持，现在这价位减持，这得啥脑袋能干出这事来呀""",1,29,2024
"""1.5见""",1,29,2024
"""有本事再减持，自作自受！""",1,29,2024
"""想多了。""",1,29,2024
"""上个星期三，8个多点卖了你，今天又在-8个多点买了你，加油新力金融。涨个三天，我""",1,29,2024
"""今天完全主力带领散户跌停。明天又是难的一天，没买的就别进了，至少不亏钱。买的死扛""",1,29,2024
"""这个股票就是主力故意左手倒右手忽悠散户卖出割肉，是不是的看看明天开盘就知道了。""",1,29,2024
"""新力金融也是护盘手，连续大跌三天已严重超卖，23年业绩雷已排除，超预期扭亏为盈近""",1,29,2024
"""这市场除了国资，已经一无是处了""",1,29,2024
"""都拿住，新力金融是最容易被外资收购的上市公司""",1,29,2024
"""新力金融：明日反包行情概率大增""",1,29,2024
"""明天可以止跌。扭亏在三季度业绩就预告了。""",1,29,2024
"""今天跌停了，意味着什么？""",1,29,2024
"""家人们，明天怎么搞""",1,29,2024
"""明天5分钟之内封死跌停板。""",1,29,2024
"""新力金融当日收报7.98元，涨跌幅-10.03%，换手率16.28%，成交额6.""",1,29,2024
"""交易异动！新力金融：近3个交易日下跌22.6% 无未披露的重大信息""",1,29,2024
"""明天涨不涨没法确定，但是公司明显出手了稳股价了，说明了二股东还没有减持股份，然后""",1,29,2024
"""明天低开高走，午后上板。利好加持，放心持有！！！""",1,29,2024
"""今年能赚钱的公司有多少家？""",1,29,2024
"""TM一买就吃了2个跌停！惨无人道""",1,29,2024
"""新力金融(600318.SH)：2023年净利润预盈2600万元到3200万元""",1,29,2024
"""新力金融：预计23年年度归母净利润为2600万元至3200万元""",1,29,2024
"""今天清仓了。赌输了。明天你涨停我也不爱了""",1,29,2024
"""从哪里来，回哪里去""",1,29,2024
"""拉萨大军你们卖吧！反正我是不卖，要不了几天就会V上去，到时让你们目瞪口呆。""",1,29,2024
"""有买有卖的真牛""",1,29,2024
"""近一周上涨换手率250%左右，两日两跌停换手率不足50%主力打砸抢！！！散户权益""",1,29,2024
"""接着减持。再来2个板。""",1,29,2024
"""新力金融:安徽新力金融股份有限公司股票交易异常波动询证函""",1,29,2024
"""新力金融:安徽新力金融股份有限公司股票交易异常波动暨风险提示的公告""",1,29,2024
"""新力金融:安徽新力金融股份有限公司关于公司为孙公司提供担保的公告""",1,29,2024
"""新力金融:股票交易异常波动的询证函的回函""",1,29,2024
"""新力金融:安徽新力金融股份有限公司2023年年度业绩预告""",1,29,2024
"""连续下跌无人接盘之前抄底的都活埋了证明行情结束果断卖出离场""",1,29,2024
"""铁子们，开盘低开三个点以上就allin，持有的兄弟锁仓就好，先拉先调整的金融小票""",1,29,2024
"""上塘路24拉的涨停，今天砸跌停""",1,29,2024
"""600股吃了两个跌停，妈的""",1,29,2024
"""，后悔买了你，和永达一天进的，它涨停，你跌停！""",1,29,2024
"""龙虎榜上看：家人们是明日新力金融绝对的主导者""",1,29,2024
"""利好大金融，不求大涨，希望不亏。""",1,29,2024
"""明天大盘会红，本周大概率会登上3000点，现阶段任何杀跌都是在骗取筹码""",1,29,2024
"""明天大盘会红，本周有可能登上3000点""",1,29,2024
"""明天还得跌停板就完美了""",1,29,2024
"""是国有企业吗？""",1,29,2024
"""业绩预告什么时候出""",1,29,2024
"""我就买了两千股他们就获利出逃了？[滴汗]""",1,29,2024
"""还好早盘卖了，不然明天还有一个跌停。""",1,29,2024
"""明天最后一地毯""",1,29,2024
"""公司股价连续二日跌停，为啥不发异动公告？""",2,6,2024
"""今作得失回顾""",1,29,2024
"""明天再跌停我就开仓！""",1,29,2024
"""东方财富证券拉萨团结路第二营业部今日净买入6382.95万""",1,29,2024
"""东方财富证券拉萨团结路第一营业部今日净卖出6853.95万""",1,29,2024
"""东方财富证券拉萨东环路第二营业部今日净买入8132.84万""",1,29,2024
"""为什么家人们那么喜欢翘板""",1,29,2024
"""吃了几个跌停又套上了，那么多拉萨。""",1,29,2024
"""这股一直是个贼股，每隔一段时间就出来搞一波钱，很恶心！""",1,29,2024
"""一地鸡毛""",1,29,2024
"""希望出个预增，缓和一下情绪。。。""",1,29,2024
"""没出业绩预告，估计增长不理想""",1,29,2024
"""进来吃两个跌停[面][面][面][面]""",1,29,2024
"""一碗大面！持仓只有亚世光电涨停了，金融ai全崩，新力金融 华金资本 香溢融通 金刚光伏 爱旭股份 """,1,29,2024
"""一碗大面！持仓只有亚世光电涨停了，金融ai全崩，新力金融 华金资本 香溢融通 金刚光伏 爱旭股份 节能铁汉 中际旭创 剑桥科技 """,1,29,2024
"""明显是要A杀，看看日久光电，也是上塘路做过的票是不是一样""",1,29,2024
"""投诉的人呐？跌傻了吧""",1,29,2024
"""讲真的一群小白建议你们别买了，3日榜看不明白吗？晚上还不赶紧挂单跑路？""",1,29,2024
"""减持很不合规？不合规能不能维拳？""",1,29,2024
"""哪里跌停都离不开拉萨搅棍""",1,29,2024
"""关键时候，必须沉住气""",1,29,2024
"""新力进入高风险区后第一时间提醒！有帮助到各位吗？下跌其实是逐渐释放风险，所以上涨""",1,29,2024
"""买那个那个跌到他吗的霉了[哭]""",1,29,2024
"""几把，上塘路是融券借的吗""",1,29,2024
"""星期五跌停板买入100股今天跌停板继续买入100股，明天我就看你敢不敢继续砸，我""",1,29,2024
"""md，上坟路哪里那么多货？？又出5000万""",1,29,2024
"""新力金融(600318)龙虎榜数据(01-29)""",1,29,2024
"""现在的股票是你进去了就别想出来""",1,29,2024
"""谁都得死，走人""",1,29,2024
"""想割肉出去的明天红盘让你们走，给你们机会逃命的，别说不给你们机会""",1,29,2024
"""这个是高盛？""",1,29,2024
"""明天是涨是跌""",1,29,2024
"""明天大概率跌停开了""",1,29,2024
"""这才这么几个跌停！没意思！股价到5块再说""",1,29,2024
"""我希望他天天跌停，让你减持，争取跌到两块钱去""",1,29,2024
"""新力二个涨停就要发公告，那二个跌停有公告吗？""",1,29,2024
"""扭亏为盈预公告还不出么""",1,29,2024
"""我坚定不移的相信你可以拉升""",1,29,2024
"""星期五割了你跟腾达，重仓买入保利发展，搬回当天盈利，晚上地产出了利好今天直接高开""",1,29,2024
"""本尊来说点干货！！！先说问题：1.多元金融这个板块废了，香溢和九鼎未来就是A杀，""",1,29,2024
"""抖音推荐回调加仓全部忽悠进去了""",1,29,2024
"""今天不应该这走势""",1,29,2024
"""[哭]全都是坑""",1,29,2024
"""不用看业绩暴雷，能跑就跑吧""",1,29,2024
"""让你减持个够[呲牙][呲牙]""",1,29,2024
"""今天进来明天又被埋了""",1,29,2024
"""看到大家都重仓我就放心了。""",1,29,2024
"""不出意外今天猫狗榜里面买卖全是我们拉萨代表队""",1,29,2024
"""上周三涨停主力都出了很多货了，散户一直在接，周四冲不上去，周五直接低开跌停，今天""",1,29,2024
"""我还有40多万没出来，当给庄家的帛金了""",1,29,2024
"""主力高位出了大量货，今天将剩余筹码全部压上，目的是在更底价位吸筹。""",1,29,2024
"""太可怕了，慢一步就惨死""",1,29,2024
"""二个涨停，立马出消息；二个跌停，无人问津。""",1,29,2024
"""尊敬的董秘：你好，贵司持有的ST辅仁已经退市，已经全额计提了资产减值准备？贵司是""",2,6,2024
"""想明天跌停抄底的人，看看茂硕电源""",1,29,2024
"""还抱有幻想的人去看看华立股份吧""",1,29,2024
"""几千万的减持居然有这么大威力，到时候能减持估计也不会减持了，价格比起涨点还低""",1,29,2024
"""新力像流星闪过一样，灿烂而短暂，启于大金融，止于减持。从趋势和盘面来看，还有继续""",1,29,2024
"""大家不用恐慌，外面跌5个点，6个点的一大堆，这里早盘就封死了，你也就多亏3个4个""",1,29,2024
"""看这封单量明天一字跌停了，老子200手陪你天方地老。[怒][怒]""",1,29,2024
"""妥妥的A杀！！！""",1,29,2024
"""尾盘割肉彻底拉黑""",1,29,2024
"""落地有点重，蹲起模式启动O""",1,29,2024
"""，出来溜2圈""",1,29,2024
"""感谢新力及时封死跌停，不给我机会离场，要是放我出来，我这贱手一定第一时间追高了某""",1,29,2024
"""你在放人血""",1,29,2024
"""恭喜，明天继续跌停！""",1,29,2024
"""明天再来一个跌停就差不多了""",1,29,2024
"""哈哈哈明天开盘跌停开我说的，还有谁不服[大笑][大笑]""",1,29,2024
"""都老实了吧？哪来回哪去，推的票还有好货？""",1,29,2024
"""后毁接回来[哭]""",1,29,2024
"""这是有多大的雷？这样下杀简直可怕。""",1,29,2024
"""这个趋势，还得至少两个跌停板，主力狗狠，明天一字板跌停了""",1,29,2024
"""奖金来自减持新力金融股票资金，在此特别要感谢二级市场小韭菜们，没有你们的辛勤付出""",1,29,2024
"""一人带崩金融""",1,29,2024
"""怎么不弹幕了？大家热闹起来啊[偷笑]底部筹码都没多少了，海螺再减持，这股得成僵尸""",1,29,2024
"""看来明天要割了，等后年下一波的时候再玩你吧！白玩了这么多天。还坐了个电梯[偷笑]""",1,29,2024
"""明天跌可以抄底""",1,29,2024
"""我日明天还要跌停""",1,29,2024
"""拉萨游资吃相真难看""",1,29,2024
"""减持不过512万股，也就三四千万元，至于这么跌吗？真怂啊？""",1,29,2024
"""明天有反抽""",1,29,2024
"""我倒觉得不是减持的原因导致下跌———————————————————同一时间东鹏""",1,29,2024
"""这股出了什么大问题吗？减除不致于跌那么多，""",1,29,2024
"""尊敬的董秘：贵司2023年四季度业绩预告会发吗？还是等年报一起发？谢谢""",2,6,2024
"""都把单子挂上吧，看看散户手里有多少""",1,29,2024
"""这是人干的事?""",1,29,2024
"""大盘拉了，这股废了""",1,29,2024
"""历史总是惊人的相似，不断的重复，，不出意外的话，信用社是下一波倒闭的主力""",1,29,2024
"""率先跌停，一己之力带崩整个板块""",1,29,2024
"""7块六再来""",1,29,2024
"""睡醒没有？？""",1,29,2024
"""还不开更待何时""",1,29,2024
"""参考2022.4.1，连续4个跌停才开板，一连跌了50%，这股主力太阴损。""",1,29,2024
"""现在什么环境，需要抄底不？""",1,29,2024
"""唉""",1,29,2024
"""主力你二十万量都没有吗？压这么点给谁看？""",1,29,2024
"""我发起了一个投票""",1,29,2024
"""压那么大的抛单，杀鸡用牛刀了""",1,29,2024
"""明天7.5在补仓，还要跌，现在别买了""",1,29,2024
"""人家涨，你跌，人家跌还tm跌，[怒]""",1,29,2024
"""大家多关注光大证券的席位，张敬红前几天全出来了。看看他未来几天会不会再进去。明显""",1,29,2024
"""兄弟们一起把单撤了吧[捂脸][哭]""",1,29,2024
"""看来那天发帖我少打了“开始”两个字……应该是“开始跌停”[大笑]""",1,29,2024
"""上周三板块9个涨停时卖了，今天跌停买一层看看""",1,29,2024
"""明天一字后天退市还好买的少""",1,29,2024
"""没看到几个大卖单？""",1,29,2024
"""买一送二""",1,29,2024
"""亏了我打工一年的工资""",1,29,2024
"""都跌停板了，还要压那么多抛单干什么？根本没有翻起来的可能""",1,29,2024
"""转发""",1,29,2024
"""前面一个多亿跌停封单等着卖又卖不出去，我想不通到底哪些韭菜在后面一直挂卖单，搞得""",1,29,2024
"""贷款这周下来，给个机会让我买""",1,29,2024
"""这个价位发减持非奸即盗""",1,29,2024
"""这股牛逼[偷笑]""",1,29,2024
"""海螺水泥作为公司的二股东，每到公司股价关键节点就出来减持公告，从20年到24年一""",2,6,2024
"""十元的本？成这样了？""",1,29,2024
"""2500w就能拉涨停了，怎么没人拉？""",1,29,2024
"""亏了40个点、""",1,29,2024
"""快放我出去，不跟你玩了""",1,29,2024
"""行情都没走完, 就这么被坑杀了, 不甘心啊""",1,29,2024
"""今天抄底抄到了明天竞价涨停""",1,29,2024
"""明天走加速了！加速下跌""",1,29,2024
"""为啥不发业绩预告""",1,29,2024
"""卖不完根本卖不完明天还有一个跌停这么大的封单""",1,29,2024
"""要开了""",1,29,2024
"""你的血汗钱就是庄稼的美酒""",1,29,2024
"""日啊，一卖就涨？""",1,29,2024
"""明天我准备7.9抄底四分之一仓位，若跌停再干剩余的三分之一仓位[憨笑]""",1,29,2024
"""广东出太阳了""",1,29,2024
"""特发2023年亏2、3个亿还拼命涨，这玩意就5千万的减持却往死里跌""",1,29,2024
"""忽优了吧""",1,29,2024
"""博反弹，没博到亏了十个点左右及时认错。""",1,29,2024
"""大金融吧应该撑指数吗，连续跌停发生甚么事了？主力这样能获利吗[吃瓜][吃瓜]""",1,29,2024
"""被主力按在地上摩擦，既然无力反抗，那就慢慢享受吧""",1,29,2024
"""岛形反转确立了吗？""",1,29,2024
"""死一般的寂静，被套了。。。外面地天看得好羡慕""",1,29,2024
"""好久没睡过地板了，""",1,29,2024
"""真猛啊。""",1,29,2024
"""$新力金融(SH600318)$""",1,29,2024
"""一动不动是""",1,29,2024
"""买亏了要认，一早割肉""",1,29,2024
"""学习下特发信息""",1,29,2024
"""赶紧跌停，我接回来""",1,29,2024
"""马上3点了不可能起来了""",1,29,2024
"""至少还有两个跌停""",1,29,2024
"""本人9.5的本还有比我高的吗？什么时候能回本。""",1,29,2024
"""下午拉那个板块？""",1,29,2024
"""这么能跌，不知道的还以为他开了十几个涨停呢""",1,29,2024
"""龙头地天板""",1,29,2024
"""舒服了，这个啦集""",1,29,2024
"""你们不割肉就不拉""",1,29,2024
"""安徽有个地方名叫’全交‘""",1,29,2024
"""$新力金融(SH600318)$""",1,29,2024
"""半仓亏了二十多个点了，今天卖不出去明天也没必要卖了""",1,29,2024
"""压的死死的""",1,29,2024
"""你们先睡，我看看下午能不能动用点资本拉一个地天板""",1,29,2024
"""尿性""",1,29,2024
"""解读新力金融十个交易日股价大开大合的背后逻辑""",1,29,2024
"""这么多跌停卖""",1,29,2024
"""虽然晚上会出金融支持政策，但是估计弹一下还得跌""",1,29,2024
"""为什么一直卖""",1,29,2024
"""挺好的，看别人还在恐慌，这里的股友上午就恐慌结束，现在都在安心睡午觉了""",1,29,2024
"""明天起5个一字板涨停""",1,29,2024
"""被埋了""",1,29,2024
"""什么意思""",1,29,2024
"""还有一个跌停""",1,29,2024
"""封单越来越多了。又是血洗了""",1,29,2024
"""货也出不去，庄咋整""",1,29,2024
"""拉萨成堆的股票，至少还有两个跌停，参考茂硕电源""",1,29,2024
"""封单这么大，明天还是跌，至少跌四五个点""",1,29,2024
"""诛心啊""",1,29,2024
"""明天还要跌停！""",1,29,2024
"""今天搞100万压单吧。直接到春节。""",1,29,2024
"""明天能进一点吗""",1,29,2024
"""其中一个帐户[大笑][大笑][大笑]""",1,29,2024
"""之前有位散户是越跌越买，后来变成大股东，最后减仓时候变违规减持，钱亏了，还被罚款""",1,29,2024
"""不要一跌停就喊疼，都是成年人，要为自己的操作行为负责人，喊啥喊，怕疼就别炒股。""",1,29,2024
"""垃级""",1,29,2024
"""见鬼啦星期四进来的是两个跌停板""",1,29,2024
"""炒完过后一地鸡毛[大笑][大笑][大笑][下跌][下跌]""",1,29,2024
"""地天！！！""",1,29,2024
"""跌停反复开板吸引韭菜任务完成大单封死明天继续跌停""",1,29,2024
"""上一个是信雅达，这次是你，我真牛""",1,29,2024
"""都给你们了使劲抢吧！""",1,29,2024
"""前期看多的人太多了洗得真干净3浪的主升你会想不到的猛要是玩a杀都是连续巨量的阴线""",1,29,2024
"""卖不完！根本卖不完！""",1,29,2024
"""抄底加仓好时机""",1,29,2024
"""跌停又接了""",1,29,2024
"""12386，大家电话打起来举报恶意做空违规减持，严重移动跌停没有公告说明情况""",1,29,2024
"""大家打电话12386，轻松举报新力金融股东恶意做空，融券砸盘天天跌停不出异动公告""",1,29,2024
"""华立股份是它哥们""",1,29,2024
"""小鳄鱼1月26日进的2600多万是桌下协议接盘？这小子坑我今天接了一成仓。""",1,29,2024
"""这股是真操不成了，一买都套。跟光找我是的。准备消户""",1,29,2024
"""10个跌停之二！！！！！！！！""",1,29,2024
"""1月份第三股东清仓走完，接着第二股东全部清仓套了2个多亿走人龙虎榜光大上海席位就""",1,29,2024
"""这波A杀看到6.54""",1,29,2024
"""继续杀，明天7.18""",1,29,2024
"""二股东海螺水泥每年都公布减持，但在实际操作中又未减持，现在又公布减持，是否符合规""",2,6,2024
"""自公告之日起15个交易后6个月内减持，而且减持的还不多，还没有开始减持股价都暴跌""",1,29,2024
"""冰火两重天！""",1,29,2024
"""早该退出心态崩了""",1,29,2024
"""牛掰，这操纵股价""",1,29,2024
"""坚持住，兄弟们，明天7块我来了救你们""",1,29,2024
"""短线实战贴！对于短线操盘有一定的指导意义！""",1,29,2024
"""不要急，明天再跌-5％就全仓插入。""",1,29,2024
"""我深刻怀疑目前的减持还有个灰色地带，有没有可能，减持公告一发就可以通过某一渠道减""",1,29,2024
"""上周说这周给8快，8块到了吧。""",1,29,2024
"""有利好就做空砸盘，证监会联合公安机关严查""",1,29,2024
"""好后怕啊""",1,29,2024
"""相当于4个跌停了, 又回到原点上了, 人气这么旺的票, 为什么要这么按跌停呢""",1,29,2024
"""玛德，封单比昨天还大，卖不完""",1,29,2024
"""昨天还看到很多人心存幻想""",1,29,2024
"""那天开盘9.18买入""",1,29,2024
"""力哥反抽去一下""",1,29,2024
"""如果2023年公司业绩继续亏损，是否会被st?""",2,6,2024
"""中国市，不买就涨，一买就跌！惨""",1,29,2024
"""不会被st吧？有谁懂？求助""",1,29,2024
"""自公告之日起15个交易后6个月内减持，而且坚持的还不多，还没有开始坚持股价都暴跌""",1,29,2024
"""上个交易日本身买入就是错了，错了就没什么值得留恋了。""",1,29,2024
"""唉，不用看了，标准A杀，明天接着跌停！""",1,29,2024
"""纳入观察池，看看有没有极端交易的机会？！""",1,29,2024
"""买啥啥跌，还得是跌停""",1,29,2024
"""杀猪盘呀""",1,29,2024
"""回来看看韭菜，9.21那天提示风险，一群喷我的，谁疼自己知道""",1,29,2024
"""惨了""",1,29,2024
"""才买10手就按两个跌停，我错了，我对不起大家[坏笑]""",1,29,2024
"""还好卖了要不然损失惨重""",1,29,2024
"""最早启动的金融股，竟然如此。""",1,29,2024
"""明显的融券做空标的啊，举报起来""",1,29,2024
"""塔形反转！""",1,29,2024
"""炒股你不跟热点，买这种全部是拉萨的股票，你不亏谁亏钱？""",1,29,2024
"""是否有重大利空未公布？""",2,6,2024
"""二股东海螺水泥协议转让股份获得他成本是多少？""",2,6,2024
"""玉皇大帝，观音菩萨保佑下午翘板吧，好人一生平安！""",1,29,2024
"""这个票已经被恶意做空了""",1,29,2024
"""不在主线板块今天会比较难受！""",1,29,2024
"""现在的热点是上海板块和中字头，这货还没有止跌""",1,29,2024
"""贴吧一堆托，现在只炒中字头不是炒金融，清醒点""",1,29,2024
"""昨天疯狂唱多的发假信息造谣的，忽悠可怜散户接盘的几个托，早上突然闭嘴消失了，目前""",1,29,2024
"""今天买的，爱怎的怎的，有本事明天再跌停""",1,29,2024
"""杀猪盘！杀猪盘！赶紧退市吧！""",1,29,2024
"""牛股啊，太牛了""",1,29,2024
"""让你减持，目光短浅""",1,29,2024
"""真好，只能跌我2%""",1,29,2024
"""家人们，感觉还好吗？等下午我翘板""",1,29,2024
"""缺口还么有补上，预计明天补上之后可以建仓进场了[偷笑][偷笑]""",1,29,2024
"""完饭玩意""",1,29,2024
"""二个跌停板，庄家出货坚决呀！""",1,29,2024
"""两天亏23%""",1,29,2024
"""心疼老师们""",1,29,2024
"""新力金融的第一波A杀确实猛//@蛰伏SJ :这波炒作涨幅不错了，相当满意了！需要""",1,29,2024
"""不知道是托太多了，还是看多的太多了，这只拉起来股东就减持了，谁会来给股东抬轿""",1,29,2024
"""这股是不是金融，金融不是拉的吗""",1,29,2024
"""此票除了韭菜就是托""",1,29,2024
"""牛批，销户既悟道[想一下]""",1,29,2024
"""改成中新金融，绝对反包""",1,29,2024
"""4年没有分红，能不能减持？""",1,29,2024
"""任人宰割，杀猪盘。""",1,29,2024
"""又是一个跌停板，目前看如果封死的话明天至少还有一次低开摸底的可能，原本3手现在加""",1,29,2024
"""没戏了""",1,29,2024
"""水泥封门都别动哈哈哈哈哈""",1,29,2024
"""赔了百分之三十了叽里哌啦满嘴咧咧，劳资进了五千你就跳吧""",1,29,2024
"""这个疯子天天都发预测各种涨停，大家别信""",1,29,2024
"""将近9万封单，没有大资金翘板的话，还得跌几天""",1,29,2024
"""毫不手软，狠""",1,29,2024
"""亏3万""",1,29,2024
"""封的死死的""",1,29,2024
"""此股顶风减持的话大家都应站出来举报，如是像有些股犮所说的，前二次一样一到高位就发""",1,29,2024
"""海螺水泥用自家水泥封死车门了[偷笑][偷笑][偷笑]""",1,29,2024
"""做空狗，继续加筹码封，等下封不住破了，你就危险了。""",1,29,2024
"""闷杀两天，害怕第三天""",1,29,2024
"""亏了40个点、好凶残的股哟""",1,29,2024
"""最起码调整到月下轨""",1,29,2024
"""这回都踏实了，下班睡觉去吧""",1,29,2024
"""放我出去吧，真的心累了""",1,29,2024
"""典型的A字杀，还意吟那？""",1,29,2024
"""银行这波拉伸能带起来不""",1,29,2024
"""这个寒冷的农历龙年，很多人怕是见不到了！过不去了，过不去了，过不去了！""",1,29,2024
"""早上你和龙头股份选了你个垃圾""",1,29,2024
"""三个444是对应的筹码被人抢走的警告。也许往下还有一点五个""",1,29,2024
"""被监控？？""",1,29,2024
"""主力压盘""",1,29,2024
"""玩金一融的公司就要像个样子。年前6元见。年后10元见。""",1,29,2024
"""刚刚减持的公告怎么找不到了""",1,29,2024
"""昨天唱多的拖儿出来走两步""",1,29,2024
"""推荐""",1,29,2024
"""安徽股真不能买""",1,29,2024
"""大盘要反弹了，快融券打压！[得意]""",1,29,2024
"""海螺水泥员工透露今年过节奖金发放每人5000-10000元平均每人6000元奖""",1,29,2024
"""价值10个亿的减持公告""",1,29,2024
"""完犊子了，明天继续跌吧""",1,29,2024
"""垃圾公司还谈鸡毛业绩""",1,29,2024
"""明天还有一个跌停，之后就开始阴跌了，等待大盘2450""",1,29,2024
"""海螺水泥这是开了一个很坏的头，影响极大!""",1,29,2024
"""全都是幻想抄底的小单，没希望了各位。别听那些托的忽悠。""",1,29,2024
"""垃圾香溢融通地天板的""",1,29,2024
"""套30个点，""",1,29,2024
"""减持伤害这么大吗，也就几千万嘛""",1,29,2024
"""今天又焊死了""",1,29,2024
"""这价位，还要八万手压停？有妖。""",1,29,2024
"""这么少的封板瞧不起谁？""",1,29,2024
"""8万手该压得紧了""",1,29,2024
"""这不嘴？昨天跌停让跑的""",1,29,2024
"""一个坚持，好好的票就这样了，哎，无语了无语了[怒][怒][怒]""",1,29,2024
"""海螺水泥开了一个很坏的头，影响极大""",1,29,2024
"""我都不知道一个减持，需要这样。公司烂，两次栽在这公司。""",1,29,2024
"""今天跌停进的，明天要凉凉[哭]""",1,29,2024
"""[大笑][大笑][大笑][大笑]哈哈来唱多的那我看看，我疯狂提醒都不听，记住了只""",1,29,2024
"""谁来翘板[滴汗]""",1,29,2024
"""哦哦哦哦哦哦哦哦""",1,29,2024
"""谁还笑我的？准备7块抄底""",1,29,2024
"""这种下跌，绝对是强力洗盘[奸笑]，胆大的可以抄底试下[奸笑][奸笑][奸笑]""",1,29,2024
"""我买了各位好运，明天跌停我继续加""",1,29,2024
"""这就是一个垃圾公司，永远不值得投资""",1,29,2024
"""那些唱多的给你机会不跑能怪谁，现在即使出个消息说海螺不减持了一样会继续跌停，情绪""",1,29,2024
"""最好今天别开板了，要开也要拉红才行[叹气]""",1,29,2024
"""都不说话了吧，打字呀""",1,29,2024
"""其宀丶其实也没什么，拿到明年，也就这么几天了。""",1,29,2024
"""才500多万股就吓尿，没点出息""",1,29,2024
"""上周五点错买了这个，今天立马挂跌停卖出，不是我的菜，赚与亏都都要扇自己两下[哭]""",1,29,2024
"""拜拜了您内""",1,29,2024
"""主力跑完了，还有一个跌停！""",1,29,2024
"""海螺水泥在全国维稳的这时间点减持金融股背后的动机？及影响？""",1,29,2024
"""可不可以买入？""",1,29,2024
"""大家一起举报这个国有公司，违规减持，大量清仓[拜神][拜神][拜神][拜神][拜""",1,29,2024
"""七万手封单，还有一个跌停么？""",1,29,2024
"""6元以下""",1,29,2024
"""完了今天就这样被按死了""",1,29,2024
"""早盘的万手托单不主动买，有一点经验的股民都知道是这结局""",1,29,2024
"""[微笑][微笑][微笑]哈哈来唱多的那我看看，我疯狂提醒都不听，记住了只要看到减""",1,29,2024
"""真吓人啊！""",1,29,2024
"""还有人敢买不？[大笑][大笑][大笑]明天再杀一板[鼓掌][鼓掌][鼓掌][鼓掌""",1,29,2024
"""封死了，下班，继续吃泡面就咸菜""",1,29,2024
"""拉茅台，个股狂跌""",1,29,2024
"""不能再幻想还能再大涨上去。大幅跌破短期支撑，如果不能开盘马上拉个地天板，意味着超""",1,29,2024
"""托而不拉，要翻红不是这么玩的。[吃瓜][吃瓜][吃瓜][吃瓜]""",1,29,2024
"""新力金融明天7.45买，今天主要买进光大嘉宝[大笑][大笑][大笑][大笑][大""",1,29,2024
"""不玩了，直接封跌停板""",1,29,2024
"""A股真没救了，还是去炒ETF""",1,29,2024
"""猴急一点的可以考虑在这到75O区间建个小仓。再回到750水下，是没有太大的道理""",1,29,2024
"""地天，头铁""",1,29,2024
"""天天一开盘就下班，！""",1,29,2024
"""幸好新力金融早上跑的快！————转入中成股份""",1,29,2024
"""带崩了整个板块""",1,29,2024
"""主力高抛低吸，散户也别客气。就一个方法，跌百分之十以上就补一次仓，再跌再补，要越""",1,29,2024
"""真别听那些托的了各位。减持A杀这没一点希望，为啥都那自己的钱不当钱呢！仔细想想你""",1,29,2024
"""喜提二连板""",1,29,2024
"""地天板来一个！市场需要你！""",1,29,2024
"""亏惨了亏惨了[哭][哭]""",1,29,2024
"""在勾引""",1,29,2024
"""赚15个点变赔10个点，郁闷！！！""",1,29,2024
"""今天给你们来个收盘涨5个点""",1,29,2024
"""都跌成这样了还有人在吹""",1,29,2024
"""新力也跟大金融没关系啊，你们为啥这么自信啊""",1,29,2024
"""昨晚满世界说今天大涨，今天真是出人意料的开局啊[晕]""",1,29,2024
"""这是跌停板吸筹，还是出货。。。。。""",1,29,2024
"""谁有我厉害的？站出来看看？？[为什么]""",1,29,2024
"""封又封不住，上也上不去...""",1,29,2024
"""大家举报的可有回应啊""",1,29,2024
"""还在幻想的可以销户了，之所以不直接封死，就是让散户买而已，看看资金流出主力不断跑""",1,29,2024
"""这就是金融龙一的走势？""",1,29,2024
"""打开跌停放套，还有两个跌停""",1,29,2024
"""持有此股必有厚报！梭哈！我能！""",1,29,2024
"""散户不买就不会跌""",1,29,2024
"""都吧，""",1,29,2024
"""满仓抄底。""",1,29,2024
"""新力这种走势上午血洗，下午地天，等待验证""",1,29,2024
"""不是说八个涨停吗""",1,29,2024
"""这操盘真够狠的""",1,29,2024
"""不要撬了，想想吧银行都准备卖了，善意提醒。""",1,29,2024
"""跌停吧不封死慢慢出货，好啊好啊""",1,29,2024
"""减持也不至于这样呀，两个跌停。这是正常操作吗？""",1,29,2024
"""这根天线没个一年收不回去。""",1,29,2024
"""狗托能不能别说话，一只股票，狗托越多，跌得越狠。这吧全是狗托，这票不跌3个跌停，""",1,29,2024
"""什么叫出货，这才是正宗的出货[偷笑]""",1,29,2024
"""又来了""",1,29,2024
"""抓紧还券，好干活""",1,29,2024
"""今天金融大跌，不宜买""",1,29,2024
"""团结一致继续砸！让它3元减持！""",1,29,2024
"""根本不是减持的事，是就想砸盘，""",1,29,2024
"""跌停板也可以出货的""",1,29,2024
"""主力吃秤砣了铁了心要跌停我不服全仓抄你""",1,29,2024
"""远离""",1,29,2024
"""做空在回收，融资都没动，又是协议[叹气][叹气]""",1,29,2024
"""怎么上去的，就怎么下来的？！哈哈（｀）！""",1,29,2024
"""明天在一个跌停就OK了，差不多可以干入操底了[摊手]盛景微，今天涨停板，明天上8""",1,29,2024
"""那些意今天还会反包的同志们安息吧！[哭]""",1,29,2024
"""垃圾""",1,29,2024
"""什么玩意""",1,29,2024
"""要么就地天，要么就封死，反正大A也是够够的了""",1,29,2024
"""啊""",1,29,2024
"""海螺做空赚钱，非真减持。真是啊""",1,29,2024
"""快跌停得了，省的在这丢人现眼的。""",1,29,2024
"""八块3全仓卖，七块9又买回来，我是头铁还是抄底成功？""",1,29,2024
"""滚吧，走了""",1,29,2024
"""我亏20个点这都不让发吗？我老毒物割肉就要起飞的啊""",1,29,2024
"""跌停买入""",1,29,2024
"""走了，-23%，祝留下的兄弟早日解脱""",1,29,2024
"""啥几把本来昨天抢反弹，还结果搞了我十几个点啥玩意""",1,29,2024
"""空头空前强大；成交2.5亿左右；已经是地板；是以票都在别人手上；赚不赚钱不重要；""",1,29,2024
"""$新力金融(SH600318)$""",1,29,2024
"""挣扎了半天，还是跌停。昨天唱多的托呢？都跑到地缝里钻起来了？""",1,29,2024
"""舒服了""",1,29,2024
"""二股东瞎减持害得我大亏，可气""",1,29,2024
"""真搞不懂是些什么人呢？这走势明摆着是跌却非要说涨，指驴为马？？？""",1,29,2024
"""前期大涨的千万不要买""",1,29,2024
"""不要瞎说了这么跌停就满上，不要拉人了想买就自己不响买就好了""",1,29,2024
"""千金难买早知道了，万金难买敢执行！""",1,29,2024
"""才两个板，小意思，明天还能一个板更香""",1,29,2024
"""中字头继续！""",1,29,2024
"""用了400万 派发完成 已近胡同 无救""",1,29,2024
"""参考实丰文化""",1,29,2024
"""如果15个交易日之后股价跌回原点海螺水泥会不会又不减持了？""",1,29,2024
"""我是个韭菜，听别人说你是龙头我就买你了，原来你是领跌的龙头！""",1,29,2024
"""金融吗？全仓买了""",1,29,2024
"""这个吃相太难看了吧""",1,29,2024
"""就看九鼎还能否上去封板，大分歧不死多元金融就还能玩""",1,29,2024
"""张敬红10元以上出了，海螺水泥配合他出消息，跌下来张敬红再买回来。。就是这么回事""",1,29,2024
"""盛景微不买。在里面找打明天继续跌停板我说的""",1,29,2024
"""再封个跌停才对""",1,29,2024
"""诱多一波散户接盘，然后压跌停。老套路了""",1,29,2024
"""暂停转融通对这只股票有影响么？""",1,29,2024
"""中特估冲""",1,29,2024
"""记住没有大单的拉升任何一只票都是诱多出货""",1,29,2024
"""又在骗人""",1,29,2024
"""大家抄底,打爆空头""",1,29,2024
"""会有地天吗？""",1,29,2024
"""加仓，地天版，冲冲冲""",1,29,2024
"""。第一天减持完毕，明天可以拉涨了""",1,29,2024
"""还在幻想的可以销户了[微笑][微笑][微笑]哈哈哈""",1,29,2024
"""这货吃人的[呲牙]""",1,29,2024
"""晚上一定会出预增公告，留给主力拉升吃筹码的时间不多了""",1,29,2024
"""打爆空头""",1,29,2024
"""当板块大涨，你跌。能否板块大跌，你涨呢？反向操作一下？先看看戏再说""",1,29,2024
"""什么情况，抄家了[滴汗]""",1,29,2024
"""到哪都是埋，不如地板搏一搏""",1,29,2024
"""受禁止限售股出借政策影响，券商大跌拖累金融！""",1,29,2024
"""开板了""",1,29,2024
"""一则减持公告，市值10个亿了，呵呵了""",1,29,2024
"""漂亮""",1,29,2024
"""咋还跌停了呢""",1,29,2024
"""套路""",1,29,2024
"""没那么多为什么a杀就是a杀不遵守纪律的下场""",1,29,2024
"""还好跑得块，[大笑][大笑]""",1,29,2024
"""这波行情已结束，游资出逃坚决，""",1,29,2024
"""发了减持，一定要减持哦""",1,29,2024
"""都A杀了还有人唱多吗？""",1,29,2024
"""割肉了，亏了一千多，销户了，你们玩吧，欺骗的市场，诈骗公司，没意思""",1,29,2024
"""全仓抄底，下班[大笑]""",1,29,2024
"""这种票真的太狠了，永远拉黑。。。。""",1,29,2024
"""我今天抄底一百股了[奸笑][奸笑][奸笑]""",1,29,2024
"""我瞎了眼了九鼎和你选了你""",1,29,2024
"""无语了，深套20""",1,29,2024
"""减持害人不浅""",1,29,2024
"""终于消停了[呲牙][呲牙][呲牙]""",1,29,2024
"""这么早就跌停板""",1,29,2024
"""一群喷我的人，舒服吗？继续幻想""",1,29,2024
"""砸，使劲砸，让海螺水泥少赚""",1,29,2024
"""晚上是否也发异动自查报告了？涨就异动，跌呢""",1,29,2024
"""头铁一次""",1,29,2024
"""精神涨起来加油[赞][赞][赞]""",1,29,2024
"""骗子公司，每次都讲故事""",1,29,2024
"""都说双头了那天不然直接埋了""",1,29,2024
"""表演结束粉墨登场""",1,29,2024
"""就是不出，看你怎么样，大不了同归于零""",1,29,2024
"""明天再来个跌停坐了个电梯[偷笑]""",1,29,2024
"""已经A沙了，这种走势市场少吗？？上周我说不合预期还几个信誓旦旦，还破口大M这会不""",1,29,2024
"""管住爪子，明天更低[得意]""",1,29,2024
"""看看你爹九鼎""",1,29,2024
"""都说了庄都跑了，筹码全都派发给散户，还指望拉，给散户抬轿吗""",1,29,2024
"""为什么a杀？因为垃圾庄家伤了游资的心""",1,29,2024
"""真好！！！这迷人的世界""",1,29,2024
"""A杀！！！还有三跌停！不跑谁也别跑了。""",1,29,2024
"""对，关住氏，想减持，没门！""",1,29,2024
"""集合竞价没有站上前期低点果断割肉""",1,29,2024
"""假跌停，今日必长""",1,29,2024
"""杀！！！""",1,29,2024
"""吃药去吧！什么玩意""",1,29,2024
"""垃圾跌停吧不要害人不浅了[怒]叫你们减持""",1,29,2024
"""人家股东开心死了，还有傻瓜在帮他们接盘""",1,29,2024
"""就卖吧，让主力今天收割，快跑""",1,29,2024
"""看看九鼎，""",1,29,2024
"""5分钟都不行""",1,29,2024
"""咋整""",1,29,2024
"""跌停进一点""",1,29,2024
"""a杀，好得很""",1,29,2024
"""能扛多久？""",1,29,2024
"""冲，冲，冲，跌停诱空，汇金超跌加仓，银座股份一字横鸭头展翅跌停诱空？对比横盘票前""",1,29,2024
"""买点底仓博一下""",1,29,2024
"""悬着的心终于死了""",1,29,2024
"""赚44个点没走，现在只剩15个了。""",1,29,2024
"""这样就没戏了，-2还差不多""",1,29,2024
"""抢筹啦""",1,29,2024
"""昨天说涨停的出来走走""",1,29,2024
"""起飞""",1,29,2024
"""放心今天8.8左右开盘后回探底8.5之后快速拉升涨停板，""",1,29,2024
"""这个低可以抄底了。。。机会大于风险""",1,29,2024
"""[笑哭]不是说反弹吗，怎么走成了这样……""",1,29,2024
"""太恶心了""",1,29,2024
"""举报少不了[大笑][大笑]""",1,29,2024
"""韮菜用良用苦周末唱多。我说了地板开，有没有跷板就不知道了，叫你们不举报他们减持，""",1,29,2024
"""上周应该券""",1,29,2024
"""漂亮跌停开盘说了上周五主力跌停出货跑都还来不及""",1,29,2024
"""割咯，两天亏13w，真谢谢你""",1,29,2024
"""这个是真恶心啊！[滴汗]""",1,29,2024
"""最后上车机会！双倍梭哈买！""",1,29,2024
"""目前段位买入必赚！现在就买！""",1,29,2024
"""机会机会机会！买！""",1,29,2024
"""可以小仓位博反弹""",1,29,2024
"""就算减持1手也是大利空，说明不让股价上涨。""",1,29,2024
"""备足子弹""",1,29,2024
"""A股：快、准、狠，这次股市终于有底了！1、三大AMC公司将并入中投中国信达、东方""",1,29,2024
"""跌停跌停跌停[鼓掌][鼓掌]""",1,29,2024
"""快跑，评论区已经不正常了""",1,29,2024
"""这个票已经出现高位平台出货的形态，虽然高位出货但是承接良好，回踩下方缺口就是机会""",1,29,2024
"""我不甘心我要唱空呜呜呜""",1,29,2024
"""这种新闻就应该让做空的直接爆仓。爆仓还能把价位吃上去""",1,29,2024
"""有海螺这货，说句不好听的，海螺不倒，新力，不好。""",1,29,2024
"""今天就是一个字：买买买！能买尽买！""",1,29,2024
"""为什么要减持！因为他把他的股票借给别人做空了，也就是已经高价卖给别人了，所以配合""",1,29,2024
"""全是忽悠人来接盘的，你看多少人唱多？太恐怖了，不能买！""",1,29,2024
"""那个10万手的融券需要还吗？""",1,29,2024
"""主线会是金融还是地图？九鼎投资 香溢通 华金资本 剑桥科技 宁波富达 常山药业 通化金马""",1,29,2024
"""上周操作逻辑思路简述""",1,29,2024
"""肯定没戏了这股票""",1,29,2024
"""明天肯定是下跌""",1,29,2024
"""不让转融通空狗瑟瑟发抖[想一下]""",1,29,2024
"""注定成为弃子，此时割肉为时不晚""",1,29,2024
"""结束了""",1,29,2024
"""直接高开涨停""",1,29,2024
"""融券卖空的被迫涨停板买入[大笑]""",1,29,2024
"""说再多，明天也是低开.6万多手，集合竞价得有吃的""",1,29,2024
"""拉高，马上减持，套路""",1,29,2024
"""跌就加仓""",1,29,2024
"""2024-01-24解禁数量5787万股，占总股本比例15.84%""",1,28,2024
"""缘来是你""",1,28,2024
"""唉，插个标，提醒自己去玩一下，""",1,28,2024
"""新力如果A刹，别的几只多元金融都不会好过，大家要明白这个道理，他最先走强的，有带""",1,28,2024
"""明天大跌""",1,28,2024
"""明天要跌""",1,28,2024
"""主力上周五就得知消息果断跌停出货周一不跌停我田伯光就是""",1,28,2024
"""看样子明日反包了""",1,28,2024
"""明天怎么样，9.15看，现在唱多唱空都没有用[旺柴][旺柴]""",1,28,2024
"""看了一遍帖子咋感觉有点玄X味道？""",1,28,2024
"""再次强调，10个跌停！！！！！！！！！！""",1,28,2024
"""又是唱多，又是唱空，厉害了[抱拳][抱拳][抱拳][捂脸]""",1,28,2024
"""$新力金融(SH600318)$""",1,28,2024
"""截图看""",1,28,2024
"""刚开始以为吹票，然后居然吹的有道理，我服""",1,28,2024
"""明天有机会上车吗？挂涨停买入""",1,28,2024
"""好像三六零去年2月份的走法""",1,28,2024
"""不出意外，新力金融肯定是要补跌的！""",1,28,2024
"""重点关注001216华瓷股份！！""",1,28,2024
"""G拖太多让接盘的明知道高位减持还忽悠小白买入，其心可诛[滴汗]""",1,28,2024
"""$新力金融(SH600318)$""",1,28,2024
"""又是5000家下跌""",1,28,2024
"""暂停融资融券，明天有意思了""",1,28,2024
"""明天继续低开低走，废了就是废了，不信明天尾盘验证[看空][看空][看空]""",1,28,2024
"""明天能不能打爆空狗，让那些融券的爆仓[怒]""",1,28,2024
"""再跌两天，8.10左右再看看吧。""",1,28,2024
"""明天如果一字板，就接力九鼎了！！！""",1,28,2024
"""但愿明天不要跌停，周五进的好担心""",1,28,2024
"""明天代融的通通涨停""",1,28,2024
"""以后再买一手垃圾股！我就把手剁了，新力金融。上塘路，恶庄二股东，你姥姥，永远拉""",1,28,2024
"""还好出利好了，否则明天真可能一字地板，快跑吧。""",1,28,2024
"""明日暗语:灌香肠""",1,28,2024
"""暂停融券和转融通大利好多元金融概念股了，星期一香溢融通，新力金融全部涨停""",1,28,2024
"""限制融卷做空啦""",1,28,2024
"""这股挺好的，感觉没啥大问题。至少给个新高吧！我猜的""",1,28,2024
"""出大利好了""",1,28,2024
"""10个跌停！！！！！！！！！！""",1,28,2024
"""做空的要穿仓了，爆仓是轻的""",1,28,2024
"""明天至少还有一个跌停！参考金龙羽""",1,28,2024
"""https://wap.eastmoney.com/a/202401282974845165.html""",1,28,2024
"""股吧全是唱多明天暴跌十个点立贴为证""",1,28,2024
"""此股突然让自己感到心慌慌的！会不会是个雷啊？有没有高人指点下22年那几个跌停板是""",1,28,2024
"""减持小利空，大盘大利好！""",1,28,2024
"""明天心新力起不来的话，大盘还是要冲高回落，所以做做多的外资和中金机构进来了，明天""",1,28,2024
"""限售股本来就不应该往外借，并且减持也要业绩分红达标才行，不能让上市成为最终目标，""",1,28,2024
"""周一绝对不会跌停，最多低开一个点，在跌停，这个股就完了！""",1,28,2024
"""反包！""",1,28,2024
"""新力金融值得分享""",1,28,2024
"""新力金融点赞学习""",1,28,2024
"""跌停都不走都是有格局的散户，接下来主力带你们吃肉，""",1,28,2024
"""融券方面，融券卖出0股，融券偿还10万股，融券余量18.88万股，融券余额167""",1,28,2024
"""再有16小时就开盘了，好害怕""",1,28,2024
"""10.36进场的亏大了""",1,28,2024
"""好好的在风口，又让减持打下来，恶心[惨!关灯吃面]""",1,28,2024
"""再来一碗酸辣粉，涨停股的10日线回归""",1,28,2024
"""新力金融是供销社概念。""",1,28,2024
"""完了周五融了10万股券，赚了3个点，周一不知道要亏多少了""",1,28,2024
"""周一能红都是万幸""",1,28,2024
"""这家伙提前知道暂停融券了，财路被断了""",1,28,2024
"""2024.1.28复盘原创复利蜕变之路复利蜕变之路2024-01-2816:27""",1,28,2024
"""证监会进一步加强融券业务监管全面暂停限售股出借。跟这货有没有关系""",1,28,2024
"""新力金融——融资融券标的直接利好""",1,28,2024
"""感觉要下班，我先上车了。""",1,28,2024
"""对新股是利好对这股有啥用又要减持""",1,28,2024
"""出史诗级实质性特大利好了，周一开启五个一字板""",1,28,2024
"""明天涨停就解套哦，兄弟们，这次证监会终于放大招了，利好金融吗？要不要解套去证券，""",1,28,2024
"""连续跌，做好预防，啥时候止跌待观察""",1,28,2024
"""减持股就让他退市。""",1,28,2024
"""周一应该买不到了！！！""",1,28,2024
"""停止融券！大盘涨停！———外资收购金融机构开门、新力金融周五国家队已入场、美欧中""",1,28,2024
"""明天水下可以搞点了！""",1,28,2024
"""聪明的资金已经去挂涨停价了""",1,28,2024
"""证监会进一步加强融券业务监管 全面暂停限售股出借 2024年01月28日 股友U""",1,28,2024
"""反正5层仓了，明天闭着眼睛冲吧，大盘明天要涨停了""",1,28,2024
"""业绩不错盈利2000%以上，股价翻倍就行！""",1,28,2024
"""新力金融本周融资净偿还5472.12万元，居多元金融板块第一""",1,28,2024
"""后面起码三个涨停板""",1,28,2024
"""哈哈融券做空停了，[怒]""",1,28,2024
"""它下跌是铁板钉钉的事，它不可能上涨，最好的情况让它再跌跌停，好抄底""",1,28,2024
"""周一能止跌吗[想一下][捂脸][主力][哭]""",1,28,2024
"""跌跌跌，自以为是，都认为自己是股神""",1,28,2024
"""年前该有几个涨停，或者跌停？？""",1,28,2024
"""明天得跌，幸好我做了准备[呲牙]""",1,28,2024
"""唱空的我眼睛自动忽略了，我只看到满屏唱多，好可怕，下周一跌停板割了，唱多的托太多""",1,28,2024
"""这个股股神真多，还周一一字跌停？可能么，你去砸一字啊，不就是卖了的使劲唱空么，都""",1,28,2024
"""大资金协议拉升，掩护大股东出逃，现在正在分钱""",1,28,2024
"""下周一会跌的，和华尔泰的走势一模一样，开盘就跑，不然尾盘跌九个点""",1,28,2024
"""股吧好多托，搞这些良心不痛嘛？""",1,28,2024
"""预测周一反转大涨""",1,28,2024
"""还是明天开盘就跑了，该吃一个跟头了，唉[哭]""",1,28,2024
"""风口上猪偶尔也能上树，风停时一路是猪；惊人相似减持来了行情到头屡试不爽""",1,28,2024
"""怎么还有这么多唱多？全是公司内部人员？""",1,28,2024
"""别拿减持说事，该跌停也跌停了！一个月以后才减持！一天成交20个亿，6个月内减持5""",1,28,2024
"""转发""",1,28,2024
"""新力金融正成外资收购金融机构首例。迎金融历史性大改革。外资收购地方小金融机构是可行的。""",1,28,2024
"""给你们上周三、四提示卖出，就是不听。现在还在盼望高开，笨了吧！高开是主""",1,28,2024
"""减持股不要碰""",1,28,2024
"""周五忍痛出了，卖在人声鼎沸，还剩15个点利润算了""",1,28,2024
"""周4进的散户太笨了，无脑接""",1,28,2024
"""低开负五负六没说的，买买买，绝佳买点，不信拭目以待，这个位置抄底亏不了""",1,28,2024
"""周一机会来了！""",1,28,2024
"""周一大盘上涨可能还有的玩，下跌的话大概率a杀了，""",1,27,2024
"""不可减持，可以质押，一但到了平仓线，可以暴仓的，""",1,27,2024
"""农村合作社要来了，全国供销社的股票全部5个涨停！""",1,27,2024
"""周一高开五个点""",1,27,2024
"""让你们追高，打板，几次下来，本金没了！""",1,27,2024
"""周一平开或高开就有戏""",1,27,2024
"""刚在华尔泰割肉，又买了，3万股，周末也睡不好了""",1,27,2024
"""别做梦，马上涨停，谁会往上拉？他是雷锋。即使主力庄家有意图也会先打压，将耗不住的""",1,27,2024
"""一个个都像股神似的""",1,27,2024
"""主力洗盘""",1,27,2024
"""减持应当提前两个月公告，让市场能够提前充分消化！新力金融这两天刚刚涨了一点就来减""",1,27,2024
"""此股的能量不亚于22年的浙江建投""",1,27,2024
"""建议有关部门严查有人借违规减持，故意打压股价。""",1,27,2024
"""哈哈！各路大仙登场料~""",1,27,2024
"""周一退市了""",1,27,2024
"""底部筹码跑得精光，庄家出货完毕，剩下的就是看什么时候再底部收集筹码，这个过程太漫""",1,27,2024
"""周一可以杀融卷了""",1,27,2024
"""连续一周高位爆量再加上减持利空。庄家、机构、游资都跑完了，散户大量套牢，醒醒吧！""",1,27,2024
"""该股的行情已经过去了，再加之今天减持，明天抵押的，搞得忠实的粉丝都不相信了，那么""",1,27,2024
"""周一一字跌停""",1,27,2024
"""周五午盘下杀跌停是融资被动爆仓了，按在地板的全是融资，这些人是真的狠，加杠杆al""",1,27,2024
"""周一有什么动作？？？？""",1,27,2024
"""刚看了一下板块，通达信显示，多元金融，国企改革，不可减持（根据新规三年未分红）。""",1,27,2024
"""好多四川托唱多""",1,27,2024
"""看样子非常有可能走出一波主升浪行情！""",1,27,2024
"""外资可全资控股中国的金融公司。周一我卖掉九鼎换新力""",1,27,2024
"""查一查大股东是不是融券到期了，出利空，顺利买回融卷""",1,27,2024
"""周一继续封死跌停""",1,27,2024
"""直接一字涨停。专治半底半滚操作。""",1,27,2024
"""低开－5全仓进""",1,27,2024
"""周一低开给个补仓的机会吧，周五买少啦""",1,27,2024
"""淘汰品""",1,27,2024
"""周一多半水下震荡，可怜的小散十块以上的成本，估计很多人拿不住了[想一下][想一下""",1,27,2024
"""深中华A成补涨龙？龙字头能否回归 龙头股份 龙版传媒 新力金融 华金资本 九鼎投资 中交地产 节能铁汉""",1,27,2024
"""本来就是要做龙头的，老庄光大这货突然减持3个亿还不用公告，海螺也要减持，突然多出""",1,27,2024
"""周一起飞，跨年妖股！""",1,27,2024
"""都别瞎了，你们都是韭菜而不是股神，是股神的话就没时间在这里浪费时间了，现在是""",1,27,2024
"""但愿如此""",1,27,2024
"""2023年再亏就退市了""",1,27,2024
"""周巨量换手，接近200%，周K线天量滞涨，这还不是出货？怕是家底都卖空了吧？！""",1,27,2024
"""$新力金融(SH600318)$""",1,27,2024
"""星期五割肉的不甘心，都唱空，越跌他们心里越舒服，跌停买进的就唱多，认为自己独具慧""",1,27,2024
"""我也被股坑了十几个点亏了7000多.盘后才发减持公告不就是想操纵股价坑害股民的吗""",1,27,2024
"""你个多狗不要在唱多害人了下周跌的更很趋势都走坏了还能涨停真会胡悠""",1,27,2024
"""10.05走的，小赚""",1,27,2024
"""$新力金融(SH600318)$""",1,27,2024
"""这增长率还能玩玩，发公告估计能拉一拉""",1,27,2024
"""深中华A成补涨龙？龙字头能否回归 新力金融 华金资本 九鼎投资 龙头股份 龙版传媒""",1,27,2024
"""敢跌停就敢抄""",1,27,2024
"""789开定星期二进厂搏地天板[怒]""",1,27,2024
"""散户们团结起来向12386举报；实名举报，涉嫌操纵市场、，涉嫌违规减持，涉嫌信息""",1,27,2024
"""走到现在就是明牌的事，老庄要拿带血的筹码，董秘配合机构进货，要低价进货，现在的价""",1,27,2024
"""新里金融的跌停也是强力洗盘。后期对策与丰山集团相同。""",1,27,2024
"""让它们倾家荡产！牢底坐穿！""",1,27,2024
"""有缘再见！""",1,27,2024
"""【内幕】为什么新力二股东海螺年年公告减持，却一股也不减持？海螺水泥是新力二股东，""",1,27,2024
"""违规减持""",1,27,2024
"""再来俩个跌停也正常""",1,27,2024
"""我已请律师收集证据，申请赔偿！""",1,27,2024
"""这个海螺水泥22年就说减持，股价砸了半年多。23年6月一分没减。。。。。。。。""",1,27,2024
"""针对违规减持是不是减多少再加倍罚多少，让违规操作的成本增加，大家支持支持支持""",1,27,2024
"""都说了抖音推荐，还有不怕死，爱幻想的[旺柴]""",1,27,2024
"""从日线周线月线看，这波上来成交量都是非常大，""",1,27,2024
"""收盘8.87现价9.58这是暗示我涨停吗？[大笑]""",1,27,2024
"""我又回来了，节前重点布局银行股，绩优小盘股避险。救市资金逐步退出，相关利好组合拳""",1,27,2024
"""好多托发小作文，周一小亏6w割了""",1,27,2024
"""以后买股不再买一股垃圾股小盘股，动不动就核按钮买了就被套，只买1000亿以上的风""",1,27,2024
"""证监会进一步加强融券业务监管 全面暂停限售股出借 2024年01月28日""",1,27,2024
"""再看此文是否有不一样的感受？新力金融的炒作逻辑没有什么变化，就如四季轮回一般！""",1,27,2024
"""追究600318新力金融，违规减持，操纵市场，内幕交易违法违规行为。赔偿股东损失""",1,27,2024
"""外资收购地方小金融机构是可行的！千金难遇龙回头""",1,27,2024
"""站不稳十日线直接A杀了""",1,27,2024
"""愿赌服输！叫你们傻散小韭菜们不要买减持问题股，就是不听劝，幻想庄家来做地天板的梦""",1,27,2024
"""自上次重组失败以后已经走了4轮好行情！特点：1.短期爆发强2.持续性差3.都有题""",1,27,2024
"""新力金融：融资净偿还4247.17万元，融资余额2.44亿元（01-26）""",1,27,2024
"""减持股票机构就不可能看好，还执迷不悔就没有办法了！""",1,27,2024
"""我来搭""",1,27,2024
"""尾盘跌停，这下三个跌停没跑了，虽然早盘买了一点""",1,27,2024
"""下周不可能出现大跌，最多下探20日均线。""",1,27,2024
"""连续五天入选龙虎榜""",1,27,2024
"""减持四千多万都吓尿啦，不够一个大户的仓位，何况还是半年时间，真可笑，昨天地板半仓""",1,27,2024
"""这个榜牛B，周一反包有机会！""",1,27,2024
"""顶背离顶分型的票，就是主力出货了，别拿宁波高发和新力金融比，这两个股内部结构不一""",1,27,2024
"""一个月时间第4、3股东走完现在第二也要走这卖的有点快啊""",1,27,2024
"""奇怪，你们有没有发现，为啥这个股越跌停筹码越集中？可以说说看嘛～大佬们。我看其他""",1,27,2024
"""周一如果小低开或者平开就有翻红的预期，看竞价决定去留。在这里过多猜测没有用。我是""",1,27,2024
"""缺德的股东海螺水泥，这个时候减持，完全无担当""",1,26,2024
"""今天一天都在水下深处，好多人都想趁拉一波逃跑，这点小心思被算的透透""",1,26,2024
"""。不要怕。板块热度还有。""",1,26,2024
"""缺德的股东海螺水泥，这个时候减持，完全无担当""",1,26,2024
"""人真的很奇怪，""",1,26,2024
"""什么时候公布业绩""",1,26,2024
"""做得不好自己也不满意，没赚什么钱""",1,26,2024
"""周一一字板，后面3个一字板，没机会进了""",1,26,2024
"""昨天卖了，还好跌停了""",1,26,2024
"""家人们都下车了么？？？？周一再回来？？？？""",1,26,2024
"""这次回调到不了6.8，散户别想杵到底上车，最多一个跌停就二浪了。""",1,26,2024
"""周一和华立一样涨停。不要怕。板块热度还有。""",1,26,2024
"""星期一跌停板买入""",1,26,2024
"""6快接回来""",1,26,2024
"""为什么空头那么多昨天砸了40%今天又砸了30%是天塌了还是地陷了为什么要这样操作""",1,26,2024
"""玛德，拿个底仓死扛到业绩出来，怎么也得死个明白！""",1,26,2024
"""专治各种不股。今天居然还有很多股民还在梦想反包，全部是散户在高位站岗。哪还有庄护""",1,26,2024
"""那个地方都有拉萨的身影""",1,26,2024
"""张敬红减持2000多万股都顶住了，这海螺减500多万股，就在那担心死了。放心，下""",1,26,2024
"""业绩应该不错，大股东都提前计划减持了……""",1,26,2024
"""这个价格，随便你怎么跌。我不走""",1,26,2024
"""板块里面资金选择的九鼎，香香助攻，新力淘汰了，走反包太难了，哥们，星期一继续深水""",1,26,2024
"""大家不要在想好事了，去看看华立股份，就知道这些都想干什么了！！！""",1,26,2024
"""$新力金融(SH600318)$""",1,26,2024
"""牛市来了，本金却没了""",1,26,2024
"""主力资金换装结束了！后期看涨""",1,26,2024
"""周一负五开盘，妥妥的，就算负二开盘，也得砸到负五！""",1,26,2024
"""【1.26】昨天想着如果正常回踩9.4买点，结果今天被减持搞崩了。就没买。给这里""",1,26,2024
"""没赚什么钱，最开始以为卖错了。也许是运气""",1,26,2024
"""终于等到你了跌停200股建仓，再跌也是200股！坚持到二个涨停，目标建仓5000""",1,26,2024
"""刚涨了几天第二大股东就来减持，没法玩下去了，让他去减持去""",1,26,2024
"""家人生气了""",1,26,2024
"""股吧里垃圾真多，怎么可能涨！""",1,26,2024
"""业绩预告下周还有三天截止了，压着不发么还是暴雷了""",1,26,2024
"""低开低走！""",1,26,2024
"""为何2点15分就可以按死，却到了2点25分才跌停，这十分钟不知道吸了多少筹码？所""",1,26,2024
"""$新力金融(SH600318)$""",1,26,2024
"""周一继续暴跌跌停看着""",1,26,2024
"""挺牛比的股本轮最先启动带起多元金融都觉得他该像中华一样打开空间缺被几个小弟超越自""",1,26,2024
"""那么大个缺口。周一绝壁地板补缺口。幻想啥""",1,26,2024
"""今天让我想起2023年1月19日的久其，那次我也在车上""",1,26,2024
"""走A杀了，小心接飞刀。""",1,26,2024
"""早上竞价7千多万是谁砸的？还是跌停价""",1,26,2024
"""跌停了，该安静了吧""",1,26,2024
"""底部没筹码站不稳，还好我昨天跑的快[憨笑]""",1,26,2024
"""把股价干到1块钱让""",1,26,2024
"""丝路视觉，每周都遇到减持股。每个都吃地板或者深水割肉。恶心！强烈谴责！""",1,26,2024
"""前段时间买金融的逻辑无非是博弈护盘，前两天大盘在跌，小券商都在拉，当时以为是传统""",1,26,2024
"""新力金融是一只不断靠讲故事，而主力就是通过这一个又一个美妙的故事来割了一一波又一""",1,26,2024
"""海螺，作为安徽国企“首富”，两次预告减持，都给新力金融股价重创，上次据说，后来又""",1,26,2024
"""再读此文！是否有不一样的感受？写于2022年5月22号！""",1,26,2024
"""周一高开了，完蛋进不去了[为什么]""",1,26,2024
"""到底每个那个逼样的在骗外面散户来买""",1,26,2024
"""东方财富证券拉萨团结路第二营业部今日净买入1.35亿""",1,26,2024
"""东方财富证券拉萨东环路第二营业部今日净买入1.59亿""",1,26,2024
"""看了下自己营业部，我不装了，我就是拉萨路团结路第二营业部""",1,26,2024
"""本来就不是正宗的大金融""",1,26,2024
"""精准逃顶……""",1,26,2024
"""半年来一路小钱试错悟谷，一路猛跌过来尚能盈利，短暂几日大势恢宏狂飙，只有本人处处""",1,26,2024
"""不抱有幻想，还好没关门放我走了[可怜]""",1,26,2024
"""兄弟们，昨晚举报的，反正尝试一下，看结果""",1,26,2024
"""周一继续跌，短期回调7.5附近，看我之前的预判""",1,26,2024
"""怎么看""",1,26,2024
"""周一跌停，""",1,26,2024
"""呜呜呜呜[哭]呜呜呜呜""",1,26,2024
"""多元金融：后排的开始掉队，前期的领涨的华金资本维持上涨走势，跟随华金的新力金融跌停。当前最强为长江投资、中粮资本""",1,26,2024
"""新力金融(600318)龙虎榜数据(01-26)""",1,26,2024
"""不是没有分红达到多少不能减持吗？，这个怎么玩，2天闷杀12个点""",1,26,2024
"""实力营业部现身龙虎榜，新力金融跌停（01-26）""",1,26,2024
"""拿啦你一星期最后挣啦一盒烟跑啦真垃圾""",1,26,2024
"""遭天杀的股！""",1,26,2024
"""我昨天提前大家逃顶，有几个人听进去了，不听话的活该被套牢了""",1,26,2024
"""没那公告不会这么走，虽然才几千万，打击了情绪""",1,26,2024
"""谁还在？举一下手！狗托滚远点""",1,26,2024
"""没有龙虎？""",1,26,2024
"""无非两种走法，散户接着格局，主力继续下杀。散户割肉离场，主力吸筹拉升。很难受。""",1,26,2024
"""还好是昨天跑的""",1,26,2024
"""有龙虎榜吗""",1,26,2024
"""直接低开票A杀了。。。最近好多这样""",1,26,2024
"""没意思，下周还要亏5w多""",1,26,2024
"""放心！这波会走到六块多。""",1,26,2024
"""得亏昨天水下也跑了[微笑]""",1,26,2024
"""大装成本7块多，今天算是把货全甩给散户了。""",1,26,2024
"""一个减持公告，不知道要几个跌停[滴汗]""",1,26,2024
"""周三盘后我说周四是卖点，那些喷我的人呢？出来走两步。""",1,26,2024
"""这厮周一一直跌停""",1,26,2024
"""天天砸跌停让你减持，我看你怎么减""",1,26,2024
"""后面智微智能的走势，一路下跌""",1,26,2024
"""亏了就要认，不要老是告呀告，人家不比你懂吗？""",1,26,2024
"""金融强国，这股不是金融股吗？""",1,26,2024
"""不是说亏损股大股东不能减持吗""",1,26,2024
"""已经向12386举报；实名举报，涉嫌操纵市场、，涉嫌违规减持，涉嫌信息提前泄露，""",1,26,2024
"""昨天冲高应该走，弱了必须走，为啥不走？抱着侥幸心理。亏了又立马追高买入，犯大忌，""",1,26,2024
"""新力金融开盘就剁了，中国石油中国交建走势应对；""",1,26,2024
"""为什么会跌停呢，想不明白""",1,26,2024
"""请问贵司是否属于国资控股？国资市值管理是否与贵司领导绩效挂钩？""",1,29,2024
"""12386举报平台垃圾，我们去证监会网站去举报""",1,26,2024
"""坐等榜，今天有榜吧？""",1,26,2024
"""宝总呀！你不能这样搞啊，你这样搞法是要死人的呀，这心脏受不了啊""",1,26,2024
"""海螺水泥太没格局""",1,26,2024
"""别幻想了各位，你们看看这股吧里都是一群期待低吸涨停的。能让你低吸到的筹码能是啥好""",1,26,2024
"""嗷嗷叫跌，叫了好几天，没叫成功。这2天跌了，可算装成功了，下次大涨之前，你还有机""",1,26,2024
"""昨天负四个点没进还后悔呢，今天一看心里好好受一点。周一地板开就可以搞一些，比较减""",1,26,2024
"""周一反包涨停""",1,26,2024
"""海螺水泥明显配合庄家张敬红做T。每年来几次。""",1,26,2024
"""我真的下定决心离开这个绞肉机市场了，感觉离开了这个市场一段时间心里是满满的满足感""",1,26,2024
"""初步判断，还有两个跌停。""",1,26,2024
"""本以为今天轻松就起来了结果。。。唉""",1,26,2024
"""这次又卖对了，从来不做马后炮""",1,26,2024
"""偷偷告诉大家，，，把今天的跌停当涨停来看，，，，，，这就受不了啦？那我只能劝你退""",1,26,2024
"""业绩暴雷了？""",1,26,2024
"""9.05全仓，下周能出来吗[大哭]""",1,26,2024
"""幸亏出掉了，否则就被甩下来了。太坑人了。""",1,26,2024
"""贵司2023年度业绩扭亏为何迟迟不发公告，反而在股价高位公布减持，涉嫌信息泄露、""",1,29,2024
"""凡大涨之后宣布减持的，监管部门应该查一查是否有下列行为:″几方密谋→故意拉台股价""",1,26,2024
"""全网11家跌停，我买到了，就问牛不牛逼，5100只股，概率0.2%我买到了""",1,26,2024
"""韭菜最喜欢买绿色的股有什么办法""",1,26,2024
"""瞅瞅上个发减持的金龙羽吧""",1,26,2024
"""筹码集中度7.6%是什么意思？""",1,26,2024
"""减持后一帮唱多我就知道必跌停""",1,26,2024
"""新力，启动大金融行情的领涨股，没有比它更核心的了，昨天大盘、板块那么强，居然被恶""",1,26,2024
"""全拉萨接盘股，不能看了[滴汗][滴汗]""",1,26,2024
"""看看这个股吧，就知道不能炒了""",1,26,2024
"""感谢你们的支持，谢谢""",1,26,2024
"""国家队真要命，怎么又开始减持了""",1,26,2024
"""证监会应该查查顶风作浪大盘拉升违规减持的新力金融！""",1,26,2024
"""9.26逃了半仓""",1,26,2024
"""新的下跌周期开始了吗？需要等待下一个美妙的故事了！//@蛰伏SJ :这波炒作涨幅""",1,26,2024
"""账户亏完就销户呗，买啥都是跌，有本事跌100%把我账户拿走呗，名不虚传，钱都""",1,26,2024
"""已向证监会投诉举报：违犯减持和操纵股市""",1,26,2024
"""减持的票碰都不碰""",1,26,2024
"""只有我这样的SB股民才会买这样的垃圾股，九鼎四连板，买这一只陪12%，我真的不适""",1,26,2024
"""在国家大力护盘的同时海螺水泥却在减持影响二级市场，请问公司有出政策维护二级投资者""",1,29,2024
"""你被围猎了吗？！//@蛰伏SJ :不幸被言中！//@蛰伏SJ :龙虎榜数据也不乐""",1,26,2024
"""摆烂了。今天尾盘跌停也没加仓。有点犹豫了。""",1,26,2024
"""下周至少还有两个跌停！参见减持股金龙羽""",1,26,2024
"""还减持吗！先来10个跌停！""",1,26,2024
"""不想多说什么了，两天亏损13个点，尾盘竞价清仓""",1,26,2024
"""活该，活该，唱多的活该，该死""",1,26,2024
"""今天庄家尝试做反包预期，结果跟风盘实在太少，索性直接打到跌停，不过我认为不用太慌""",1,26,2024
"""这样的垃圾还有人幻想，远离垃圾！""",1,26,2024
"""今天真是看不懂的一天，大盘震荡，个股闪崩的闪崩，错杀的错杀，的，看不懂，""",1,26,2024
"""再见了大A。""",1,26,2024
"""割的我心疼啊！""",1,26,2024
"""借减持，2跌停板吸筹""",1,26,2024
"""昨天成交22亿、今天成交14亿多、你还跌停、主力你万恶凶残到极点了""",1,26,2024
"""昨天走势就差，尾盘跳水已经说明有资金跑路了，一堆幻想地天的，幻想涨停的，它已经是""",1,26,2024
"""完犊子了周一跌停开了真是亏的吐血""",1,26,2024
"""周末出业绩预告？""",1,26,2024
"""散户们都不容易，能帮一个是一个！请叫我不知名英雄吧！！""",1,26,2024
"""周一能反包涨停还有希望。""",1,26,2024
"""无语，亏9个点""",1,26,2024
"""又是一群散户，星期一又跌停板[怒]服了你们进去贡献什么？？？跌停至7元附近抄底了""",1,26,2024
"""各位叨叨骂拉萨的知不知道你们就是拉萨天团？""",1,26,2024
"""吗的扯蛋没有扯掉，操""",1,26,2024
"""股东出减持公告，资金融券做空一条龙，它们发财了，散户亏麻了""",1,26,2024
"""这个股不存在8-10元区间，要不冲上去，要不继续回8元以下，至少还有2个跌停，立""",1,26,2024
"""这票不需要公司干实业，每年割波韭菜就行了[怒]这几天的换手加出货，往新低去了。一""",1,26,2024
"""今天就是拉萨砸的盘，""",1,26,2024
"""9元入坑，亏了200，可恶。""",1,26,2024
"""这股举报垃圾""",1,26,2024
"""叫你们别买没有一个人听的""",1,26,2024
"""董秘你好贵公司有没有多元金融""",1,29,2024
"""五千多支股，11支跌停，我居然碰到一支，这运气不是一般的好""",1,26,2024
"""能抄底吗""",1,26,2024
"""昨天追高买了新力，今天追高买了华金，两天20个点没了""",1,26,2024
"""底部筹码跑得干干净净了""",1,26,2024
"""融券又胜利了""",1,26,2024
"""心态放平""",1,26,2024
"""新力金融8.88收盘多好，有来撬开的吗？""",1,26,2024
"""被套的也别怕，大金融行情还没结束，也许10天半个月又上来了。""",1,26,2024
"""明天高开""",1,26,2024
"""5万*100=500万""",1,26,2024
"""烂股一支！出那么大利好！开的一坨！盘中更是恶心到家！""",1,26,2024
"""退市！""",1,26,2024
"""这货好久没跌停了，少见，看来一年都没有三次""",1,26,2024
"""五万手，大哥点火一下就敲起来了[主力][主力][主力][主力][哭][哭][哭]""",1,26,2024
"""1月19日的跌停我们敢撬。这一次的跌停不敢撬了。""",1,26,2024
"""就减持5万手就吓成这样了？""",1,26,2024
"""进来就亏7个点，割了去了上海新阳""",1,26,2024
"""$新力金融(SH600318)$""",1,26,2024
"""跌到7元以下，""",1,26,2024
"""都在看热闹""",1,26,2024
"""把拉萨也关在里面，""",1,26,2024
"""舒服吗，说了，这样涉嫌提前泄露减持的公司不要买……就是有前科的，按地板了，舒服吗""",1,26,2024
"""万万没想到跌停，恶心""",1,26,2024
"""星期一会跌吗？""",1,26,2024
"""看明天能不能活着出去！""",1,26,2024
"""[主力][主力][主力][主力]做个人吧！""",1,26,2024
"""，""",1,26,2024
"""明天又是个低开，靠""",1,26,2024
"""跌停板上5万手有这么可怕吗？利空已经放大了！""",1,26,2024
"""又是一群散户，星期一又跌停板[怒]服了你们进去贡献什么？？？""",1,26,2024
"""晦气，两天亏了13个点，还好今天早上出了，买了中机认证回血""",1,26,2024
"""问下谁在一直吃化货""",1,26,2024
"""都是上塘路跌造的恶，它买后隔天都是大跌，可恶的上塘路""",1,26,2024
"""持股438天的老股东给大家交个底，如果你想赚快钱就走吧，这个庄股坑。爹的一批。如""",1,26,2024
"""炒股就要游击战战法，赚了就跑，打一枪换个地方[捂脸]""",1,26,2024
"""跟智微智能一模一样""",1,26,2024
"""冷静，周一还有一个跌停等着[捂脸]""",1,26,2024
"""永远不会再买货色！""",1,26,2024
"""5000多个票买上个跌停的。。这几率""",1,26,2024
"""不是我卖飞吹牛，有图有真相，横盘几天底部筹码越来越少，涨停前卖的，涨停那天底部筹""",1,26,2024
"""我来自未来，我后悔2024～2～26这天没有满仓新力金融""",1,26,2024
"""焊死了，周一继续""",1,26,2024
"""拉萨军团进去，一定会折磨你几天，让你死去活来后再拉升""",1,26,2024
"""每次买这票都赔钱，一辈子不能碰的票""",1,26,2024
"""拉萨五虎将集合的威力领教了吧！下次记住只要龙虎榜拉萨五虎将集合就赶紧跑""",1,26,2024
"""中午开盘已清仓———下星期一再来""",1,26,2024
"""昨天走势上蹿下跳就感觉不对劲[哈欠]""",1,26,2024
"""哎可笑的股""",1,26,2024
"""算了还是怕了，抄底深赛格，没敢抄你。在你身上赚了两波。知足了""",1,26,2024
"""什么意思""",1,26,2024
"""这些散户排队卖也是醉了，能一起把主力干翻吗""",1,26,2024
"""现在这些股票都是卖公司的，横盘几天拉上砸下来，涨停那天底部筹码全部没有了，然后今""",1,26,2024
"""垃圾互相踩踏垃圾事件[偷笑][偷笑][偷笑]""",1,26,2024
"""扫货扫货扫货""",1,26,2024
"""两天，接近80%的换手率，这是要把公司卖了吧？""",1,26,2024
"""下周资金赎回潮，不可能反包的。别幻想了。赶紧跑吧""",1,26,2024
"""都是利用散户的善良""",1,26,2024
"""新力跌停了，大金融大分歧""",1,26,2024
"""只要拉萨进的，只管跑就对了，多看看榜绝对有好处""",1,26,2024
"""切，股""",1,26,2024
"""销户吧！""",1,26,2024
"""没买在最低，也没卖在最高，见好就收[呲牙]，删除自选""",1,26,2024
"""大家还相信它们说的话吗？""",1,26,2024
"""这下都老实了""",1,26,2024
"""这辈子也不贪心了。管住手。""",1,26,2024
"""真神，买入必暴跌，晕了""",1,26,2024
"""下杀这么厉害是没想到的，不过总体没破低点，明天是关键，破低走人，大概率会杀回""",1,26,2024
"""为什么不去买九鼎，是嫌钱烫手吗？""",1,26,2024
"""法克。没看他榜全是拉萨，误入了，误入了，真是""",1,26,2024
"""买的人想什么，周一不跌7个点算这主力良心。狗主力""",1,26,2024
"""神奇2：30马上到来""",1,26,2024
"""惨不忍睹""",1,26,2024
"""猜猜，尾盘8.88，不香吗""",1,26,2024
"""这是有人想进去过年了""",1,26,2024
"""还在反复诱多""",1,26,2024
"""还有不服的吗？周一再跌""",1,26,2024
"""买在无人问津处，卖在人声鼎沸时”。关键时刻，勇气才是最重要的。坚信市场周期更迭的""",1,26,2024
"""一会地天，谁信""",1,26,2024
"""眼瞎买了三万股，韭菜命""",1,26,2024
"""非得往死里按吗? 人气这么旺的票, 直接干跌停了""",1,26,2024
"""融券的空狗，大赚特赚，活该亏钱""",1,26,2024
"""拉萨军团进入第二天常常大跌靠什么赚钱呢，拉萨军团常常利用利空，通过砸盘来打压股价""",1,26,2024
"""不应该这样走的。绝对不可能。""",1,26,2024
"""走吧，下周再按个跌停划不来，这票进去赚了12个点格局到全部还给他。认错。""",1,26,2024
"""大盘逆子，不会有好下场的！""",1,26,2024
"""地天""",1,26,2024
"""拿这么多钱买你、你却舍命坑股民""",1,26,2024
"""扶不起的啊斗""",1,26,2024
"""对不起，我打脸了，不是开盘就跌停，不过没关系，跌停只是迟到了半天[大笑]""",1,26,2024
"""神奇的两点半来了""",1,26,2024
"""估计捌左右可入""",1,26,2024
"""庄家游资前两天就跑完了。今天是拉萨家人们的盛晏，8元以下见大概率7.5左右。""",1,26,2024
"""有敢撬板的勇士么""",1,26,2024
"""股东吃相很难看！""",1,26,2024
"""我只说我能看明白的""",1,26,2024
"""害人精""",1,26,2024
"""只想说干得漂亮[呲牙]""",1,26,2024
"""补跌开始。""",1,26,2024
"""精神冲起来加油[赞][赞][赞]""",1,26,2024
"""海螺水泥继续减持中……""",1,26,2024
"""收盘8.88""",1,26,2024
"""拉萨军团到哪哪就危险了""",1,26,2024
"""呐，我可以拉s了""",1,26,2024
"""一天都在诱多，还好没上当""",1,26,2024
"""一会卖不掉""",1,26,2024
"""不跌停看不起，赶紧割肉出货""",1,26,2024
"""别挣扎了""",1,26,2024
"""散户们，别被主力收割了，买上去""",1,26,2024
"""根本没一点点大资金进入，全是小单来回倒，还想拉升，要拉早拉了，奉劝能跑的赶快跑吧""",1,26,2024
"""去牢底吧、顶风作浪""",1,26,2024
"""下周一跌停开盘我来买一点，今天就不来接飞刀了""",1,26,2024
"""各位大神真厉害，把一支股票当成发财树，请问你不亏谁亏？""",1,26,2024
"""跌停来了[偷笑]，劝也劝不动，散户终究还是散户[呲牙]""",1,26,2024
"""笑死我了""",1,26,2024
"""早上我一直在等做地天的资金，看来减持确实让短线资金望而却步""",1,26,2024
"""?""",1,26,2024
"""二股东减持""",1,26,2024
"""的，一点半买的，这，把""",1,26,2024
"""还唱吗？让我来看看[大笑][大笑]哈哈哈下周一至少七个点大低开[微笑][微笑][""",1,26,2024
"""跌停少一分买""",1,26,2024
"""从哪里来，回哪里去[赞][赞][赞][笑哭]""",1,26,2024
"""横了一天，我一买就跌停""",1,26,2024
"""一跌停散户就要踩踏""",1,26,2024
"""9等到。继续等8块。""",1,26,2024
"""这就很巧了""",1,26,2024
"""跌停板[大笑][大笑][大笑]稳稳的""",1,26,2024
"""全是大单卖，散户也接不了""",1,26,2024
"""快点跌停，我已减持完""",1,26,2024
"""一买就亏2w，笑了""",1,26,2024
"""满上了[大笑][大笑][大笑][大笑]""",1,26,2024
"""害人精""",1,26,2024
"""要A杀了，好好的一个金融龙头，人气资金都很足，就这样要去A杀了，真是醉了。""",1,26,2024
"""还好刚刚割了，少亏4个点也是赚""",1,26,2024
"""第一个涨停不到就跑了，今天再进300股做底仓，再跌加仓""",1,26,2024
"""减持+一堆散户，现在进的那亏钱是正常的""",1,26,2024
"""继续关注。负8以下能买。逻辑是这附近还是短期支撑位附近，金融下周或许还有机会。九""",1,26,2024
"""没有千手就不要进""",1,26,2024
"""可以买点儿了。""",1,26,2024
"""游资，海螺，三方联合，股价三个跌停都有可能""",1,26,2024
"""这个位置诱多，""",1,26,2024
"""尾盘按死跌停板，谁叫你们看好这货！""",1,26,2024
"""散户多买点主力疯狂出货""",1,26,2024
"""你不是国企控股么，你的担当呢，怎么公然和国家政策对抗呢""",1,26,2024
"""快点跌停省心""",1,26,2024
"""开始砸了""",1,26,2024
"""果然，两点准时开砸""",1,26,2024
"""筹码谁接走了[呲牙]""",1,26,2024
"""要跌停了，跑了跑了""",1,26,2024
"""直奔跌停板""",1,26,2024
"""开砸，要跌停了""",1,26,2024
"""上方抛压很大，哪能容易涨，还一个劲的往里钻""",1,26,2024
"""这个价位出货(卖)的，是，还是主力？""",1,26,2024
"""扶不起的阿斗""",1,26,2024
"""不玩了，""",1,26,2024
"""走了""",1,26,2024
"""一直处于均线之上，看涨""",1,26,2024
"""减持消息被游资007截获，游资疯狂套现。懵逼。散户懵圈，海螺没达到心里值减持""",1,26,2024
"""多元金融指数一直拉升！""",1,26,2024
"""被那些所谓的老师放猪仔卖了！奉劝大家早日清醒，我割肉出局，这票是前天各大平台极力""",1,26,2024
"""割了，留下的发财，我看到的是跌停""",1,26,2024
"""收盘肯定是在跌停板上不用想了""",1,26,2024
"""不明白，这只小破股每天成交量这么高，热度也这么高，主力资金巨量出逃，拉萨拼命进""",1,26,2024
"""今天一直没跌停，导致我也没加仓成功。算了。下周再干。一直看好""",1,26,2024
"""第一次见这样的筹码分布""",1,26,2024
"""继续跌吧！没有雷锋会来给拉萨军团送温暖的！所以大家洗洗睡吧""",1,26,2024
"""又到了家人们相互做t时刻[好困惑]""",1,26,2024
"""股票""",1,26,2024
"""龙虎榜全是拉萨，绕不开拉萨了""",1,26,2024
"""穿云箭的走势""",1,26,2024
"""马上起飞""",1,26,2024
"""睡一觉梦里啥都有，困告""",1,26,2024
"""[呲牙][呲牙][呲牙]跟老毒物同车开心吧，只要我在的股，你们就不要抱有幻想了，""",1,26,2024
"""这种大好形势出减持，其中的意味可以玩味！""",1,26,2024
"""割肉走了。""",1,26,2024
"""拉红搞波人气，两万手""",1,26,2024
"""上海自贸抢了风投""",1,26,2024
"""就看9.30的5千手撤不撤""",1,26,2024
"""到2点半看看，不行就割肉走了""",1,26,2024
"""如果跌停板了可以加一点点？""",1,26,2024
"""没有千手的拉都是假""",1,26,2024
"""感觉尾盘有戏呀""",1,26,2024
"""资金的理解力去哪了？金融没死没有做反包的？""",1,26,2024
"""用大家的钱办大家的事[呲牙]""",1,26,2024
"""新力金融9块附近可以买进吗[握手]""",1,26,2024
"""全割了，踏马""",1,26,2024
"""双头还是先观看""",1,26,2024
"""9.3上不去噢，压得死死的""",1,26,2024
"""两次上拉机会，没戏了""",1,26,2024
"""能带动大盘的只有新力啊！就看主力是否想拉升了，今天调整一下也好，周末还会有厉害的""",1,26,2024
"""垃级，割了，删除，不关注了""",1,26,2024
"""看看两天的换手，公司卖了吧？""",1,26,2024
"""还有半小时跌停，2点芭比Q""",1,26,2024
"""浪费行情啊, 没人了吗, 快去叫人来拉""",1,26,2024
"""你们今天打电话没有12386""",1,26,2024
"""尾盘还是会跌停，举报了""",1,26,2024
"""主力跑了三个亿小散多买点""",1,26,2024
"""可以接力深中华了。拉涨停吧""",1,26,2024
"""笑死我了还有唱的吗？[微笑][微笑]尾盘必跌停，今天主力至少跑一个亿，一会才是真""",1,26,2024
"""筹码不够吗""",1,26,2024
"""这个票完蛋了。""",1,26,2024
"""能走的赶紧走，别幻想""",1,26,2024
"""又踩上了减持的坑[大哭]""",1,26,2024
"""还好卖了，去贝玲""",1,26,2024
"""总是这样烦不烦""",1,26,2024
"""坐等涨停[大笑][大笑][大笑]""",1,26,2024
"""大单跑，小单进""",1,26,2024
"""都剩散户了，盘位地板""",1,26,2024
"""9.30的5000多手必须拿下！""",1,26,2024
"""年底了顶风作浪减持，这垃圾主力是有多缺钱，大家不要听吹票，远离垃圾主力远离垃圾股""",1,26,2024
"""华金又拉升了！""",1,26,2024
"""吃不上9.3全是诱多别来尾盘还是跌停""",1,26,2024
"""$新力金融(SH600318)$""",1,26,2024
"""现在中单出""",1,26,2024
"""下午不跌停我吃哪个啥""",1,26,2024
"""还不走，都是地主家的傻儿子么，跟昨天一样，现在是今日高点，晚点就下沙""",1,26,2024
"""上午消化所谓的减持利空，才1%的减持，几乎可以忽略。下午拉起来地天板。""",1,26,2024
"""海螺团队会炒股，新力韭菜心里苦;要是你把海螺买，新力亏了海螺补！""",1,26,2024
"""上午瞧我不起，下午追我不上↑信者有福""",1,26,2024
"""挂了跌停就跑的，少赚了不少啊""",1,26,2024
"""跌停价没有买到，等你哟！""",1,26,2024
"""安微股都这样""",1,26,2024
"""减持也就不到5万手，况且要到2月26日才能进行，有啥啊。""",1,26,2024
"""和西陇科学一个样，一说减持就三个跌停下来""",1,26,2024
"""都是一群散户在里面搞来搞去，主力早就跑了，看这人气就知道跌停了人气还这么高，不知""",1,26,2024
"""下午尾盘还是跌停，不要抱有幻想，拉高就跑就对了，周一还要下跌""",1,26,2024
"""有仓位的下午拉上去赶紧跑，别说没提醒你们""",1,26,2024
"""主力相当牛掰了。这位置出利空没砸死""",1,26,2024
"""行情到此为止，别不信！""",1,26,2024
"""还有14天呢减持早呢""",1,26,2024
"""这个位置减什么持，涨高一点减持不好吗，没格局""",1,26,2024
"""昨天哪个sb说看好的，笑死了""",1,26,2024
"""尾盘跌停。终于不在装了[怒]""",1,26,2024
"""今天都没一字板跌停，预期不错，还这么多割肉。出去送吗？""",1,26,2024
"""好坏分析:好的:两年来堆量新高，新金融题材。不好的一面是:散户太多，那天10%板""",1,26,2024
"""600318在8.87有买点，在14.86之上有卖点，止损8.87""",1,26,2024
"""九鼎都上四板了，华金也拉红两个多点，新力必上！拿好了""",1,26,2024
"""下午金融股发起冲锋，没上车的抓紧了。""",1,26,2024
"""田忌赛马，头等马成下等马，哈哈""",1,26,2024
"""今晚发年报预告""",1,26,2024
"""先说一下新力众多已结案的金融纠纷，预计回款巨大，并且借款方大多是医院等有大量资产""",1,26,2024
"""全是唱多的公司员工？""",1,26,2024
"""废了我割肉出了垃圾""",1,26,2024
"""懂的来说几句呗""",1,26,2024
"""12386，麻烦大家去举报一下，实在不行打金融监督管理局的电话""",1,26,2024
"""感觉要来个断头闸刀了""",1,26,2024
"""换手巨大，流入1300万资金却大跌，新主力顶不住抛压就做炮灰了。""",1,26,2024
"""做了个踢[旺柴][旺柴][旺柴]""",1,26,2024
"""随时起飞""",1,26,2024
"""这个股真晦气！""",1,26,2024
"""明显空方没劲啦！！！[主力][主力][主力][大笑][大笑][大笑]""",1,26,2024
"""本来买个半仓随便玩的，手一抖全仓买进，可咋办，，，好不好要跌停啊""",1,26,2024
"""垃圾下午会诱多冲高到9.63左右然后继续大面伺候，下周一继续大跌""",1,26,2024
"""超级垃圾，大过年的减持，整个跌停，自己玩死自己垃圾主力""",1,26,2024
"""大家不是在意你减持5000万，对于近期成交来说，无所谓的。恶心的是你昨天大盘都2""",1,26,2024
"""华金比新力强多了，人家还是国企改革，地方政府控盘""",1,26,2024
"""下周可以涨停""",1,26,2024
"""全体股民，全体股民注意了，今晚快点挂明天的涨停价格，直接挂涨停价格，不然明早买不""",1,26,2024
"""冲过9.3""",1,26,2024
"""在洗盘，加仓干，龙头加油""",1,26,2024
"""跌停重仓买入了，今天如果能翻红，底下评论的一人100红包""",1,26,2024
"""回来看看，还好昨天跑了，这么高的换手率，多少散户进去接盘了[笑哭]""",1,26,2024
"""什么情况可以买，等来一个主力拉板可以，现在就是等不要动手""",1,26,2024
"""今天涨停热度不要太高…拉萨军团这次收了多少佣金""",1,26,2024
"""冲冲冲冲冲[主力][赞]""",1,26,2024
"""舒服了""",1,26,2024
"""总市值40亿减持百分之一4000万""",1,26,2024
"""像这种发了减持公告，下面突然出来这么多唱多的，都知道怎么回事吧？还有人说减持百分""",1,26,2024
"""赶紧跌停吧，我买100股支持一下股东减持""",1,26,2024
"""好，既然股东想减持那我就去当股东，多多少少都买点[怒]""",1,26,2024
"""有个合计一万多手的反复压单撤单不把这个干掉就难了""",1,26,2024
"""证监会进一步规范股份减持行为2023年8月27日""",1,26,2024
"""600318新力金融，走势没有什么意外不意外，价格都是资金合力推动的结果，从近期""",1,26,2024
"""撤了，人为打压""",1,26,2024
"""来个A杀""",1,26,2024
"""9.16不要撤""",1,26,2024
"""都是散户在接盘，下午开盘直接跌停封死""",1,26,2024
"""股东减持了都没戏了这都看不懂昨天减持今天踩踏。没戏""",1,26,2024
"""华金涨停了他都还在地上""",1,26,2024
"""做了个T，9.73成本，根本不怕。""",1,26,2024
"""什么时候跌停""",1,26,2024
"""低开太多，没有攻击力度，那个WBD怎么还有一万手？""",1,26,2024
"""这不是打压吸筹是什么？""",1,26,2024
"""齐鲁银行迎合了这个利好""",1,26,2024
"""筹码集中度从16到7了""",1,26,2024
"""一直在跟风""",1,26,2024
"""才哪到哪啊？一群唱空想误导韭菜的，好股票有的是，没票好好选股去，别在这里浪费时间""",1,26,2024
"""那么大的减持都没看到吗？""",1,26,2024
"""明天再来个跌停就差不多了[微笑][微笑]""",1,26,2024
"""昨天卖了真幸福[大笑][大笑]10.4卖掉。。感觉太幸福了，，如若不然，今天备受""",1,26,2024
"""华金都上来了，你还在磨，真弱！！""",1,26,2024
"""九鼎封涨停，华金拉红，上点低位新力。""",1,26,2024
"""牢底坐穿""",1,26,2024
"""这主力怎么怎么搞怎么想的，真猜不懂。""",1,26,2024
"""新力金融，特发信息，九鼎投资，高新发展，浪潮信息，歌尔股份，""",1,26,2024
"""谁能告诉我，华金资本新力金融什么关系，一直跟风华金资本""",1,26,2024
"""昨天说举报的人潜伏抄底吗？炒股完全靠投机。""",1,26,2024
"""好多托忽悠散户接盘""",1,26,2024
"""收盘10.85""",1,26,2024
"""反包""",1,26,2024
"""边垃边砸""",1,26,2024
"""没有大单就是诱惑""",1,26,2024
"""我就知道，今天有人要来抄货""",1,26,2024
"""昨天红2个点不走，今天正负相差16个点。这游资太毒了""",1,26,2024
"""这货确实跟的是华金资本""",1,26,2024
"""外面冷，没想到里面更冷，加油家人们躺平取暖""",1,26,2024
"""华金资本拉红了！""",1,26,2024
"""随时反攻""",1,26,2024
"""跌停板等你""",1,26,2024
"""我走了，祝各位发大财""",1,26,2024
"""有时候想不明白，主力怎么会有那么多货？""",1,26,2024
"""我凭本事挂的单子，你为什么不给我！！！""",1,26,2024
"""没量了""",1,26,2024
"""不看好就全部走人，说其它没用""",1,26,2024
"""都是你们买跌了还相信那些托抄底涨停话""",1,26,2024
"""全是套牢盘""",1,26,2024
"""我来帮你们先买500手拉拉，不行明天在买5000手直接拉板[主力][主力][主力""",1,26,2024
"""今天可以进点不？""",1,26,2024
"""新力原来可是龙头的, 这么点高度就走完了吗? 格局呢!""",1,26,2024
"""小心大盘行情结束了，二次探底！跌破2750。""",1,26,2024
"""有减持""",1,26,2024
"""放弃，干九鼎""",1,26,2024
"""成交金额22亿、还跌停、太不可思议了""",1,26,2024
"""被主力抛弃了""",1,26,2024
"""主力太了""",1,26,2024
"""真是个大坑啊，放弃吧！这种反人性的操作受不了的！！""",1,26,2024
"""[笑哭]跌得这么有气质，难道十日线就不跌了？""",1,26,2024
"""今天跌停！！""",1,26,2024
"""买到几百几十的买，卖单直接千单砸，就怕吃像难看，拿点碎银子维持股价的，别去了。真""",1,26,2024
"""还在买？直接们！外面多少好票，非得弄这个！散户通病""",1,26,2024
"""大傻春，你要干什么！""",1,26,2024
"""带崩了多元金融板块""",1,26,2024
"""不用看，今天必跌停的""",1,26,2024
"""空头子弹真是多""",1,26,2024
"""接着唱呀哈哈哈笑死我了[笑哭][笑哭][笑哭]知道吗看到减持二字立马跑就对了ch""",1,26,2024
"""-7个点出了你，0.7买了龙头，也不知道是笑不笑""",1,26,2024
"""这雷有点大，引爆了。死伤无数""",1,26,2024
"""9.27买了60w也吃套？""",1,26,2024
"""坐等年报预披露，为什么发减持公告，就是因为业绩好，可以卖一个好价""",1,26,2024
"""今天跌停""",1,26,2024
"""长见的几千手、几万手买单都没有，还是一直在出，你们也敢买、佩服，上面昨天双头套牢""",1,26,2024
"""跌停进200000块""",1,26,2024
"""评论区竟然还有这么多意的笑死我了""",1,26,2024
"""下午会涨停的""",1,26,2024
"""大智慧都拉起来了""",1,26,2024
"""请不要压盘，打到8.5的价格，自动预警信号""",1,26,2024
"""昨天卖了大智慧来追的你，真伤""",1,26,2024
"""虽然走了，但是长期依旧看好。""",1,26,2024
"""会不会发一个不减持呢？""",1,26,2024
"""现在股吧里面全是水军，更加坚定卖出了""",1,26,2024
"""大家好！记住了三天不补缺口必须卖！铁的纪律！20多年经验！！！[主力][主力][""",1,26,2024
"""不明白，就五千万人民币的减持影响有那么大么""",1,26,2024
"""那么多支股票，一天到晚盯着它干嘛咯，已经下跌了，你就让他跌，幻想它上涨干嘛？幻想""",1,26,2024
"""这个时候发这种公告，明显是大股东不想让股价这么高，冷却股价继续上涨的做法，之前的""",1,26,2024
"""没量说明被套的散户都不愿意割肉，还是有幻想会拉起来给大家赚点钱跑，大家都不跑又没""",1,26,2024
"""看了一眼股吧，就知道今天还得大跌还没跌到位""",1,26,2024
"""入了，等20块卖""",1,26,2024
"""全天放你进的票不看直接跑和板块毛关系没有""",1,26,2024
"""又被坑了，割了""",1,26,2024
"""为什么不下到跌停板处？""",1,26,2024
"""为什么呀问问能红吗今天""",1,26,2024
"""今天能协力包上去就是龙一。""",1,26,2024
"""这斯下午看看再说吧！上午完犊子货！庄家差点意思[主力][主力][主力][大笑][""",1,26,2024
"""看来的确要大幅向下了，股吧都被水军刷屏了。""",1,26,2024
"""今天大家都打电话了吗，举报海螺央企恶裂行径""",1,26,2024
"""股价翻几倍都不为过吧""",1,26,2024
"""又不是今天减持，怕啥啊，15个交易日后的几个月内，不是一天减持完。没事还能炒几天""",1,26,2024
"""本来今天预计会震荡创新高，一则减持公告造成恐慌，导致错杀，个人觉得只要不破近期底""",1,26,2024
"""洗盘，大股东和实力机构内外勾结发布减持公告利用散户的从众心理打压股价！目前阶段增""",1,26,2024
"""太坑了""",1,26,2024
"""按照预算，一般触低的都能爆拉，这货怎么了，明天又要比腿长？""",1,26,2024
"""没量说明被套的散户都不愿意割肉，还是有幻想会拉起来给大家赚点钱跑，大家都不跑又没""",1,26,2024
"""信仰今天能红。加油""",1,26,2024
"""赶紧走""",1,26,2024
"""一支穿云箭，千军万马来相见""",1,26,2024
"""这波行情是为了打救国有企业，这个不是国有的，前期主力哭错坟了，所以……""",1,26,2024
"""你今天肯定起来""",1,26,2024
"""每天开盘就是出货到收盘还在出货""",1,26,2024
"""华金资本不知道什么时候发力""",1,26,2024
"""今天地天板了，最后的机会，赶紧满仓干！""",1,26,2024
"""龙头股份也是地板起来的，一切皆有可能""",1,26,2024
"""涨停吧小宝贝""",1,26,2024
"""又满上""",1,26,2024
"""大家停一停都别嗷嗷叫了，下午我去贷款五千万拉一波。""",1,26,2024
"""上塘路在里面，就没好事，砸盘侠，智微智能闷掉几千万""",1,26,2024
"""全市倒数""",1,26,2024
"""它所在的所有板块都是红的，只有它是绿的。""",1,26,2024
"""买入牛股还浑然不觉，每一次回调都是加仓机会，之前炒龙字，龙头股份在那些龙里面也是""",1,26,2024
"""都说跌停，我说个不一样的，地天板""",1,26,2024
"""昨天10.41跑了，不再买回了""",1,26,2024
"""韭菜基地集会！彻底OVER""",1,26,2024
"""今天应该能止跌企稳，多元金融还没走完""",1,26,2024
"""五把韭菜排排站！""",1,26,2024
"""散户在“打土豪，抢田地”。""",1,26,2024
"""能否翻红几秒钟？""",1,26,2024
"""不就减个持啊，还是非控股股东减持""",1,26,2024
"""跌停怕什么，买进就是了""",1,26,2024
"""走吧格局不了""",1,26,2024
"""日内分时回踩均线冲""",1,26,2024
"""今天绝对跌停[强壮]""",1,26,2024
"""永远删除货色！""",1,26,2024
"""$新力金融(SH600318)$""",1,26,2024
"""看看金龙羽就知道要跌多少个板！！""",1,26,2024
"""不幸被言中！//@蛰伏SJ :龙虎榜数据也不乐观！//@蛰伏SJ :开盘跌的时候""",1,26,2024
"""不用怕，反包涨停""",1,26,2024
"""地天板，然后十八连板，周末出重组公告，过了今晚，想穷都难！""",1,26,2024
"""8.87全仓入会来个地天板""",1,26,2024
"""这股怎么都不像看a杀的股啊，a杀的股是迅速上去50%再直接下来，这个是反复震荡的""",1,26,2024
"""一个小额贷款公司，有多大想象力，别yy了""",1,26,2024
"""现在看到主力出货了吗？哈哈不yy了？只要看到发减持公告的直接清仓就对了，短期绝对""",1,26,2024
"""在水下位置震荡，散户最容易进去接盘""",1,26,2024
"""你要做大盘下跌的空军司令吗？佩服佩服佩服""",1,26,2024
"""你们不会看榜吗，前天上塘路打板进来，昨天亏了30多万清仓了""",1,26,2024
"""以后上坟路不能格局，直接跑""",1,26,2024
"""往上拉是因为他还要出货到尾盘就跌停了""",1,26,2024
"""重仓介入新力金融，今日逢低不断抄底买入个人观点仅供参考""",1,26,2024
"""挂跌停竟然没成交""",1,26,2024
"""开盘全仓入今天必地天板""",1,26,2024
"""抛压太大撤退""",1,26,2024
"""杀猪盘，有群的""",1,26,2024
"""多元金融大涨都带不动他，费了""",1,26,2024
"""又是上坟路的套路，又要到20日线才会反弹了，还好昨天尾盘一拉就跑了""",1,26,2024
"""格局到下午收盘，不涨停，就卖，涨停就格局""",1,26,2024
"""买不完根本买不完，全是大单卖，出货太明显了，配合板块的一波上升，看样子这就结束咯""",1,26,2024
"""解禁512.7万股跌三个跌停都活该""",1,26,2024
"""散户疯狂进主力疯狂出货""",1,26,2024
"""周五结束——小总结一下，绝不马后炮""",1,26,2024
"""但凡发布减持信息这个股就不可能好？知道吗[笑哭][笑哭]哈哈别想了""",1,26,2024
"""持续2日；跌幅严重低于版块；低于版块；凉的可能性高的太多了""",1,26,2024
"""只要发布会了减持信息，短期内他就不可能好[笑哭][笑哭]看看板块多好，这都涨不动""",1,26,2024
"""今天跌停，我说的""",1,26,2024
"""谁会买板块3龙头卡位这个就杂毛那个买跑啊""",1,26,2024
"""只要稍微拉几分，就有人砸""",1,26,2024
"""全天会在水下裸泳，千万别裸睡[大笑][大笑][大笑][看多][看多][看多][看""",1,26,2024
"""几十万的拉升没啥意思""",1,26,2024
"""大家平静，几个软件显示主力都是进入的""",1,26,2024
"""拉的时候赶紧卖不是买别搞反了""",1,26,2024
"""看看屏幕，都是军团再买牛逼牛逼，张个屁""",1,26,2024
"""明显诱惑散户接盘，前面加起来快有六个版的涨幅了""",1,26,2024
"""老夫预言：地天板！一战成名！一把梭哈！信者有福！""",1,26,2024
"""没有大单""",1,26,2024
"""9.6压""",1,26,2024
"""卖不完的货""",1,26,2024
"""九鼎龙一是无疑了，这样换手上去有望跟上深中华""",1,26,2024
"""如国我说今天涨停，有人信吗？""",1,26,2024
"""能让你买的进的全坑""",1,26,2024
"""入市两年亏损两年，总觉得自己这条路可以走出来，从最开始的想赚钱到后面只想回本，结""",1,26,2024
"""今天只要没缩量就还有新高""",1,26,2024
"""你赶紧跌停吧，非要拉着华资下水""",1,26,2024
"""主力都出完货了肯定走了啊""",1,26,2024
"""挺尴尬的，买的很准[捂脸]""",1,26,2024
"""和昨天哈森一样连续跌停的命""",1,26,2024
"""全军覆没""",1,26,2024
"""3龙头有香溢融通九鼎投资中粮资本，基本没有新力金融什么事了，这前期龙头是假象""",1,26,2024
"""$新力金融(SH600318)$""",1,26,2024
"""它减持四五千万，这时候成交额都四五个e了。又是骗筹码""",1,26,2024
"""二哈看着情况不对地板割了，赔了12个点，看到有资金来搞你就来上你，总不会今天你还""",1,26,2024
"""十点前起飞""",1,26,2024
"""看看海螺水泥投资的那几家公司""",1,26,2024
"""接住了没问题""",1,26,2024
"""完全被减持搞死的一只龙一股，没啥戏了。今天多元金融进入获利回吐期，估计跌停了""",1,26,2024
"""减持也没多少货""",1,26,2024
"""今天你肯定要拉起来""",1,26,2024
"""给机会了！""",1,26,2024
"""我买了干吗？帮你出货吗？收盘跌停跑啊快跑""",1,26,2024
"""不跌死你们""",1,26,2024
"""精神涨起来加油[赞][赞][赞]""",1,26,2024
"""跌停就进""",1,26,2024
"""老夫率抄底游击队员杀到""",1,26,2024
"""8.88买入5000股，今天就看你的了""",1,26,2024
"""买不完，根本买不完""",1,26,2024
"""说地天骗你买让你幻想不卖越套越深""",1,26,2024
"""坚守昨天抄底的中欣佛材。超级抄底了新力金融。新力金融昨天换手43%，会地天板[大""",1,26,2024
"""坚守昨天抄底的中欣佛材。超级抄底了新力金融。新力金融昨天换手43%，会地天板[大""",1,26,2024
"""托盘的真猛""",1,26,2024
"""还好昨天高位跑了！""",1,26,2024
"""看板块，这个货色是搅棍，拖后腿的[怒]""",1,26,2024
"""扛得了几分钟？""",1,26,2024
"""快跑了，再不跑就出不去了。。[微笑][微笑][微笑][微笑]""",1,26,2024
"""别砸了，你不想活了别拉着别人啊""",1,26,2024
"""减持套现吧，傻币一只""",1,26,2024
"""恐惧还是贪婪""",1,26,2024
"""9块99都想噶我，不可能，绝对不可能""",1,26,2024
"""洗盘结束了！今天涨停收盘！""",1,26,2024
"""竞价走了，留下的发财""",1,26,2024
"""买入""",1,26,2024
"""怎么想看看散户实力？来继续跌""",1,26,2024
"""空头走完了！该补涨了！你以为！现在你知道空头力量多弱了吗？""",1,26,2024
"""板块最先启动的个股，结果最垃圾？是哪个老鼠仓在玩""",1,26,2024
"""减持顶风作案""",1,26,2024
"""涨停板见了[呲牙]""",1,26,2024
"""为民造福实盘第二天，大家注意避开我哦""",1,26,2024
"""低开太多，别想反包了，-3左右还差不多""",1,26,2024
"""呵呵，我说要跌，谁敢拉升？全天老实给我待在水下！""",1,26,2024
"""这么玩的吗？""",1,26,2024
"""开盘看下承接力度，会开板，看下承接力度，找机会跑，9.42是支撑位""",1,26,2024
"""半个跌停[微笑][微笑]""",1,26,2024
"""快跑""",1,26,2024
"""减持跌到六块""",1,26,2024
"""3到4个跌停是跑不掉的""",1,26,2024
"""昨天叫你们别买错了没有今天全别买跑啊""",1,26,2024
"""金融明星，今天必定有人翘板！！""",1,26,2024
"""金融明星，今天必定有人翘板！""",1,26,2024
"""还是不改一涨大股东就减持的德性""",1,26,2024
"""这么好的拉升机会你既然跌停，扶不起来""",1,26,2024
"""炒股这么久了，跌停涨停基本心理都有数，亏损主要是涨停买不到，爆雷想不到""",1,26,2024
"""昨天高点跑了，真明智！[鼓掌]""",1,26,2024
"""别撤单啊，再多挂点""",1,26,2024
"""跌停？""",1,26,2024
"""不是说连续3年没分红不永许大股东减持吗？""",1,26,2024
"""地板全仓上了，博下午拉起来或下周一涨停！""",1,26,2024
"""这就封死了吗？""",1,26,2024
"""跌停不了的""",1,26,2024
"""我的香融涨停这货跌停幸好仓位不多""",1,26,2024
"""哦，上帝啊""",1,26,2024
"""运气也是实力一部分，普涨行情选了个废""",1,26,2024
"""上坟路搞的票叠加风口上减持不跌停都怪了""",1,26,2024
"""为什么会跌停，金融板块这么好""",1,26,2024
"""韭菜快跑""",1,26,2024
"""昨天叫你们别买错了没有今天全别买跑啊""",1,26,2024
"""减持不是还有十几天么，现在就坚持噢""",1,26,2024
"""完了，一字跌停""",1,26,2024
"""请新力股的韭菜兄弟们，全部打电话举报！""",1,26,2024
"""太多，哈哈""",1,26,2024
"""又直接跌停，，怎么这垃圾都一样""",1,26,2024
"""不至于吧""",1,26,2024
"""举报[大笑][大笑][大笑]""",1,26,2024
"""早上说47.5万涨停封单那孙子呢？""",1,26,2024
"""顶住，干上去！""",1,26,2024
"""他们晒得这个1000万手封单是什么时候的""",1,26,2024
"""今天将收个意想不到的价格！一群人还浑然不觉[偷笑]""",1,26,2024
"""跌停板应该挂了很多了""",1,26,2024
"""一天红一天绿，今天大红线""",1,26,2024
"""韭菜们今天不要随便割肉！糖宝割肉出逃了不用害怕！""",1,26,2024
"""兄弟们早上好啊[笑哭][笑哭][笑哭]还好我昨天跑了什么玩意""",1,26,2024
"""昨天四个点的跌幅巳经消化了减持利空！而且还在前天涨停、昨天大盘涨三个点的情况下跌""",1,26,2024
"""人弃我取！胆大吃胆小，别人恐惧我贪婪，别人贪婪我恐惧！挂涨停板满仓梭哈博反包！""",1,26,2024
"""都不想让你涨""",1,26,2024
"""昨天你不跟着涨，今天该反向涨停了吧""",1,26,2024
"""这个公告发的好，带血筹码要来了""",1,26,2024
"""有没有下午拉起来买的，华金资本更牛逼差点拉到涨停板，这得套死多少人""",1,26,2024
"""今天跌停了，太恶劣的手法""",1,26,2024
"""减持不是发公告之后15天开始，今天就抛，是庄家制造恐慌吗？""",1,26,2024
"""几天的大盘增涨是靠金融带动，如果金融就这么倒了，这次的增涨恐怕只会是过山车。""",1,26,2024
"""很明显跌停开盘啊，你们在期待什么。还不挂单周一在吃10cm""",1,26,2024
"""老师，新力金融看到多少""",1,26,2024
"""减持还早呢，20天后，量也不大，毛毛雨，还不够游资一家吃的。""",1,26,2024
"""啥也不说了，跌停接你。哈哈哈""",1,26,2024
"""那么多人唱，今天凶多吉少了""",1,26,2024
"""明明就是跌停，为啥有那么多人喊涨，真xj""",1,26,2024
"""集体拨打12386举报这孙子""",1,26,2024
"""9点半，别忘了举报，12386""",1,26,2024
"""好票！庄家故意打压！""",1,26,2024
"""这点减持有必要紧张吗！！！""",1,26,2024
"""高开高走""",1,26,2024
"""减持新花样！协议转让！""",1,26,2024
"""$新力金融(SH600318)$""",1,26,2024
"""昨天大盘和板块行情那么好，消息面和人气也利好个股但大跌，原来主力知道大股东要减持""",1,26,2024
"""请叫我不跌停十天不拉s哥""",1,26,2024
"""今天全去买九鼎这个不能买全是T的开盘直接卖了去买九鼎不能幻想""",1,26,2024
"""抖音推荐，你们懂的[呲牙]""",1,26,2024
"""今天回踩9.57如果撑不住，就在9.07附近再买入吧！集合竞价9:15-9:20""",1,26,2024
"""新力金融：融资净偿还1652.62万元，融资余额2.87亿元（01-25）""",1,26,2024
"""果然是个垃圾股，四个涨停了还敢去追，看到是安徽股就知道是这个下场，拉萨五虎果然不""",1,26,2024
"""可以这么理解吗[哭]""",1,26,2024
"""买买买""",1,26,2024
"""发布减公告说明在股价在高位了。前面两次发减持公告以后股价高位回落。这一次也不例外""",1,26,2024
"""普涨行情可以持续多久？还是看金融ai算力  宁波富达 节能铁汉 中交地产 中信出版 龙版传媒""",1,26,2024
"""走势一模一样，看来是一个恶庄操盘，华金资本差点拉到涨停，带动新力金融大涨，然后出""",1,26,2024
"""洗盘嫌疑很大借利空洗盘洗掉筹码""",1,26,2024
"""如果今天红了怎么办，昨天拉到10.6不是钱？""",1,26,2024
"""中字头刚刚起步，不买，买这个涨50%的，股民赌性真大！""",1,26,2024
"""今天跳空低开，大概在9.1附近可以择机进场""",1,26,2024
"""仔细看了一下，难怪赔钱昨天大盘大涨。肯定买大盘股，我却买了都不买的小盘垃""",1,26,2024
"""减持的消息一般是周末出，这个时候出，配合庄家洗盘的意味大，今天低开后涨停的机会大""",1,26,2024
"""减持在春节后，一切的疯狂在年内，先各位团结自救，击溃空头，疯狂吧金融类公司""",1,26,2024
"""今天邀请红杉资本进场，50亿吧公司买过来，明天不会跌停的。大家放心。""",1,26,2024
"""草怒骂的儿子""",1,26,2024
"""1.26早评：继续以中字头和上海自贸为主，中钢国际，中航金融，宏盛华源，丰山集团，首创涨停，华鼎股份，华金资本，新力金融之策""",1,26,2024
"""严查新力金融有没有内幕泄露，大家全都打举报电话""",1,26,2024
"""海螺水泥收购新力金融成本2.38元目前浮盈315%""",1,26,2024
"""24日买入了5186.76万元，25日又重新卖出了5155.67万元，两个相差无""",1,26,2024
"""好榜，15个交易日后才减持区区5万手，对于量能来而言，算个P，上塘走，老庄走，呼""",1,26,2024
"""明天睡醒，地天板""",1,26,2024
"""明天是散户行情，你不砸，我不砸，难道上塘路变鬼来砸盘么？""",1,26,2024
"""明日如能向上那短期还有动力。如果向下大跌，短期是没有关注的意义了。毕竟近期筹码聚""",1,26,2024
"""明天新力大概率有一定的修复趋势。""",1,26,2024
"""个人认为，今天新力的水下4点的跌幅与事前得知盘后的减持有关。如无此公告，今天新力""",1,26,2024
"""此股明天极可能地天板""",1,26,2024
"""光大证券到底是谁啊怎么有这么多货？""",1,26,2024
"""神神叨叨，好象多复杂，减持就跌停么，先行动？谁也出不出""",1,26,2024
"""低开有着落了""",1,26,2024
"""好多唱空的[抓狂]""",1,26,2024
"""涨也好跌也好，亏钱的一大堆，又不是我一个""",1,26,2024
"""以为你是个龙头！没想到你是啥也不是！""",1,26,2024
"""坚持这么点货，不得把家人们砸疼？""",1,26,2024
"""交易笔数和换手率日报[24/01/25]""",1,26,2024
"""别对利好误判""",1,26,2024
"""还是华鑫稳，大股东全是国家队。""",1,26,2024
"""$新力金融(SH600318)$""",1,26,2024
"""散户知道了""",1,26,2024
"""政策利好密集来袭！并购预期涌现 券商或成为反弹“急先锋”""",1,26,2024
"""今天一直在忙，没动弹。刚下班烦死了""",1,26,2024
"""挂跌停的散户一般都是自认为牛逼的，像我这种普通散户都是开盘了才回去看情况操作的，""",1,25,2024
"""新力金融，月线两年震荡，本月突破趋势压力线，月成交量爆量放大，如果明天跌停，又回""",1,25,2024
"""新力金融的历史""",1,25,2024
"""也不知道你们说说的对，令我瑟瑟发抖啊""",1,25,2024
"""国权说:你大爷！""",1,25,2024
"""[想一下]山顶凉快啊，哈哈，就买了5手[俏皮][俏皮]""",1,25,2024
"""一堆拉萨""",1,25,2024
"""两次拉高出货明天要挨刀""",1,25,2024
"""无法无天""",1,25,2024
"""卖公司或者换庄，换手率这么高，流出七个亿几天...风险很大啊""",1,25,2024
"""这明天指定一字跌停板了""",1,25,2024
"""减持，又全是拉萨，有好戏看了，明天值得好好学习。""",1,25,2024
"""竞价进的，真晦气""",1,25,2024
"""增8100%""",1,25,2024
"""$新力金融(SH600318)$""",1,25,2024
"""玛德，上坟路""",1,25,2024
"""糖宝做过的票后面都很惨例如：日久光电，智微智能，澳洋健康无一例外全部A杀，何况这""",1,25,2024
"""分时五次诱多，诱出拉萨五虎""",1,25,2024
"""新力金融是高盛控股概念""",1,25,2024
"""都是""",1,25,2024
"""今年是金融强国之年，这个价位减持？百分之百骗筹码！骗低价筹码，等主升浪！主力真贼""",1,25,2024
"""行行行，跌停给你们低吸还不行吗？为了捡点筹码，无所不用其极""",1,25,2024
"""拉萨来了必跌停""",1,25,2024
"""大家去看看金龙羽，1.16号发公告减持，第二天跌停一路下跌到原来位置，所以新力差""",1,25,2024
"""一群口袋没几个铜板的张嘴就地板，一个减持的消息就把你们吓成这样，不亏你亏谁""",1,25,2024
"""为什么说明天会有业绩预告？""",1,25,2024
"""我不太会炒股但我知道当扫地阿姨都知道大利好来了要买股票那离over也不远了同样的""",1,25,2024
"""先走了，家人们""",1,25,2024
"""大资金要来了，外国资本可以持有银行保险机构100%股权，实现完全控制。""",1,25,2024
"""都不要吵，明天地板价。你们要多少有多少货，不够公司买给你们""",1,25,2024
"""五虎上将，战力无双，昂立山巅，谁与争锋[大笑][大笑][大笑]""",1,25,2024
"""有没有大哥分享一下排单图片""",1,25,2024
"""请问你有什么可以炒作的点？供销社？你什么都没有然后来个利空，加上怎么上来的？有堆""",1,25,2024
"""现在排单处涨停板！！！！但个人认为，明天八成跌停板！！持股的朋友也不用埋怨海罗，""",1,25,2024
"""低点8.74明天能否扛的住？""",1,25,2024
"""现在是金融股行情，主力是想用利空洗盘。""",1,25,2024
"""我的建议是，等到明天9:30开盘后可以看一看，然后明天15:00后就不用看了""",1,25,2024
"""我的建议是，等到明天9:30开盘后可以看一看，然后明天15:00后就不用看了""",1,25,2024
"""新立金融""",1,25,2024
"""明天散户团结点，干爆空头""",1,25,2024
"""放心明天家人们就把它摁跌停，哈哈哈""",1,25,2024
"""明天别怕，高位放利空，有希望""",1,25,2024
"""这两天大反弹，进百家涨停，近百家下跌，我们却买了这个爆雷的，反弹没赶上不说，明天""",1,25,2024
"""上塘路的票基本被拉萨收走了，明天不是天就是地了。今天就是拉萨要封，上塘路要跑！上""",1,25,2024
"""龙虎榜卖出占成交额的7%，只要不超过15%。龙虎榜起不到决定性作用，只是搅局者，""",1,25,2024
"""狼来了，我们只要拿好猎枪，还能吃上大肉！肉""",1,25,2024
"""这票从1月25号开始还能走一个板就结束了，以后就不用关注了，和智微智能走的一样""",1,25,2024
"""明天，再券。铁子们。小猪们。""",1,25,2024
"""地板就补一半仓，下周一地板再补看他这价怎么减持""",1,25,2024
"""大家不要怕　减５００万股　上塘路一天就出光了""",1,25,2024
"""低开高走也不一定""",1,25,2024
"""龙头票，任何利空都是利好，越利空越涨停""",1,25,2024
"""慌个啥子，500万股也就几千万，吓唬散户交出筹码，中线还有涨""",1,25,2024
"""我就知道今天反复折腾没憋好屁""",1,25,2024
"""承接不错，继续看好""",1,25,2024
"""金融板块将迎来大资金，新力可能要被收购，继续持股""",1,25,2024
"""跌停以挂，买单感谢老铁送的筹码""",1,25,2024
"""前两天还叫人家小甜甜，现在就变牛夫人了，不知道这次回调多深，这周没戏，下周8块以""",1,25,2024
"""拿到明天收盘，管住手，""",1,25,2024
"""又减持""",1,25,2024
"""减持这点量还接不住？""",1,25,2024
"""金融：新力，华金，国盛一梯队""",1,25,2024
"""上坟""",1,25,2024
"""如果不是减持，都已经三板了，柚子都撤了，凉凉""",1,25,2024
"""糖宝铩羽而归而归割肉出局，拉萨小韭菜们高位接盘吃大面！""",1,25,2024
"""明天地板""",1,25,2024
"""13的本，重组买的一直没动，本来想着有机会解套了，看来又凉了唉""",1,25,2024
"""不能忽悠式增持，也不能忽悠式减持。诚信，说了就要干""",1,25,2024
"""01.25 龙虎榜解读，带你走进游资的传奇世界""",1,25,2024
"""不及预期。割肉[大哭]""",1,25,2024
"""证监会新规：最近三年未现金分红，控股股东不得减持大河财立方2023-08-271""",1,25,2024
"""还有这么多人看多，老毒物就笑笑，你们是真不信玄学，这次我锁仓，让你们好好感受一下""",1,25,2024
"""还在意呵呵""",1,25,2024
"""明天一碗大面""",1,25,2024
"""证监会新规：最近三年未现金分红，控股股东不得减持大河财立方2023-08-271""",1,25,2024
"""新力金融百分之百骗筹码，前几天大盘猛砸，新力金融并没有调下来，半月之后才减持，现""",1,25,2024
"""新力金融百分之百骗筹码，前几天大盘猛砸，新力金融并没有调下来，半月之后才减持，现""",1,25,2024
"""如果金融没有半个月的增涨预期，这两天的大涨就会是过山车。提震股市还得看金融增涨持""",1,25,2024
"""新力金融百分之百骗筹码，因为半月之后才减持，现在如果涨上去，半月之后怎么办？主力""",1,25,2024
"""新力金融百分之百骗筹码，因为半月之后才减持，现在如果涨上去，半月之后怎么办？主力""",1,25,2024
"""金融还没这么快倒""",1,25,2024
"""拉萨来了不熊死你，就牛惨你！""",1,25,2024
"""明天不啊太意外跌停开盘""",1,25,2024
"""不发这没用""",1,25,2024
"""转发""",1,25,2024
"""怕什么嘛，第一五百多万股，才五千多万，新力金融每天十几二十亿的成交额，这才多少？""",1,25,2024
"""资本的嘴脸""",1,25,2024
"""这个票幸亏今天拉高跑了，题材，热点都在，游资拉了好几天抛压太大，十大股东太饿心。""",1,25,2024
"""明显的缩量拉高诱多出货，出的如此决绝，入瓮的不妨自我反省一下，大势板块双飙之下，""",1,25,2024
"""又是家人们接盘[哭][哭][哭]""",1,25,2024
"""顶风作案，罪责难逃。""",1,25,2024
"""明天应该还是大金融和地产[笑哭][笑哭][笑哭]""",1,25,2024
"""最近的几个交易日主力的分歧比较大，一拉就砸。今天的龙虎榜五只拉萨，说明主力方向一""",1,25,2024
"""我就说今天走的这么诡异呢？明明可以拉升涨停成为金融板块的带领着，却没有游资进来接""",1,25,2024
"""明天都不一定会低开，傻孩子，上塘路砸不死的，都是妖""",1,25,2024
"""这个死拉基，今天还大跌""",1,25,2024
"""提前发公告啊。。发了谁买你的股""",1,25,2024
"""要打爆外围做空势力，必须中字头出手才行，支持中字头继续高歌猛进，打爆空头！""",1,25,2024
"""挂跌停了[捂脸]""",1,25,2024
"""拉萨路今天搞完多了五千万的票，明天估计还会拉高出货，一起拉，封住，不封住拉萨会跑""",1,25,2024
"""涨停买单已挂，全A股市场唯一的，一个带，《金融》两个字的股票新力金融就不信涨3个""",1,25,2024
"""普涨行情，持续性需要看量能保持""",1,25,2024
"""开始诱多了""",1,25,2024
"""新力减持是在2月6号才开始，500万股，现在的价格是10块。也就是5千万，今天新""",1,25,2024
"""今天把证券走了，传媒又板了，还拿着，早上入手了景点旅游。""",1,25,2024
"""股东减持也是在15个交易日后而且还是6个月内！不必恐慌！""",1,25,2024
"""利好来了　　各位散户钱来之不易　多元金融还在主线""",1,25,2024
"""这些空狗真是幸灾乐货.跌停不跌停与你刁相干.瞎叫故意的制造恐慌是吧""",1,25,2024
"""上一次海螺减持的走势，。这一模一样了都快""",1,25,2024
"""这股东脑子有问题，估计不会炒股""",1,25,2024
"""好吧你们都挂跌停吧！我挂涨停再买点，10.85已经挂单了，不管多少开盘买了""",1,25,2024
"""盘中有提示离场机会，赚认知以内的钱""",1,25,2024
"""第一个启动的票票，表现不行啊""",1,25,2024
"""太了""",1,25,2024
"""打爆哪些先知道消息跑路的""",1,25,2024
"""海螺就是个炒股高手，典型的风向标，建议把主业砍了，做一个资本运作的扛把子[献花]""",1,25,2024
"""明天跌停，没有主力这样好题材换手率超高，""",1,25,2024
"""已挂，明天9点举报""",1,25,2024
"""越是这个时候，家人们越要团结，这些主力都提前跑了，凭什么每次都要被他们收割，是时""",1,25,2024
"""海螺水泥你这公告发的太不合时宜了！""",1,25,2024
"""图片能看到吗""",1,25,2024
"""为啥会有龙虎榜""",1,25,2024
"""连续一周每日均成交二十亿左右！目的是为了出五千万的货？减持利空可忽略不计！多元金""",1,25,2024
"""不要给自己恐慌，明天这票绝逼低开高走，而且低开不了多少，五线还是继续顺上的""",1,25,2024
"""换手百分之两，主力完美出逃""",1,25,2024
"""买过好多有上塘的票，但大多数都一日游第二天就被砸了，然后拉萨家人聚会，第三天地板""",1,25,2024
"""完了，全是拉萨，拉萨都是高位接盘的。""",1,25,2024
"""我劝各位集合竞价卖吧，外面好股多的是""",1,25,2024
"""还好前天跳车了九鼎，这减持还要洗几天""",1,25,2024
"""新力股东大减持明天数跌停板一锅端。""",1,25,2024
"""兄弟们，不如捐点钱给我，筹他个几十亿我来当股东，我发誓不减持""",1,25,2024
"""等15天以后已经是地板价，他就不会减持了。""",1,25,2024
"""此股已废，各自安好""",1,25,2024
"""都自己人了，您说怎么玩吧？？？难怪这死了。割割割""",1,25,2024
"""也许上级会提示新规3年没分红不可减持""",1,25,2024
"""减持1％，下次剩4％减就不用公告了""",1,25,2024
"""这也没涨多少啊？""",1,25,2024
"""2月26号才开始减持，明天深水上车试错。""",1,25,2024
"""虽然只有５万手　　但明显走漏消息""",1,25,2024
"""22年11月15日，21年12月9日，一到年底海螺水泥定期发公告减持，前两次发减""",1,25,2024
"""金融再出利好，a50又开始涨，有没有可能庄家故意放个利空洗盘呢，看深中华A今天直""",1,25,2024
"""明天快卖""",1,25,2024
"""如果这是出货那就别炒股了，午后深中华上板后华字辈都有异动，新力金融也拉了一下，华""",1,25,2024
"""有没有可能是放个利空洗盘跟深中华a一样直接高开""",1,25,2024
"""为什么这么多人逃避现实啊，炒股这么久了明天怎么走真的心里没数吗，要是没直接摁死估""",1,25,2024
"""这又是散户追高买的吧明天""",1,25,2024
"""炒股切忌不能看这里的评论，真好玩""",1,25,2024
"""明天打电话到证监会举报，大家一起打，国家都做多，他就来减持了""",1,25,2024
"""就一个心理层面，这么大的换手，这点减持没什么影响。""",1,25,2024
"""完全不用慌，砸盘主力已走，现在盘子轻，只要不踩踏，随便一个主力进来点火，分分钟上""",1,25,2024
"""大a股唯一一个带金融的股票我总能吧龙头买下来，操啊！你们真是够了天天盯着我""",1,25,2024
"""明天要完犊子[哭]""",1,25,2024
"""利空落地""",1,25,2024
"""看看雅博怎么涨上去，怎么下来的。新力你学学[捂脸][捂脸][捂脸]""",1,25,2024
"""今天进的全是拉萨拉席位""",1,25,2024
"""我看了5天没上车今天低开我却买了，盘中富贵一把一看完了，下午华金资本秒拉涨停，有""",1,25,2024
"""听我的，兄弟们，明天跑就对了，外面股票那么多，没必要耗死在这里吧。""",1,25,2024
"""散户接盘，股东减持，真的恶臭啊。这种公司在现在环境减持？真的是趁你病。要你命！""",1,25,2024
"""你们所谓的糖宝，五方当初也是这样子被砸的，去看看五方的走势吧，别幻想了，上塘路出""",1,25,2024
"""今日新力金融股价背后有什么？-(2024.01.25)股票交易力解析报告""",1,25,2024
"""减持五千万怕个锤子""",1,25,2024
"""股东减持，游资清仓。全是家人们互相伤害了""",1,25,2024
"""这么一致看空吗？有没有多头[旺柴]""",1,25,2024
"""好消息：上塘路跑完了，不跑完明天接着砸""",1,25,2024
"""兄弟们，干了""",1,25,2024
"""发不出帖子，想想明天跌停蒸发多小市值，减持金额又是多小，好好想想""",1,25,2024
"""牛回速归，中字头疯涨，继续关注国资+中字头，剑桥科技  万兴科技  特发信息 科大讯飞、拓尔思、海天瑞声、中科信息""",1,25,2024
"""完蛋了，明天跌停，最好不要一字跌停，否则都跑不出去""",1,25,2024
"""上塘路出货但是家人承接给力，明天会红[鼓掌][鼓掌][鼓掌]""",1,25,2024
"""都是散户[呲牙]""",1,25,2024
"""昨天预期是高开低走，今天低开就没看，复盘看了看分时龙虎榜和减持资讯，明天预期是跌""",1,25,2024
"""今天发绿，明天统统买进，包括东风""",1,25,2024
"""估计明天踩踏""",1,25,2024
"""噢噢噢！""",1,25,2024
"""我明天早上肯定打12386举报，泄露消息嫌疑，配合主力收割散户，希望家人们一起打""",1,25,2024
"""明天跌停，立贴为证！！""",1,25,2024
"""赶紧跑，只要估计拉高，就开始减持""",1,25,2024
"""2022年3月22公告减持，11月16号公告减持""",1,25,2024
"""01-25周四一、3个点冲高止盈新力金融二、5个点杀入深中华A，成功涨停，明天看""",1,25,2024
"""，光大又来减底价筹码了！""",1,25,2024
"""海螺水泥每年都说减持新力金融1%的股份，连续几年了，没有一次减持的，大家都去举报""",1,25,2024
"""‘601舰队’冲锋，短期这个信号要重视起来！""",1,25,2024
"""深中华前两天就是拉萨军团都是散户但照样震荡上涨""",1,25,2024
"""怎么举报违规减持""",1,25,2024
"""都别炒，看我亏了多少，重组失败吃了5个跌停""",1,25,2024
"""参考华瓷股份，高换手，拉萨齐聚""",1,25,2024
"""家人们，明天格局起来""",1,25,2024
"""下午2点30这一波拉升，害死多少人啊""",1,25,2024
"""作为短线，不及预期今天果断-2出了。""",1,25,2024
"""5万多手而已，一些恶意唱空的，吓跑散户，制造恐慌，搞一字板跌停有意思？""",1,25,2024
"""海螺水泥每年都说减持新力金融1%的股份，连续几年了，没有一次减持的，大家都去举报""",1,25,2024
"""踏马还好老子今天就买了一手，""",1,25,2024
"""明天挂跌停应该能跑""",1,25,2024
"""明天一字了，地板开""",1,25,2024
"""看了下筹码分布，要死一起死。没啥好怕的""",1,25,2024
"""不太懂，这货3年没分红，海螺作为第二大股东能减持？""",1,25,2024
"""15日后减持5000万，明天跌停，直接市值蒸发5亿，大家好好想想""",1,25,2024
"""假如说明天高开，得有很多人卖出的，现在的公司良心不好，玩的都是套路""",1,25,2024
"""美尚137横盘三个月了，这不是开玩笑么。？？？？""",1,25,2024
"""2024.1.25，炒股笔记，还是老规矩，一，首先记录一下个人操作，1，卖出爱旭""",1,25,2024
"""肯定是今天盘中减持的，减持完才发公告，举报电话打起""",1,25,2024
"""我没看错吧，这个股是属于新规限制减持的，为什么他能减持？""",1,25,2024
"""新力金融(600318.SH)：股东海螺水泥拟减持512.72万股""",1,25,2024
"""买进那天是博弈指数反弹，新力金融就是绕不开的阵眼，到了下午让九鼎投资摘了桃子，沦""",1,25,2024
"""一跌就说跌停的，好好看看好不，这几天的资金都是散户接的，有主力在里面就是来砸盘的""",1,25,2024
"""今天的走势真的很反常，无论大盘板块都是超级强势，这货居然低开，然后卖单不断，吓得""",1,25,2024
"""这票就是减持股东与庄家做的一个局，顶风作案，我在华鑫与新力二选一选了新力，不但错""",1,25,2024
"""大盘这么好，怎么就碰上这缺德股东，怕是明天跑不出去了""",1,25,2024
"""明天看拉萨军团表演了，这次是真的瓷实！""",1,25,2024
"""同样2022年2月12日和24日，海螺水泥减持了500万股，股价还是继续冲高""",1,25,2024
"""买了这样的垃圾货色真的影响心情！""",1,25,2024
"""除了龙虎榜上面的三亿资金，余下的19亿成交量都是散户搞的？""",1,25,2024
"""明早直接挂跌停走，垃圾货色！""",1,25,2024
"""全市场四百家下跌，我全占了算啥级别大佬？""",1,25,2024
"""减持时间2024.2.26-8.25。""",1,25,2024
"""一套组合拳，触碰股民敏感神经[捂脸]""",1,25,2024
"""01.25晚评：沪指收复2900，谈谈宏盛华源、爱旭股份、联弘新科、华鑫股份、新力金融、九鼎投资。""",1,25,2024
"""换我，我也减持，把优质资产转移给搭子，然后公司都卖给你们[捂脸]，然后搭子重新申""",1,25,2024
"""看看1月18日，员工持股1040万股减持，那是涨停啊！""",1,25,2024
"""怎么碰上了""",1,25,2024
"""今天明显开盘就低于预期了就该走了！自己菜！有什么好说的？愿D服输！兄弟们！说多了""",1,25,2024
"""不至于跌停，估计开盘跌3-5%之间。""",1,25,2024
"""明天涨停""",1,25,2024
"""今天10块减仓了，还有3000股，明天地板就加仓5000股。说到做到""",1,25,2024
"""01-25周四一、3个点冲高止盈新力金融二、5个点杀入深中华A，成功涨停，明天看""",1,25,2024
"""主力跑路了再来减持，真不把散户当人，人柱力了，属于。如果要减持，又何必拉上去呢，""",1,25,2024
"""恶心死了又买了减持的了谁了""",1,25,2024
"""哪位大哥告知下，今晚几点可以挂第二天的单""",1,25,2024
"""不陪你玩了，你不行了""",1,25,2024
"""新力金融：海螺水泥拟减持公司不超1%股份""",1,25,2024
"""明天先跑吧，跑出去之后再举报。举报也没啥用。认亏""",1,25,2024
"""玛德，明天能跑出来吗！！！""",1,25,2024
"""现在那些说才减持1%不在乎的人一定是持有股票的人，给自己打气安慰呢，明天跌停开盘""",1,25,2024
"""明天准备跌停吧。""",1,25,2024
"""东方财富证券拉萨团结路第二营业部今日净买入7131.95万""",1,25,2024
"""东方财富证券拉萨东环路第二营业部今日净买入5630.67万""",1,25,2024
"""东方财富证券拉萨团结路第一营业部今日净买入4365.47万""",1,25,2024
"""9.91明天要闷杀了[摊手][哭][哭][哭][哭][哭]""",1,25,2024
"""明天估计出不来了家人们都在等着抢跑！唉""",1,25,2024
"""1.25晚评：中字头有看头，宏盛华源，丰山集团，华鼎股份，华金资本，新力金融之总结！""",1,25,2024
"""全是拉萨，量化的吧。他们买的股一般会宽幅震荡，然后向下。""",1,25,2024
"""减持金额并不多，总共才5000万，今天的成交额都22亿呢，进出资金都在12亿，这""",1,25,2024
"""今天逢低买了，看见龙虎榜好慌[哭]""",1,25,2024
"""欧买噶，接盘了""",1,25,2024
"""这种情况肯定是有消息提前泄露来，不然为什么游资机构都跑了，大家一起举报吧，肯定私""",1,25,2024
"""怎么举报""",1,25,2024
"""现在一切明了了，金融难得利好，张什么就是拼命减持，原来螳螂捕蝉黄雀在后啊，又来个""",1,25,2024
"""今天建了点小仓，我倒是觉得这个减持消息在这个位置倒是好消息，这个位置希望明天跌停""",1,25,2024
"""大股东坚持，上塘路也跑了明天一字开板了，只不过是地板[微笑][微笑][微笑]""",1,25,2024
"""才减持不超过1%，有的人反应过度了吧""",1,25,2024
"""这波炒作涨幅不错了，相当满意了！需要耐心等待下一个故事了//@蛰伏SJ :这波涨""",1,25,2024
"""今天的走势说明一切，大资金都知道要减持，真的倒霉，大盘大涨两天在这里还亏钱，明天""",1,25,2024
"""9.90的本，明天能安全出吗？还是格局""",1,25,2024
"""情绪到位了""",1,25,2024
"""难怪今天金融板块涨疯了，它一副病泱泱，尾盘跳水是有人提前知道消息了，挺恶心""",1,25,2024
"""龙虎榜五虎上将全部筹集，呼家楼已经出完，再加上减持公告，没有一个是好消息！明天估""",1,25,2024
"""恐慌吗？怎么办？明天一字跌停""",1,25,2024
"""今天尾盘进来想着明天吃点金融板块的红利，结果收盘就发坚持公告，这大A还怎么玩""",1,25,2024
"""明天地板见了""",1,25,2024
"""地板上接了""",1,25,2024
"""最近有点霉啊？之前在金龙羽做的好好的，股东减持了。好不容易出来了，来了这里，想着""",1,25,2024
"""干得漂亮啊""",1,25,2024
"""格局了一天，明天要放我出去，不玩了""",1,25,2024
"""家人们不好吗？我倒是没那么悲观，今天冲进来的家人都不是无名之辈，明天见分晓！""",1,25,2024
"""15天后才减持先拉高""",1,25,2024
"""晚上早点挂地板，明天希望能地板出去。""",1,25,2024
"""新力金融：为实现投资收益 第二大股东海螺水泥拟减持不超1%公司股份""",1,25,2024
"""天价天量[大笑]""",1,25,2024
"""今天都亏损巨大""",1,25,2024
"""果然尾盘无端跳水的一般都是晚上出利空，之前的金龙羽也是一样""",1,25,2024
"""新力金融(600318.SH)：股东海螺水泥拟减持不超1%股份""",1,25,2024
"""最怕减持金龙羽就是减持废了""",1,25,2024
"""庆幸""",1,25,2024
"""新力金融：海螺水泥拟减持不超过1%""",1,25,2024
"""龙虎榜游资全跑，全是家人进来，盘中又来减持雪上加霜，明天大盘有调整预期，大概率被""",1,25,2024
"""拉起来就减持，这票废了""",1,25,2024
"""明天一人一碗大面，抢跑""",1,25,2024
"""龙虎榜数据也不乐观！//@蛰伏SJ :开盘跌的时候量非常大！除非有大资金再次入场""",1,25,2024
"""如我直言。这几天流通股本天天接近60。而前十流通股股东加起来是40。有减持的嫌疑""",1,25,2024
"""新力金融:安徽新力金融股份有限公司股东集中竞价减持股份计划公告""",1,25,2024
"""新力金融(600318)龙虎榜数据(01-25)""",1,25,2024
"""我靠，龙虎榜5个拉萨，。。。。。。。。""",1,25,2024
"""盘子很轻了，一家人整整齐齐，明天继续来2个游资接力，继续嗨！坐稳扶好[呲牙]""",1,25,2024
"""等会看到榜不要害怕""",1,25,2024
"""大错特错""",1,25,2024
"""新力金融日内换手率42.74% 东方财富证券拉萨东环路第二营业部买入2516万元""",1,25,2024
"""1.25日晚评；证券金融完成任务；下车华金资本，新力金融，国盛金控。接下来跟进；央企改革！""",1,25,2024
"""没有猫虎榜？怎么可能？换手这么高""",1,25,2024
"""我去，家人们把糖宝洗走了""",1,25,2024
"""有卖公司的嫌疑。这几天天天这么大换手""",1,25,2024
"""春节前到12应该没啥问题""",1,25,2024
"""这个成交回报，说明了什么""",1,25,2024
"""猫狗榜没有么？""",1,25,2024
"""今天大部分仓位在你这里！也算是倒霉了！明天低开就清仓！急拉慢跌！典型出货！""",1,25,2024
"""没有龙虎榜吗""",1,25,2024
"""没有榜？""",1,25,2024
"""今日收盘总结：新力金融、华金资本、上海建科、广博股份""",1,25,2024
"""在新力的神操作，""",1,25,2024
"""总用50亿把柚子庄手里的票全部吃下来。""",1,25,2024
"""新力废了""",1,25,2024
"""看起来像出货""",1,25,2024
"""明天开盘跌停[俏皮]""",1,25,2024
"""说真的，没见过这么垃圾的票，处在最热板块又是最先涨停启动，人气居高不下居然没人做""",1,25,2024
"""周四复盘总结：新力金融，特发信息，高新发展，浪潮信息，歌尔股份，九鼎投资，信达证券""",1,25,2024
"""明天的大盘靠什么稳住？中石油那些大票行吗？大石头还得要小石头撑，大盘能进二退一就""",1,25,2024
"""这股小仓位玩玩，高抛低吸，，其实挺不错的，我今天还有收益，底仓三个多点走完了，，""",1,25,2024
"""今天绿盘开就是不及预期当然都跑""",1,25,2024
"""上坟路今天走了明天会不会反包？这货是国资股呀""",1,25,2024
"""这货明天还能冲击涨停吗""",1,25,2024
"""11.7肯定是要过的""",1,25,2024
"""你真牛啊，中国石油一点五万亿市值拉涨停，成交额才29亿，你总市值50亿成交额22""",1,25,2024
"""真没想到最后15分钟还能砸绿4个点""",1,25,2024
"""这心电图画的不错，看着快停止呼吸了又大喘几口气，最后小吸两口气终于停止了呼吸。""",1,25,2024
""" 1.25后：守得云开见月明，日久光电，西陇科学，新力金融，上海沪工，宏盛华源，深塞格，华鑫股份""",1,25,2024
"""我也想买，但最终撤单，死里逃生了，2019小牛市又怎样？该亏还亏的！有人赚，必须""",1,25,2024
"""今天应该有榜吧""",1,25,2024
"""恕我直言，上塘路就是个""",1,25,2024
"""加大力度""",1,25,2024
"""看看月k上方就明白了！废了！""",1,25,2024
"""$新力金融(SH600318)$""",1,25,2024
"""炸裂的一天""",1,25,2024
"""和昨天华瓷嗯走势一模一样""",1,25,2024
"""全市场最垃圾没有之一，举报""",1,25,2024
"""华力金融今天走势哪位大师帮忙解读一下？我真的蒙圈了。明天会给出货机会吗？纯小白，""",1,25,2024
"""今天糖宝绝对没有砸盘！顶多做T，我相信糖宝明天会做反包""",1,25,2024
"""今天有猫狗榜吗""",1,25,2024
"""大盘涨，这垃圾跌，""",1,25,2024
"""今天尾盘下杀将恐慌盘吓出，明天很有可能会低开高走拉大阳，重点关注""",1,25,2024
"""太拉胯了。居然大跌""",1,25,2024
"""股吧里哪位知道，历史上有没有像现在的新力金融走势，连续多天放量，换手率三四十。后""",1,25,2024
"""你走过的每一条弯路，其实都是必经之路""",1,25,2024
"""高度控盘，清洗浮筹""",1,25,2024
"""再晚三分钟收盘肯定跌停，今天巨量下跌，明天要跌停了""",1,25,2024
"""担心个得儿！明天低开高走！这个交易额加上大金融这么热，敢下杀到跌停板大把资金去捞""",1,25,2024
"""在所有股票都上涨的一天，买这个亏四个点，真是太惨了""",1,25,2024
"""看看中石油二十九亿居然都能涨停""",1,25,2024
"""01.25晚评：大金融和中字头齐头并进，华鑫股份、新力金融、九鼎投资、宏盛华源、爱旭股份、联弘新科分析""",1,25,2024
"""都是股神""",1,25,2024
"""中字头+上海+大金融！九鼎投资、中视传媒、首创证券、新力金融、建元信托、""",1,25,2024
"""别人都在大赚哎，我大亏""",1,25,2024
"""妈的，又被砸了[滴汗][滴汗][滴汗]而且还是一天被砸两次。""",1,25,2024
"""有点像2021年的中青宝，从16到40。新力金融这次9到20""",1,25,2024
"""昨天的龙虎榜都说了上塘路会砸盘，你们偏不信""",1,25,2024
"""糖宝尾盘出货成功，十年大顶出现""",1,25,2024
"""这种利好明天顶不起来就没救了""",1,25,2024
"""今天买了这个，结果是这个月亏损最大的一天""",1,25,2024
"""15:39:46【国家金融监督管理总局：将继续引导、支持银行机构加大信贷投放】财联社1月25日电，国家金融监督管理总局新闻发言人""",1,25,2024
"""第三大流通股东张敬红已经清仓了，后面抛压应该不重，就看柚子愿不愿意来拉了，""",1,25,2024
"""成交额比中石油都大，咋涨么""",1,25,2024
"""买的三只票全绿，这苦逼的命""",1,25,2024
"""昨天打板进的，今天直接平出的，上塘路这垃圾""",1,25,2024
"""今天尾盘诱多拉高追进去的人惨了！明天一碗大面端上来""",1,25,2024
"""不要贪，有利润就跑，这几天换手率这么高，公司都卖了好几遍了，不要有念想会涨停""",1,25,2024
"""有上坟路在里面搅和，就没如下场。""",1,25,2024
"""散户的筹码全被吃了""",1,25,2024
"""玩个鸡毛，有没有涨的时候没赶上，跌的时候上赶着往里进。""",1,25,2024
"""不知道换了一个什么新庄家，这几天散户，庄家跑完了吗？我今天也走了，没有在高处走人""",1,25,2024
"""明天谁来主砸？？？""",1,25,2024
"""今天有承接的意思，看等下出榜是不是？""",1,25,2024
"""哭晕在厕所""",1,25,2024
"""这票的实际换手比当初的西陇科学还夸张，这市值竟然能有20E成交额，柚子哪吃的下""",1,25,2024
"""这股能流通的股票就70%，约3.59亿股""",1,25,2024
"""希望申请明天召开零时股东大会，看看散户有没有发言权""",1,25,2024
"""换手大，放量滞涨且收绿，同时大盘大涨，板块大涨，它太弱了。弱爆了，不正常""",1,25,2024
"""尾盘竞价买入，搞个先手""",1,25,2024
"""服了，今天还巨亏。真不适合炒股。销户，退出股市。""",1,25,2024
"""去弱留强，出了新力金融，下周一再杀进来""",1,25,2024
"""没有及时调仓换股，65万剩24万三。要跑的，没跑。违背了“快准狠”的原则。""",1,25,2024
"""5日线都没破，人气股，怕什么？一群渣渣在叫什么。亏了就叫，赢了就笑。清仓回家过年""",1,25,2024
"""根据自己的交易体系，今天出现出货K线图，10.4全部清仓！""",1,25,2024
"""被我说中了走澳洋1月17日的走势，接下来就是大面""",1,25,2024
"""明天看反包，五天线不破继续格局""",1,25,2024
"""出货了大伙们""",1,25,2024
"""预估今天龙虎榜广发证券北京建外大街营业部卖出6500万财通证券杭州上塘路营业部卖""",1,25,2024
"""今天进去的全部闷杀，以后见上坟路躲远一点""",1,25,2024
"""这票抛压很重啊！拉不上去，明天砸到深水要洗盘""",1,25,2024
"""误我""",1,25,2024
"""擦，集合竞价忘记撤单了，亏了3个点""",1,25,2024
"""这走势、这换手我熟，明天大概率低开-5左右，然后5分钟内跌停""",1,25,2024
"""盘中富贵浮赢14000多，收盘浮亏3000，我真是服了""",1,25,2024
"""今晚就能看到是哪个砸的盘了""",1,25,2024
"""上午9.91买的，感觉凉凉了[哭][哭][哭][哭]""",1,25,2024
"""永远删除货色！""",1,25,2024
"""家人们团结""",1,25,2024
"""漂亮，成功的对敲出货了""",1,25,2024
"""尾盘买点，不知道明天怎么样，能不能反包""",1,25,2024
"""该弱不弱拿，该强不强跑""",1,25,2024
"""今天亏钱，叼不叼""",1,25,2024
"""今天买的明天怕是难出去""",1,25,2024
"""死亡换手，感觉洗了个遍""",1,25,2024
"""情绪大师又如何可惜劳资没有情绪""",1,25,2024
"""一天卖掉20多亿，股东公司都不要了？""",1,25,2024
"""昨天预期太满，一坨""",1,25,2024
"""RBN在卖公司吗""",1,25,2024
"""$新力金融(SH600318)$""",1,25,2024
"""都怪前期散户自己砸自己，这下好了吧""",1,25,2024
"""敲锣打鼓卖公司。""",1,25,2024
"""太损了，还好上午红盘清了""",1,25,2024
"""最后一波上拉骗了不人进来""",1,25,2024
"""大盘涨这多，买了你被套2个点""",1,25,2024
"""这个股主力是真败类！抗住了张敬红几天2个亿的减持，却倒在了这帮垃圾手里！今天绝对""",1,25,2024
"""预期跌停，结果没跌停。不及预期啊。[旺柴]""",1,25,2024
"""成交量太大，如果明天早上高开，不要接，-3个点以内横盘也不要接，跌停可吸""",1,25,2024
"""今天亏钱，我都亏笑了""",1,25,2024
"""如果是上塘路砸盘，那明天还得跌停，如果不是那应该有拉升""",1,25,2024
"""与糖宝同车的两天，了结这三天行情""",1,25,2024
"""这个股的主力今天逆市而为，不会有好下场的！""",1,25,2024
"""上塘路，战绩+1""",1,25,2024
"""上塘路出货，短期不碰。今天买的明天快跑！""",1,25,2024
"""麻痹让费老子一天行情""",1,25,2024
"""出货了""",1,25,2024
"""金融完成使命了""",1,25,2024
"""牛逼，这主力暴力出货厉害""",1,25,2024
"""大盘涨这么好，买新力金融却亏麻了。""",1,25,2024
"""再见(；一_一)""",1,25,2024
"""上坟路太狠了。""",1,25,2024
"""今天追高了。。。。怎么办""",1,25,2024
"""说真的，主力已经很不错了，给了好几次体面离开的机会，但总有人贪心不足，怪不得别人""",1,25,2024
"""还要脸吗？板块，指数大涨，你跌这么多？？？明天板块指数回落，还得跟着跌[捂脸]狗""",1,25,2024
"""这股有病啊！整个板块就你病得严重""",1,25,2024
"""这走势坑""",1,25,2024
"""请赔偿损失""",1,25,2024
"""$新力金融(SH600318)$""",1,25,2024
"""尾盘成交这么高。。。抢筹？""",1,25,2024
"""没有龙头气质啊，最早启动的，拖拖拉拉，变成后排跟风，垃圾""",1,25,2024
"""哈哈哈笑死我了。低点不买，头昏乱跟风。！！服不服？""",1,25,2024
"""这换手率，杠杠滴""",1,25,2024
"""说了跌停""",1,25,2024
"""借大盘行情，公司都要卖给我们，大股东简直不是人""",1,25,2024
"""真的服了，两天成交一个公司。""",1,25,2024
"""明天肯定跌停""",1,25,2024
"""出货了""",1,25,2024
"""这今天进入的沙茶酱了""",1,25,2024
"""今天有榜吗？？？""",1,25,2024
"""哎，有点儿舒服，也有点不爽，为撒不让我躺板板啊，跌停，求你明天一定要钉在跌停板上""",1,25,2024
"""rnm卖公司吗？""",1,25,2024
"""这种都敢追的散户，没任何办法..""",1,25,2024
"""换庄是肯定的，没有承接就完了""",1,25,2024
"""会卖的才是师傅换手率这么高明天要凉了""",1,25,2024
"""补跌来得真快""",1,25,2024
"""跌吐血了""",1,25,2024
"""典型的出货模式，还唱多，有病""",1,25,2024
"""明天跌停价准能抄进""",1,25,2024
"""长见识了！我滴妈！快上快下的！想做T都没反应过来！""",1,25,2024
"""坏的冒烟""",1,25,2024
"""还有谁？""",1,25,2024
"""今天给了2次机会还不走的人，明天就等着哭吧""",1,25,2024
"""你是有病""",1,25,2024
"""$新力金融(SH600318)$""",1,25,2024
"""龙头变龙尾""",1,25,2024
"""赶紧跑吧""",1,25,2024
"""大家别买了，赛道是对的，但是个股暂时被抛弃了，量价背离了那么久，全是散户在买，主""",1,25,2024
"""这主力不行，应该先涨停出货，在跌停买进""",1,25,2024
"""为什么人家买的妖股就不折腾，为什么我一买的妖股就上串下跳，为什么""",1,25,2024
"""这个抛的筹码是暗箱操作坚持的吗？""",1,25,2024
"""这货不行了，还好刚才跟随华金资本拉了一下 10.5清掉了，还留了个底仓""",1,25,2024
"""今天估计又是光大砸盘，这几天最少出货了3个亿""",1,25,2024
"""明天不跌停我吃哪个啥""",1,25,2024
"""初骗进来了，1068""",1,25,2024
"""[笑哭][捂脸][捂脸][捂脸]果然是玩金融的，筹码都得玩到极致……""",1,25,2024
"""换手率40%，老板走了。""",1,25,2024
"""白高兴一时，已为捡到宝了""",1,25,2024
"""这垃圾散户太多了""",1,25,2024
"""出货了啊[滴汗]，我还以为你很强""",1,25,2024
"""我是炒股不太好发帖子刚好买到这个股有些说的不对给更正一下，海螺水泥是安徽的，这个""",1,25,2024
"""明天比谁跑得快了[大笑][大笑][大笑][大笑][大笑][大笑]""",1,25,2024
"""日内双头，股价见顶，这波结束了，该逃命的逃命吧""",1,25,2024
"""跑两个亿才跌三个点不应该呀""",1,25,2024
"""家人们长点心吧，我也是亏出来的经验""",1,25,2024
"""明天必死！今天大量出货！""",1,25,2024
"""还在有人上当吗""",1,25,2024
"""脱裤子""",1,25,2024
"""上蹿下跳的""",1,25,2024
"""因为掉队，这货以经被主力抛弃了  主力真怂""",1,25,2024
"""提醒过了，还敢跟，只能是自己傻""",1,25,2024
"""好一波神仙打架，格局看戏了""",1,25,2024
"""多少人上当了，明天全埋""",1,25,2024
"""2024衷心祝愿上塘路买啥都被埋，赔死上唐路，回家吧""",1,25,2024
"""两次冲高都没卖，还是心里yy了，水下-3割了，大量高位不涨，明天水下开，跑了跑了""",1,25,2024
"""5000手以上的大单都没一笔，好多人就敢跟，只能说，家人们太有钱了""",1,25,2024
"""跌停跌停""",1,25,2024
"""明天死路一条""",1,25,2024
"""骗子，把我骗进去了""",1,25,2024
"""这真是垃圾啊，幸亏早上盈利跑了""",1,25,2024
"""上塘路这个，就知道砸盘""",1,25,2024
"""一拉就有人砸盘""",1,25,2024
"""快5千家涨，你绿有点不好意思吧""",1,25,2024
"""全网没几家跌的，金融这块更是少，你就是其中一支，真是看走眼了""",1,25,2024
"""明天跌停估计""",1,25,2024
"""这下货才是真正出完了""",1,25,2024
"""服了""",1,25,2024
"""没有挺到冲高出货时候不过这股明天风险很大地板""",1,25,2024
"""无限空头""",1,25,2024
"""多元金融里最先掉队的[哭]""",1,25,2024
"""都清了走人""",1,25,2024
"""早上就提醒过各位了上塘路尾盘会砸没人信""",1,25,2024
"""200万只剩下2万，还有谁比我更惨""",1,25,2024
"""玩完了，看来明天要被闷杀了[哭][哭][哭][哭][看空][看空][看空][看空""",1,25,2024
"""好好的走成废柴，不回到10线都无法干了""",1,25,2024
"""23号被九鼎卡位后，新力的龙头地位就被拉下马了，老庄在明面上的龙虎榜三天就出货两""",1,25,2024
"""大家准备好低吸啦。""",1,25,2024
"""10.58谁接的我的盘嘿嘿""",1,25,2024
"""举报举报，还在顶风作案""",1,25,2024
"""今天终于服你了""",1,25,2024
"""$新力金融(SH600318)$""",1,25,2024
"""明天直接买九鼎真龙这个不能碰""",1,25,2024
"""远离上坟路""",1,25,2024
"""没捞着，闪人""",1,25,2024
"""追到了山顶，服了""",1,25,2024
"""这是个什么货？无语""",1,25,2024
"""彻底洗洗睡，明天-5开""",1,25,2024
"""真龙九鼎这个是杂毛买了就跌赶紧跑赶紧跑""",1,25,2024
"""……""",1,25,2024
"""一把好牌打个稀烂，蠢庄     掉队就意味着凉凉""",1,25,2024
"""你们都跑吧，我替你们殿后""",1,25,2024
"""主力成本太高，在做t。""",1,25,2024
"""这种形态是不是就叫日内双头""",1,25,2024
"""多空大战，明日何去何从。""",1,25,2024
"""谁在说这个股是主升浪的基本上托无疑""",1,25,2024
"""刚刚上当的不少，明天全埋""",1,25,2024
"""5分钟涨跌榜两边都排第一，资金挣夺惨烈可见！""",1,25,2024
"""收十字星比较好""",1,25,2024
"""一点格局都没有！""",1,25,2024
"""新力金融明日扶摇直上""",1,25,2024
"""大A特色卖公司""",1,25,2024
"""卖公司""",1,25,2024
"""买什么跌什么，我真的服了""",1,25,2024
"""上塘路的票，真不能碰，大盘这么强，走成垃圾""",1,25,2024
"""你特么模墨迹个毛线，没实力就滚，让他跌停""",1,25,2024
"""华金资本都上去了，你还不冲上去？""",1,25,2024
"""最后的逃命机会？""",1,25,2024
"""看到华金拉起来我进来了，不会上当了吧[大哭][大哭][大哭]""",1,25,2024
"""玩个毛做个T.踢了自己百分之四。""",1,25,2024
"""跟风大爷""",1,25,2024
"""拉不上去活靠，明天跌停开""",1,25,2024
"""估计5个点以上，明天又要涨停""",1,25,2024
"""踏空资金拉的，所以明天就没有预期了""",1,25,2024
"""拉尾明天肯定低开砸赶紧卖不能买""",1,25,2024
"""一群空后，害我10块减仓""",1,25,2024
"""华金的跟风""",1,25,2024
"""猴子股""",1,25,2024
"""真怕涨停[哭][哭][哭][哭]""",1,25,2024
"""我也服了早上冲高没卖，卖了160手买了10手回来[捂脸]""",1,25,2024
"""全是小单，别被骗了""",1,25,2024
"""大资金才动手猛拉大金融，国改主线无疑""",1,25,2024
"""不拉怎么出货？""",1,25,2024
"""拉高就是最后跑的机会""",1,25,2024
"""剑桥科技也在拉了""",1,25,2024
"""拉涨停就牛了[看多][呲牙]""",1,25,2024
"""上塘路真的脏""",1,25,2024
"""在秒板了。""",1,25,2024
"""尾盘拉升不是好事""",1,25,2024
"""安微供销社大股东，国有""",1,25,2024
"""一点也不藏着掖着，每天都是这个战法""",1,25,2024
"""好好的龙头做成了跟屁虫上坟路啊上坟路！""",1,25,2024
"""我今天走了。拉尾盘感觉要调整了，祝在里面的兄弟发财""",1,25,2024
"""筹码已卖出，主力可以拉了""",1,25,2024
"""小弟们都红红火火""",1,25,2024
"""转发""",1,25,2024
"""拉尾盘  非奸即盗""",1,25,2024
"""牛逼""",1,25,2024
"""是不是一卖就涨？[旺柴]""",1,25,2024
"""诱多，大家千万不能上当""",1,25,2024
"""这票从底部涨到现在已经翻倍。今天主力出货太明显了，而且很多托，怂恿韭菜接盘买入。""",1,25,2024
"""下午不拉大阳线，9.91买的半仓明日能够安全出去吗？[为什么][为什么][为什么""",1,25,2024
"""强庄，拉升后的回调，回调到一定位置马上有买盘出来又拉回去！此股驻有超级强庄""",1,25,2024
"""别老跟着华金在后面跑，超越他，成为老大[拳头]""",1,25,2024
"""一卖你就拉？？""",1,25,2024
"""我擦，大哥变杂毛了""",1,25,2024
"""华金资本要涨停了""",1,25,2024
"""又被摆了一道，不是昨天低吸就没有利润了""",1,25,2024
"""太狠了，2点还来一波大单砸""",1,25,2024
"""庄完全掌握了筹码，这回想怎么玩就怎么玩""",1,25,2024
"""今天主力出货太明显了，而且很多托，怂恿韭菜接盘买入。今天我也获利出局了，留下的，""",1,25,2024
"""持续高成交量？什么意思""",1,25,2024
"""上坟路出局了吗？""",1,25,2024
"""拉尾明天肯定低开砸赶紧卖不能买""",1,25,2024
"""拉起出货喽""",1,25,2024
"""转发""",1,25,2024
"""还没加仓，怎么就拉升了？""",1,25,2024
"""四百多股在跌你居然在其中""",1,25,2024
"""跑了拉尾盘明天跌停赶紧跑不要买""",1,25,2024
"""太黑了，涨停开启，意大利炮开炮开炮炸死空头[大笑][大笑][上涨][上涨][上涨""",1,25,2024
"""今天主力出货太明显了，而且很多托，怂恿韭菜接盘买入。今天我也获利出局了，留下的，""",1,25,2024
"""无量拉尾盘要死翘翘喽""",1,25,2024
"""我靠割我呢等这么久不啦""",1,25,2024
"""跑了拉尾盘明天跌停赶紧跑不要买""",1,25,2024
"""无量拉伸，""",1,25,2024
"""看见你就生气，都涨就你不涨""",1,25,2024
"""诱多，大家千万别上当""",1,25,2024
"""？？？""",1,25,2024
"""假的，没量""",1,25,2024
"""又要开始发套了""",1,25,2024
"""高手洗盘，前几天吃到了全吐出来。牛啊，老子吃不到肉就不走[大笑][大笑][看多]""",1,25,2024
"""不拉红对不起板块""",1,25,2024
"""拉萨进去还指望涨?当然跌""",1,25,2024
"""预料之中用那句话买不完，根本买不完。周一进的周二割了光大上海三天卖了1.7个小目""",1,25,2024
"""今天出货太明显了，而且很多托，怂恿韭菜接盘买入。今天我也获利出局了，留下的，自求""",1,25,2024
"""彻底废了  跑路""",1,25,2024
"""超跌的都捞起来了，你还躺着吗""",1,25,2024
"""中午说这个要跌停，看来收盘差不多跌停了。主要就是太高了，上塘路真是砸，今天要不是""",1,25,2024
"""怎么会选了你""",1,25,2024
"""这种股票，不管大盘好坏都要跌。""",1,25,2024
"""这行情也能不涨也是没谁了[捂脸]今天接回来是错的""",1,25,2024
"""杂毛就是杂毛[微笑][微笑]""",1,25,2024
"""简直太神奇了！大盘涨上天了，这货居然跌？""",1,25,2024
"""杀的散户嗷嗷叫""",1,25,2024
"""转发""",1,25,2024
"""今天出货太明显了，而且很多托，怂恿韭菜接盘买入。今天我也获利出局了，留下的，自求""",1,25,2024
"""上塘路这废材，以后见到就砸没毛病！什么玩意""",1,25,2024
"""不是你们的塘宝吗""",1,25,2024
"""今天出货太明显了，而且很多托，叫买入。今天我也获利出局了，留下的，自求多福。明天""",1,25,2024
"""这家伙等着大盘跳水带头跳呢，结果大盘不给你机会。""",1,25,2024
"""这gou庄师从太平洋，一个模子出来""",1,25,2024
"""直接清仓。看错方向了。上海板块好玩""",1,25,2024
"""快点下来啊，已经准备好资金抄底了""",1,25,2024
"""今天闭眼赚钱的行情，结果买了它就闭眼亏""",1,25,2024
"""，今天可以拉板选择出货""",1,25,2024
"""又在出货""",1,25,2024
"""快跑啊，上回路又要砸。""",1,25,2024
"""我服了，垃圾""",1,25,2024
"""上塘路真的牛""",1,25,2024
"""今天砸盘的主力，我会永远记住，以后只要看到就跑，再也不见""",1,25,2024
"""今天出货明显，明天跳空低开。只能提醒到这，因为今天也获利卖出了。留下证明，大家自""",1,25,2024
"""输了就认在这叽叽喳喳的干啥？""",1,25,2024
"""还是直觉准[笑哭][笑哭]""",1,25,2024
"""这么强的大盘都带不动的垃圾，无语""",1,25,2024
"""一万亿的市值涨停花了26亿，这个要涨停得花20亿，666""",1,25,2024
"""转发""",1,25,2024
"""以后见到上塘路这垃圾，直接砸就行了。什么""",1,25,2024
"""一天了。。""",1,25,2024
"""上坟路昨天的5000多万应该割完了，明天没什么抛压了，看好明天拉升，14：30后""",1,25,2024
"""今天居然还有散户买这票，想不懂哈""",1,25,2024
"""悲催的一天""",1,25,2024
"""光大卖公司，没人接。""",1,25,2024
"""没见过这么垃圾的""",1,25,2024
"""如果大盘和板块明天回调，这货是不是直接地板？""",1,25,2024
"""今天承接很好,若是能一直保持住,我打算尾盘回补""",1,25,2024
"""这是为什么呀""",1,25,2024
"""怎么可能板早上振幅这么大而且全天等散买""",1,25,2024
"""明天就是核按钮咯""",1,25,2024
"""上塘路真恶心""",1,25,2024
"""明天跌停，明天跌停，明天跌停""",1,25,2024
"""我前天就已经说被九鼎卡位了[大笑][大笑][大笑]""",1,25,2024
"""从月k上看，这是短期内毫无希望的个股！""",1,25,2024
"""今天无了""",1,25,2024
"""哦豁，卖出的万手大单""",1,25,2024
"""你抄底，他抄家""",1,25,2024
"""满仓杀入，收盘涨停""",1,25,2024
"""太好了这就是跟风腊几的表现""",1,25,2024
"""上塘被闷杀""",1,25,2024
"""我的天啊！好在跑得快，赚点烟钱好像刀口舔血""",1,25,2024
"""$新力金融(SH600318)$""",1,25,2024
"""不是我亏不起特么整个大盘都在涨板块梯队上涨7.8个涨停就你一个人在大跌…主力格局""",1,25,2024
"""尾盘要加速了[看空][看空][看空][看空][看空][看空][看空][看空]""",1,25,2024
"""3天卖了2个多亿的，鬼知道还有多少筹码要卖，必跌无疑没有人敢接盘""",1,25,2024
"""漂亮""",1,25,2024
"""糖宝独立打造，你值得拥有""",1,25,2024
"""上塘买的股真的不能碰""",1,25,2024
"""哎呀来了来了，这个大跌了，舒服了，不把我按在跌停板上，我很不舒服诶，就是这么贱，""",1,25,2024
"""……""",1,25,2024
"""快跑""",1,25,2024
"""转发""",1,25,2024
"""游资调仓溜了""",1,25,2024
"""好像要跳水的样子！""",1,25,2024
"""今天绿的最多的垃圾股，实力没有，一日游股""",1,25,2024
"""今日大洗盘，突破日线短期新高就好，日线趋势在，人气在，郭嘉队拉盘也是拉金融。""",1,25,2024
"""明天全部活埋，一个都跑不了""",1,25,2024
"""太坑了，不配有这人气""",1,25,2024
"""可能马上要拉红了，卖了，太累，时间成本太高，流动性太强，没有持股逻辑。""",1,25,2024
"""不会还有人觉得这个今天会涨吧，，""",1,25,2024
"""2.30大单往下砸，今天进的，明天全部割肉""",1,25,2024
"""龙虎榜肯定有上塘路""",1,25,2024
"""走不走""",1,25,2024
"""上塘路，！走了""",1,25,2024
"""都撤吧，跌停我来承担[赞]""",1,25,2024
"""去查查游资上塘路的名号，你们还不跑还敢买？明天大面！""",1,25,2024
"""这是几个在玩吧！""",1,25,2024
"""给我拉高涨停""",1,25,2024
"""兄弟们，你们都跑吧，我还没有见过跌停是撒感觉，让我感受一下啊，我很贱的[哈欠][""",1,25,2024
"""转发""",1,25,2024
"""平准基金的利好没落地，按说做为最先发起攻击的金融股不该是这个德行！""",1,25,2024
"""赶快跑，昨天进来了该出去了""",1,25,2024
"""都害怕上塘[捂脸]""",1,25,2024
"""【1.25】看看还有没有9.4的机会吧""",1,25,2024
"""开启砸盘模式""",1,25,2024
"""今天市场情绪和量能都不错,没有理由会缺少大金融""",1,25,2024
"""别装了，下来吧，明日跌停开""",1,25,2024
"""大单都没一个，还想涨，做梦啊""",1,25,2024
"""出货行情，谁买谁给游资接盘""",1,25,2024
"""光大卖公司咯，谁敢接啊。""",1,25,2024
"""其他不想说，就想问22亿的量都被韭菜接了么？""",1,25,2024
"""这么高的换手率主力T的很爽，明天不是大涨就是大跌，各一半概率，后期还会拉几个涨停""",1,25,2024
"""龙头是你吗""",1,25,2024
"""今天承接到位了,尾盘糖宝来个回首掏气死那些砸盘出局的资金,这票历史股性活跃,适合""",1,25,2024
"""应该是之前的柚子也跑了""",1,25,2024
"""家人们为何刚割肉又来高位接盘，留点过年吧""",1,25,2024
"""明天跌停""",1,25,2024
"""卖不完根本就卖不完""",1,25,2024
"""昨天有糖宝来拉，今天糖宝一走，没有大佬来了，全是家人们""",1,25,2024
"""看到没，只要我老毒物买入，成为板块倒数第一那是分分钟的事儿，你们就坐等午后收-5""",1,25,2024
"""两点半的上塘路""",1,25,2024
"""算是废了，金融起飞，新力垫底。本来我还打算接回来做个T，看这样子算了。不要和股票""",1,25,2024
"""卖不完！根本卖不完！[笑哭]""",1,25,2024
"""这个股什么鬼，我来接盘，你们都跑啊""",1,25,2024
"""这颗是不是黄昏之星呢？明天验证""",1,25,2024
"""这个人气排名？""",1,25,2024
"""大盘2点你还不涨的""",1,25,2024
"""$新力金融(SH600318)$""",1,25,2024
"""走了，买央企""",1,25,2024
"""转发""",1,25,2024
"""卖掉了延华智能买了你这货。亏死了""",1,25,2024
"""没人看得上也没办法，摆烂了""",1,25,2024
"""割的家人们嗷嗷叫""",1,25,2024
"""这个拉几大盘好的时候它是不可能涨""",1,25,2024
"""转发""",1,25,2024
"""主力在玩量化交易吗？""",1,25,2024
"""今天新力如果能完成回首掏,将会正式开启2波,明天弱转强成为互联金融的龙头,放量市""",1,25,2024
"""今天进来的小散，可以站几年岗了""",1,25,2024
"""萃华都要板了，三选一失败""",1,25,2024
"""被淘汰了""",1,25,2024
"""垃圾""",1,25,2024
"""转发""",1,25,2024
"""怪自己，买之前没看人气，捅了散户窝了""",1,25,2024
"""又得跑路了""",1,25,2024
"""我在9.28等你""",1,25,2024
"""好在跑得快！垃圾始终是垃圾，差点把我套住！一头冷汗""",1,25,2024
"""板块全部都是大涨！""",1,25,2024
"""卖不完根本卖不完""",1,25,2024
"""洗洗睡""",1,25,2024
"""转发""",1,25,2024
"""赶紧跑吧各位上塘路这毛喜欢砸尾盘""",1,25,2024
"""大盘和板块上天了，它走成这样。。为什么还有人会期待顶板？[捂脸][捂脸][捂脸]""",1,25,2024
"""前有大股东不断清仓式减持，后有上塘路亏损砸盘。估计今天没人敢进来接力，但是辨识度""",1,25,2024
"""这么废，昨天就不该拉起来啊，上坟路也真是的，昨天为啥非要打板拉起来呢？""",1,25,2024
"""明天地板""",1,25,2024
"""融资融券卖出""",1,25,2024
"""这票散户承接那么牛皮的么""",1,25,2024
"""今天不卖明天等着挨打[大笑]""",1,25,2024
"""今天开盘就不及预期，我还格局，第一波冲高没有走！垃圾，我！""",1,25,2024
"""狗啊狗""",1,25,2024
"""大盘暴涨，这大跌。垃圾上塘路果然""",1,25,2024
"""看不懂""",1,25,2024
"""[怒]大势已去""",1,25,2024
"""离场观望，下周低点择机再次入场[看空][看空][看空][看空][看空][看空]""",1,25,2024
"""这么大换手？""",1,25,2024
"""这出货图形，标准""",1,25,2024
"""真牛，3000点了你都不拉，走了""",1,25,2024
"""行情这么炸裂，互金龙头不敢高举高打也是笑话，还绿油油的。上塘路不过如此。""",1,25,2024
"""明天大盘退朝，家人们又要在地板哇哇叫了""",1,25,2024
"""印证了美佬那句话：我都不知道哪来那么多卖盘[大笑]""",1,25,2024
"""这个真S子！""",1,25,2024
"""天杀的啊这是什么垃圾龙头被精神折磨了一天主力你翻倍会死啊""",1,25,2024
"""借大盘好出货，明天完了""",1,25,2024
"""手里几只全部绿的，服了[怒]""",1,25,2024
"""上塘路走完了吧""",1,25,2024
"""这股有脏东西""",1,25,2024
"""这TM是在卖公司吗，这么好的行情在这玩命的出货！""",1,25,2024
"""今天肯定会大幅拉高的上坟路必须拉高出货的""",1,25,2024
"""今天趁势拉涨停多棒，明天出货容易的多""",1,25,2024
"""看来今天收盘要收十字星了""",1,25,2024
"""好像是庄股。谁也别想在我的地盘上弄涨跌。我说涨才能涨，我说跌就必须跌。""",1,25,2024
"""今天可能要跌停了~""",1,25,2024
"""金融=新力金融""",1,25,2024
"""今天为数不多的亏钱票""",1,25,2024
"""主要是上坟路在砸""",1,25,2024
"""[抱拳]""",1,25,2024
"""今天涨不起来，就得走了。留下的发财。""",1,25,2024
"""今天天时地利人和都占齐了，都无法大涨的话，只能撤退去玩中字头了！赚了一点烟钱，我""",1,25,2024
"""踏马的，居然是个垫底货""",1,25,2024
"""拉萨多了没好事""",1,25,2024
"""珍爱生命远离上坟路""",1,25,2024
"""新力金融10元可以买进吗[握手][财神]""",1,25,2024
"""真的弱，昨天人气最高第二名，前10你是唯一跌的今天！""",1,25,2024
"""什么玩意，别的都在涨，你这么跌。不是""",1,25,2024
"""大盘板块这么好了真他么""",1,25,2024
"""大盘这么好、这股还跌、没救了""",1,25,2024
"""这个光大证券一直在里面砸盘，估计上塘路也顶不住""",1,25,2024
"""按在跌停板上别动了好不好""",1,25,2024
"""国家金融监督管理总局：将继续引导、支持银行机构加大信贷投放第一财经35分钟前4评论央行宣布降准，如何快速布局？国家金融监督管理总""",1,25,2024
"""他现在没有大跌完全是因为大盘撑着，只要我老毒物在，别想涨[呲牙][呲牙]""",1,25,2024
"""今天哪来这么多卖单，是不是有人违规减持了[滴汗]""",1,25,2024
"""下午证券又回来了，得重视你了""",1,25,2024
"""30换手开始拉升""",1,25,2024
"""真弱！""",1,25,2024
"""不要怕，股权质押70%，老庄如果这行情跌，肯定把操盘手炒了，最多震荡，收盘绿的概""",1,25,2024
"""转发""",1,25,2024
"""转发""",1,25,2024
"""换手到30拉到涨停40几""",1,25,2024
"""算了，还是去上海板块和字头，太弱了""",1,25,2024
"""你也是国企！！大金融的国企！！人气都上到第二了！！必须上！虽然主力走了一个多亿，""",1,25,2024
"""今天涨停的几率为0.001""",1,25,2024
"""今天出货了""",1,25,2024
"""要骗炮了""",1,25,2024
"""庄股无疑""",1,25,2024
"""没耐心，拿不住[偷笑]""",1,25,2024
"""……""",1,25,2024
"""这是有多好的运气大盘都疯了""",1,25,2024
"""最近上头了，现在细看这货走势，很像庄股，进坑了""",1,25,2024
"""10.68一路发，10路发""",1,25,2024
"""利好大涨，子弹打满！！""",1,25,2024
"""今天缩量调整我就不走，反之放量不涨停我就离开""",1,25,2024
"""这个行情结束了，晚盘龙虎榜拉萨霸榜[下跌][下跌][下跌][下跌][下跌][下跌""",1,25,2024
"""快跑哦""",1,25,2024
"""共500家下跌，也有你""",1,25,2024
"""完，就算拉起来明天也是大低开""",1,25,2024
"""一个劲的出啊，最可气的是还得骗着出""",1,25,2024
"""全仓打板了华鑫，已经没资金了，你这过期若是能顶住分歧去合力拉板，我把2个肾卖了支""",1,25,2024
"""下午我拉涨停板了""",1,25,2024
"""等9块。""",1,25,2024
"""10.65卖出底仓，9.97再次低吸，""",1,25,2024
"""你要向长虹学习，人家才牛。""",1,25,2024
"""不到四个涨停就完成出货了，这个位置不算太高啊本以为是龙，没想到是条虫""",1,25,2024
"""大家不要怪我啊，我一买就开始跌了，买了200股！不好意思啊大家！[哭][哭]""",1,25,2024
"""预约尾盘跌停明天地板[大笑]""",1,25,2024
"""新力金融午盘走势拆解！""",1,25,2024
"""相信你是龙头。信仰。""",1,25,2024
"""换手率不错下午创新高奔涨停！""",1,25,2024
"""从上塘情绪操作的银宝山新，日久光电，智微智能来看，""",1,25,2024
"""底部筹码快没有了！""",1,25,2024
"""预测收盘下跌六点几个点""",1,25,2024
"""今天进来的都惨了，明天少亏点跑吧""",1,25,2024
"""外面都在捡钱了""",1,25,2024
"""低于预期，红盘下车""",1,25,2024
"""唉没了""",1,25,2024
"""这货还有机会冲板吗？""",1,25,2024
"""几路游资都在出货""",1,25,2024
"""这换手率也太大了吧，几天时间把公司卖了好几遍，这不得比谁跑得比较快？""",1,25,2024
"""我今天才买的不会不带我玩吧""",1,25,2024
"""热度越高，说明收盘跌得越多""",1,25,2024
"""量能放太大，跟板块完全反向走势""",1,25,2024
"""买了杂毛了""",1,25,2024
"""上坟路果然名不虚传，幸亏早盘开盘挂低于开盘价一毛跑了""",1,25,2024
"""【603107上海汽配是辨识度最高最具弹性的上海本地国资汽配标的】未来可期！！！""",1,25,2024
"""最低9.78收盘10.10这控盘牛啊""",1,25,2024
"""空头无限，""",1,25,2024
"""出货分时""",1,25,2024
"""为什么人气这么高""",1,25,2024
"""昨天一群两个月了托，就知道今天不理想""",1,25,2024
"""$新力金融(SH600318)$""",1,25,2024
"""这个票成交量太大成不了妖，没什么大涨预期！""",1,25,2024
"""总共下跌160有你""",1,25,2024
"""遇到砸盘王""",1,25,2024
"""玛德，买什么亏什么。""",1,25,2024
"""明天不会那么好命让你跑路的，今天板块太牛逼了""",1,25,2024
"""下午希望拉到地板，全市场最靓的仔才行，绿绿更健康。""",1,25,2024
"""龙头变拉吸。""",1,25,2024
"""昨天的龙虎榜，今天有散户敢买？""",1,25,2024
"""提前挂单平盘出来了，虽然看好它的未来，但不知道主力是否要调整一段时间再拉升还是什""",1,25,2024
"""被人抛弃的股注定是垃圾""",1,25,2024
"""这两天大盘这么好，走势这么磨叽。马上回踩，他不得率先调整啊。主力这几天天天猛出货""",1,25,2024
"""承接很好，一帮猪""",1,25,2024
"""今天行情这么好，赶紧上，上，上。""",1,25,2024
"""这么垃圾的走势，那么高人气""",1,25,2024
"""哎，做票自己去多思考，而不是听别人的""",1,25,2024
"""为什么股吧里有那个多唱空的？这就是亏钱散户的惯性思维！涨了都说怎么怎么好，弱了就""",1,25,2024
"""买不完根部买不完""",1,25,2024
"""推荐""",1,25,2024
"""这个谷的空投确实厉害。""",1,25,2024
"""上塘路在里面难受啊，活该！""",1,25,2024
"""这个已经没戏了……都去九鼎助力吧……龙头带大家一起飞""",1,25,2024
"""这个股废了废了，明天赶紧跑""",1,25,2024
"""明天谁去接你？""",1,25,2024
"""换手28了，空军还有筹码扔吗""",1,25,2024
"""红了就出货？谁敢来阿""",1,25,2024
"""我真牛批，大盘都涨成那样子了，我在这个股里面傲游。""",1,25,2024
"""上塘路是情绪王，很敏感，风格狠辣，不拖泥带水，这货今天砸不下来，可能要低吸补仓了""",1,25,2024
"""新力金融今天应该散户营来了""",1,25,2024
"""还得是玩活跃股""",1,25,2024
"""快跑[笑哭]""",1,25,2024
"""已经没有资金进来了，溜吧""",1,25,2024
"""新力主升浪进行中~~~~~~~~韭菜们还不自知""",1,25,2024
"""完蛋了""",1,25,2024
"""一直在出货""",1,25,2024
"""不把上塘洗没不会拉的""",1,25,2024
"""板块6只涨停，新力金融却低开。短线资金只能抢跑，竞价有老庄在恶意为之，连续多少竞""",1,25,2024
"""这上蹿下跳的好玩""",1,25,2024
"""为什么这么垃圾？大盘好，金融好，拉不起来你这摊烂泥。割了，删自选""",1,25,2024
"""又是坑""",1,25,2024
"""果然上坟路""",1,25,2024
"""不过说实话，很可惜！这个股票在这么好的环境下被上塘路给砸没了""",1,25,2024
"""别说上塘老师没给你们机会走，是你们自己贪心。能怪谁。亏了也活该""",1,25,2024
"""这个股吧奇怪了？应该是被庄控了，全是唱多的骗人接盘的，股民发的都被限流屏蔽了，危""",1,25,2024
"""今天看龙虎榜，谁这么坏""",1,25,2024
"""买了一万块钱，看来要亏一千了""",1,25,2024
"""能不能拉起来""",1,25,2024
"""这行情今天亏钱，郁闷！！！""",1,25,2024
"""这情况不要抱有侥幸心理了，就算封板。明天你也要想想今天狠不狠""",1,25,2024
"""起来吧""",1,25,2024
"""转发""",1,25,2024
"""10.5元清仓卖出新力锁定利润！满仓买进深中华A博首阴龙头行情吃大肉！！""",1,25,2024
"""霉运当头，不知道怎么玩了。买啥啥绿，真的""",1,25,2024
"""真是服了，，要是割肉，红了又没忍住又进来了。。。。。被割2次""",1,25,2024
"""买了个不争气的""",1,25,2024
"""新力彻底熄火，九鼎为王。""",1,25,2024
"""大盘红成这样我却重仓了你这么个臭东西[怒]""",1,25,2024
"""上塘路就不是什么好鸟""",1,25,2024
"""点背到极点了，下跌有我，他M反弹也亏！""",1,25,2024
"""下午跌停""",1,25,2024
"""明天肯定跌停啊，多大的量""",1,25,2024
"""下午跌停，还好我冲高跑了""",1,25,2024
"""这是走的什么走势，没有""",1,25,2024
"""去资金去弱留强，竞价就被淘汰了。""",1,25,2024
"""我了吗？今天竟然买了你""",1,25,2024
"""板块大涨，想不到买了个最差劲的。""",1,25,2024
"""这是卖公司吗？""",1,25,2024
"""大盘弱势看金融，大盘强势看分支主线，算是试错也得个教训，不亏，后续大盘应该会强势""",1,25,2024
"""上塘路六千万，光大应该还有底仓两千万，拉萨加上昨天的平安证券四千万，共计一亿两千""",1,25,2024
"""快点跌，别磨叽，虚头巴脑""",1,25,2024
"""早上一进来就被套了[大哭]""",1,25,2024
"""上塘路冲高跑了，剩下一地鸡毛的韭菜""",1,25,2024
"""无语""",1,25,2024
"""转发""",1,25,2024
"""今天回踩均线都是好的买点，不要不懂装懂""",1,25,2024
"""马上再飞起来""",1,25,2024
"""走了，上塘路已经砸完了""",1,25,2024
"""太明显了，就是出货，还一个劲进。小白都看得出来""",1,25,2024
"""没时间看盘，错过卖的机会了[捂脸]""",1,25,2024
"""真是服了，我一买就跌，哈哈，大盘这么涨我都能买到跌停票~""",1,25,2024
"""11:00开拉，一根直线到板""",1,25,2024
"""上塘路这坑人""",1,25,2024
"""这么大的换手，这么多卖盘，股价砸不下来，这承接也太强了""",1,25,2024
"""上坟路，看到你怕了，上次进万方被你砸亏了我18个点，这次又跟你同一只股，以后我看""",1,25,2024
"""大金融其他票都不用看，只看新力金融就行。""",1,25,2024
"""费了，要吃十几点的大面""",1,25,2024
"""9.88买点等涨，""",1,25,2024
"""求求啦，来个跌停吧，让我进一下。""",1,25,2024
"""全在涨，就你再跌""",1,25,2024
"""上套了""",1,25,2024
"""已经玩坏了，上塘路不来还有其他柚子来，上塘路一来直接砸没了。""",1,25,2024
"""上塘路就是废""",1,25,2024
"""运气也很重要""",1,25,2024
"""不要担心。洗洗很正常，上坟路不格局也没办法""",1,25,2024
"""肉眼可见的没量了金融结束了""",1,25,2024
"""50亿市值涨一点比别人100亿200亿的困难十倍""",1,25,2024
"""看不懂""",1,25,2024
"""我很好奇这个票流通市值也不算很大为啥每天成交额那么大，而且换手也大的离谱""",1,25,2024
"""起爆就在眼前~~~~拿住了别被洗出去""",1,25,2024
"""买买买""",1,25,2024
"""放天量就为了板块垫底？""",1,25,2024
"""上塘路就是废材""",1,25,2024
"""以后不要说塘宝，什么情绪大师上坟路是他最好的称呼""",1,25,2024
"""这什么鬼？这么小的市值，这么大的交易金额！""",1,25,2024
"""这货板块倒数第一[晕][晕][晕]""",1,25,2024
"""好的买不到，买到都是坑""",1,25,2024
"""25%的换手，大部分还是散户接盘了""",1,25,2024
"""你们完了，我10.1进了，这个月亏了35个点""",1,25,2024
"""上塘路真是个苟""",1,25,2024
"""四千多家上涨，我买的股都是绿的，不管大盘涨还是跌我买的股始终都是绿的""",1,25,2024
"""什么情况""",1,25,2024
"""大盘涨50个了，就这表现，GG了""",1,25,2024
"""上土文路的票""",1,25,2024
"""转发""",1,25,2024
"""赚十个点够了……这个股没戏了""",1,25,2024
"""才涨这么几个点就出货?""",1,25,2024
"""真的服了，天天亏，买啥啥跌""",1,25,2024
"""今天肯定还有红的机会，别急着出""",1,25,2024
"""以为是大哥的大腿；没想到又是无影脚；还是香港味的；[让我看看]""",1,25,2024
"""拉红卖是对的大跌加仓也是对的""",1,25,2024
"""今天没有走加速快速上版就废了，今天可不能放量，放量就是出货，对的点个赞""",1,25,2024
"""为啥不走[哭][哭][哭]""",1,25,2024
"""又套一批""",1,25,2024
"""有进有出，人生百态""",1,25,2024
"""对不起大家，因为我买了，连累大家了~""",1,25,2024
"""上坟路果然厉害""",1,25,2024
"""感谢主力。10个点到手""",1,25,2024
"""[呲牙]早上加仓做多期指，没看新力，红三没卖，负2出了。""",1,25,2024
"""1048的本，手真欠，昨天朋友让我买，我还说不碰想买金融，靠""",1,25,2024
"""很多连板票，都是小散助推上去的。""",1,25,2024
"""看不懂这支人家不涨你涨，人家涨你跌。""",1,25,2024
"""换票中航产融""",1,25,2024
"""就算今天翻红，明天一样开深水。竞价已出，留下的发财[再见]现在的主力是边拉边出货""",1,25,2024
"""再见了""",1,25,2024
"""那个三不知军师给出的主意呢？本来最近三天有望轻松三连板，打出市场最强辨识度，这样""",1,25,2024
"""我都服了，。绿了卖，。红了又买，我真是""",1,25,2024
"""看不懂了，走了！弱势了""",1,25,2024
"""无语啊""",1,25,2024
"""老庄出货，上塘砸盘，哎，真难，已经是后排跟风的了，见好就收""",1,25,2024
"""大家不要慌，老人和孩子先走""",1,25,2024
"""没注意看龙虎榜，又跟上坟路相遇了，这个，这个月相遇四次了，每次都是大亏[怒]""",1,25,2024
"""出货了，快跑啊""",1,25,2024
"""上塘路在出货""",1,25,2024
"""换手这么高还有进去的也是钱多""",1,25,2024
"""唉，今天又买个垃圾股""",1,25,2024
"""人气上来了，主力却不愿做多""",1,25,2024
"""这是上塘路最喜欢的操作，高位出货，接不住的""",1,25,2024
"""笑话，我老毒物买入的票，还想涨？全都是骗炮！套人！看到我在，别进场就对了！""",1,25,2024
"""最先启动的，最早结束的，什么玩意""",1,25,2024
"""这个股就是散户太多了，主力在最热的时候选择出货[滴汗][滴汗]""",1,25,2024
"""从技术角度看，这玩意儿今明必须涨停！！""",1,25,2024
"""没戏了""",1,25,2024
"""踏马的割肉华鑫股份血亏15个点""",1,25,2024
"""上塘路砸尾盘各位，小心一点""",1,25,2024
"""留下没有格局的眼泪[微笑][微笑][微笑]""",1,25,2024
"""最高点10.68.溜吧懂了吗。""",1,25,2024
"""明天等着跌停吧""",1,25,2024
"""紧紧抓住国有控股的票，看出近阶段上涨的票了么，国企的票先上，民企的票暂时筑底""",1,25,2024
"""天天放大量不行吧，确定跟风，跑""",1,25,2024
"""明明可以走2波，却在这浪费行情""",1,25,2024
"""那个姓王的，姓吴的。前几个月股价没怎么涨都在减持。这时候还不得清仓？还有那个光大""",1,25,2024
"""新主力想拉，让里面的老庄给砸了""",1,25,2024
"""我都说了不跑的等着被套""",1,25,2024
"""转发""",1,25,2024
"""华鑫板了，首创也快板了你怕毛线啊，赶紧跟上啊""",1,25,2024
"""跟风股没必要留现在最强的是国企改革""",1,25,2024
"""出去了，谢谢•₃•老板。""",1,25,2024
"""还在卖的赚钱走了，哪知后面还有大肉""",1,25,2024
"""都不知道哪里来的抛压""",1,25,2024
"""卖飞[滴汗][滴汗]""",1,25,2024
"""换手龙""",1,25,2024
"""3个点先行撤退，今天的市场败笔：好票全部一字板！其他人根本没啥参与机会，导致这市""",1,25,2024
"""啥都不用说，金融王者一目了然。""",1,25,2024
"""好好的票搞成这样""",1,25,2024
"""猛砸""",1,25,2024
"""还不跑路的必备套""",1,25,2024
"""上分路砸盘""",1,25,2024
"""快跑 废了""",1,25,2024
"""这个票像极了大SB，有热度有人气，就是每次都犯病，天天那么大的换手，玩，还好""",1,25,2024
"""[看多][看多][看多]""",1,25,2024
"""红盘赶紧跑，砸死上塘""",1,25,2024
"""要涨停了，赶紧抄底买入""",1,25,2024
"""10.5元全部清仓卖出锁定利润，祝留下的小韭菜们继续发财！！""",1,25,2024
"""启动就7元，现在10元而已新力金融稀缺资源应该翻倍""",1,25,2024
"""卖飞了，唉""",1,25,2024
"""金融还有冲高的动力回调买冲高卖，9.8已买""",1,25,2024
"""中字头板块个股涨幅遥遥领先！""",1,25,2024
"""跑的抓紧啊，一会好拉""",1,25,2024
"""这么吃力""",1,25,2024
"""昨天进的两路拉萨赶紧撤，不然等下跌停跑不了""",1,25,2024
"""卖了！太弱""",1,25,2024
"""盘后大利好，今天猛猛干！！""",1,25,2024
"""上坟路真牛逼，板块前面的都飞起，这个老龙头竞价却被砸的飞起""",1,25,2024
"""这票得看家人们合不合力干了""",1,25,2024
"""赶紧去封板""",1,25,2024
"""运筹帷幄千里之外！""",1,25,2024
"""九块九九上车，好东西布灵布灵""",1,25,2024
"""上塘路的票还真不能轻易碰""",1,25,2024
"""转发""",1,25,2024
"""这么有辨识度的，居然成为后排了""",1,25,2024
"""竞价不及预期，一字板建元龙一，九鼎龙二，均是3板，后排很多二板都卡位了，等回调再""",1,25,2024
"""我从糖宝砸不死的票就是好票，""",1,25,2024
"""不许涨！给我跌！""",1,25,2024
"""太磨叽了，人家都早涨停了""",1,25,2024
"""能翻倍有人信不""",1,25,2024
"""开盘跌的时候量非常大！除非有大资金再次入场不然悬了！""",1,25,2024
"""机构重仓的票，永远有出不完的货，看看九鼎就知道了""",1,25,2024
"""精神涨起来加油[赞][赞][赞]""",1,25,2024
"""好股被搞废了""",1,25,2024
"""说上塘路是情绪大事太抬举他了，你有这么大资金你也是情绪大师，无非就是个隔日套现的""",1,25,2024
"""咱也不知道上分路到底图啥，拉起来再砸不好吗""",1,25,2024
"""我9.82买了三千股，我想赚两千块，可以吗？""",1,25,2024
"""人的名树的影，上塘路的名声已经臭成这样了。。。""",1,25,2024
"""上坟路坏事做多了怕被砸，它重仓新力与华控，为了自救，集合竞价撤兵新力，把兵力全部""",1,25,2024
"""不要着急很快就会涨停""",1,25,2024
"""T王全在这里！没意思，去龙韵了""",1,25,2024
"""连续几天出货都没出完，肯定是减持了""",1,25,2024
"""奈奈得不是上塘路砸，难道光大要清仓减持？""",1,25,2024
"""每次都是上塘路新""",1,25,2024
"""你不是逆指数的啊，拉啊""",1,25,2024
"""我从糖宝别让我后悔啊，""",1,25,2024
"""转发""",1,25,2024
"""上塘路名不虚传啊""",1,25,2024
"""不要有点幻想，这个高位放量的票，就是套利，上塘路绝对砸的，你不砸就被他砸""",1,25,2024
"""上塘路！""",1,25,2024
"""转发""",1,25,2024
"""上塘路果然如此""",1,25,2024
"""竞价就低于预期了""",1,25,2024
"""情绪大师来了？？？  管我屁事  老子没情绪""",1,25,2024
"""如果今天有一只C字头临停，只有C腾达最有可能，另外两只价格太高，涨点就快100了""",1,25,2024
"""记住我说的，见一次砸一次""",1,25,2024
"""砸的就是上塘路""",1,25,2024
"""9.95进场一点点仓位，不要进多，一层仓进场，稳一点，不需要进太多""",1,25,2024
"""上塘路名声越做越臭啊""",1,25,2024
"""期望越大失望越大，做不起来的，这货""",1,25,2024
"""板块倒数第一""",1,25,2024
"""新力J融继续低吸高抛做T,天晟新材打个底仓先.""",1,25,2024
"""垫底""",1,25,2024
"""这不低吸等什么？""",1,25,2024
"""今年春运期间，各航空公司新增国际定期航班及加班包机安排超过2500班""",1,25,2024
"""来个涨停吧""",1,25,2024
"""打爆上分录啊。""",1,25,2024
"""看跌的人呢""",1,25,2024
"""1月25日盘前策略：开始积极做多！""",1,25,2024
"""多谢小猪力，一个点券也是钱""",1,25,2024
"""上坟路名不虚传""",1,25,2024
"""太弱了，没戏""",1,25,2024
"""第1次见不为赚钱只为砸盘的游资，真的是什么都不管，开盘就砸，亏钱砸，水下砸""",1,25,2024
"""还得红。我说的接着涨停板""",1,25,2024
"""你们的糖宝开始砸盘了""",1,25,2024
"""[捂脸]怎么大的容量，妖股，做多19目标价。""",1,25,2024
"""家人们，跑真快啊！""",1,25,2024
"""上塘砸不死的都封神""",1,25,2024
"""兄弟们开始抢跑啦""",1,25,2024
"""开盘即使最高点走了""",1,25,2024
"""春节假期国际航线要“加班” 出境游攻略提前了解""",1,25,2024
"""别被洗出去了，今天先看看大盘，大盘还得指金融""",1,25,2024
"""拉萨果然厉害哈哈""",1,25,2024
"""今天封死跌停""",1,25,2024
"""就你最弱""",1,25,2024
"""的上坟路，竞价砸盘""",1,25,2024
"""一点议价都不给啊""",1,25,2024
"""真垃圾啊低开""",1,25,2024
"""这样子竞价，我走还不行[摊手]""",1,25,2024
"""飞舞杂毛而已，平开都不一定有""",1,25,2024
"""转发""",1,25,2024
"""新力有机会吗""",1,25,2024
"""是龙头是套利今天见分晓！""",1,25,2024
"""先来4个板，年报预告再助攻一波。""",1,25,2024
"""顶板了，贷款干""",1,25,2024
"""新力金融""",1,25,2024
"""新力金融，华金资本，香溢融通，多元金融三剑客，今天谁开一字？华鑫证券，光大证券，""",1,25,2024
"""目送上塘路""",1,25,2024
"""人气太高不一定是好事情，连板票都是偷偷摸摸起来的，只有套利票才会打造高人气，这样""",1,25,2024
"""今天星期四1月25日，最具爆发潜力的四大板块和龙头个股，值得收藏！1.上海自贸区""",1,25,2024
"""昨日盘后，降息降准双重利好，今日大盘有望高开高走，昨天主要上涨方向是大金融和权重""",1,25,2024
"""1月25日早盘预案（有个方向要注意！）""",1,25,2024
"""转发""",1,25,2024
"""糖宝一股独大买进吃独食！今天大概率诱多出货套小韭菜们！！""",1,25,2024
"""大金融核心龙头，救市第一龙头！千万不能倒！""",1,25,2024
"""还有八个板""",1,25,2024
"""早评：哈森股份、首创证券、九鼎投资、新力金融、中视传媒、建元信托""",1,25,2024
"""说说证券""",1,25,2024
"""今天看好什么方向""",1,25,2024
"""人气第一名了，要发套了。""",1,25,2024
"""1月25日股市排雷：""",1,25,2024
"""缩量高开t字板，3板后再次换手40%，继续冲，坐稳扶好""",1,25,2024
"""【底部形成有待撼实                     主流亟需持续强化】""",1,25,2024
"""大家早上好，今天是1月25日，我是谭头！""",1,25,2024
"""今天危险了，大热必死，已经挂了跌停价出""",1,25,2024
"""上塘路号称上坟路，善于第二天开盘砸盘""",1,25,2024
"""浦东新区综合改革（上海板块）+国企市值管理考核（中字头板块）+金融强国（金融板块""",1,25,2024
"""这个人气是不是太夸张了？""",1,25,2024
"""600318今天有机会进吗""",1,25,2024
"""今天很关键了""",1,25,2024
"""谁会是泛金融中日内最具有性价比的？华鑫股份？新力金融？华金资本？""",1,25,2024
"""新力金融：融资净买入919.66万元，融资余额3.03亿元（01-24）""",1,25,2024
"""转发""",1,25,2024
"""感觉2024年可以搞个大波波，鼓励一下各位道友。""",1,25,2024
"""早上好，谢谢分析""",1,25,2024
"""转发""",1,25,2024
"""1月25日今日有望登上首板的这些牛股！！早上好，亲爱的粉丝股友们！今天又是开启新""",1,25,2024
"""转发""",1,25,2024
"""原来这个股的庄是淮海中路那个""",1,25,2024
"""上坟路进场！！大家一定要高抛！！！！！尤其尾盘封板的上坟路绝大多数一日游！！！看""",1,25,2024
"""$中邮科技。上海本地物流设备，浦东新区，央企改革。st金山央企改革,摘帽，光伏制""",1,25,2024
"""转发""",1,25,2024
"""0125早盘策略：哈森股份，金证股份，深华发，开开实业，特发信息谁将成为主角""",1,25,2024
"""老乡别走，重点关注两个方向，ai+金融！新力金融 大智慧 九鼎投资 华鑫股份""",1,25,2024
"""哪有龙头的样子""",1,25,2024
"""1.25早评：上行开始了，上海易连，天天实业，丰山集团，首创涨停，华鼎股份，华金资本，新力金融之策略！""",1,25,2024
"""1.25盘前：苦尽甘来！上海沪工，深赛格，日久光电，西陇科学""",1,25,2024
"""1.25早评：堪比小甜甜深V，让你欲罢不能！特发信息还有机会吗？中粮资本，浪潮信息，万兴科技预案！""",1,25,2024
"""1.25早评：新力金融，特发信息，九鼎投资，高新发展，浪潮信息，歌尔股份，信达证券""",1,25,2024
"""大幅高开高走！""",1,25,2024
"""人气很足可是筹码峰断成这样希望一字有人来接吧""",1,25,2024
"""逻辑""",1,25,2024
"""上坟路，明天砸死他""",1,25,2024
"""券商板块核心炒作逻辑！希望对你操作券商板块有帮助！""",1,25,2024
"""金证的首板不是走券商板块逻辑，但二板大概率走得是券商板块逻辑！""",1,25,2024
"""有点意思了新力兄，有个性，先给主力点个赞再来闲聊。大盘涨，指数涨，超跌板块轮动。""",1,25,2024
"""明天可能有点难，不是我看得准，是因为我买啥，啥跌""",1,25,2024
"""券商板块尤其适用城门立木战法！券商板块打二板！券服板块打首板！这是我个人的操作习""",1,25,2024
"""新力金融作为大金融核心抱团标的，剑桥科技Cpo板块近期核心龙头，两者都是大容量大""",1,25,2024
"""章盟主、养家已经出手，呼家楼、小鳄鱼、湖里大道还在等什么""",1,25,2024
"""高手就是这么朴实无华""",1,25,2024
"""明天不加速凉凉""",1,25,2024
"""已经隔夜挂涨停加仓。希望能买到""",1,25,2024
"""会成妖吗？""",1,25,2024
"""20240124晚间复盘——盘后利好，追否？""",1,25,2024
"""1.25早盘量化策略；浙江正特，新力金融，华金资本，哈尔斯，永艺股份，国盛金控""",1,25,2024
"""水下进了两百个，明天能吃肉吗""",1,24,2024
"""唐宝捂一下""",1,24,2024
"""大A股的底在何方？深不可测OR旱地拔葱""",1,24,2024
"""今天糖宝糖宝，明天上分上分""",1,24,2024
"""周四沪深两市又一妖星002761浙江建投起爆连续涨停——K线图惊现潜龙飞天走势！""",1,24,2024
"""闻到老妖的气息""",1,24,2024
"""要想止跌，只有大金融板块企稳才行，盘后释放降准、小贷、小微贴息利好，有利于修复跌""",1,24,2024
"""雪球都是演给你们看，暗渡陈仓""",1,24,2024
"""明天该走了""",1,24,2024
"""#万亿大利好！央行：降准降息#明天中小银行股接力暴走[国家队][加油]""",1,24,2024
"""精准低吸，午后涨停""",1,24,2024
"""聚焦核心""",1,24,2024
"""说实话，这个时候有多少人在外面想进来，你们说，主力会低开让家人们舒服进来坐轿子吗""",1,24,2024
"""公民对于任何国家机关和国家工作人员有提出批评和建议的权利，对于任何国家机关和国家""",1,24,2024
"""昔日百亿私募女神道歉反思了！如今亦是韭菜！中粮资本！浪潮信息，光库科技，万兴科技。""",1,24,2024
"""村村通""",1,24,2024
"""上海先积集成电路有限公司（LinearinTechnologyCorporati""",1,24,2024
"""上塘路，跑[大笑]""",1,24,2024
"""明天低开了10元""",1,24,2024
"""上塘路打板买的五千万，你们怕什么。""",1,24,2024
"""今天是央企打头阵，但是盘子太大，最猛的应该是业绩优良的国企，毕竟盘子小，记住是业""",1,24,2024
"""20亿的成交额，散户能买5个亿么，其他的谁买的""",1,24,2024
"""上周开始市场低迷就开始说到大金融板块！（历史不会重演，但是惊人的相似，上一次依旧""",1,24,2024
"""1.24新周期开始，剑桥科技、华鑫股份""",1,24,2024
"""牛""",1,24,2024
"""按照上塘路的战法，明天做T，股价继续封板，后天冲板后开始砸盘。""",1,24,2024
"""爆亏四十点送韭菜过年，罗普丝巾第二""",1,24,2024
"""人气这么猛吗！""",1,24,2024
"""明天一字板了""",1,24,2024
"""明天很关键了""",1,24,2024
"""明日（1月25日）市场热点标的猜想""",1,24,2024
"""因为在乎，才会惦记，才会抽时间与你联系，请珍惜那个主动联系你的人！请珍惜那个主动""",1,24,2024
"""回升""",1,24,2024
"""支农支小，利好！""",1,24,2024
"""今天在预期中来了个大利好，先知先觉的神秘资金早几天就抄底，上海国改、金融板块也发""",1,24,2024
"""翻倍""",1,24,2024
"""明天大概率缩量，换手20左右。""",1,24,2024
"""离前高不远了，还有两板吗？""",1,24,2024
"""这人气也太高了吧""",1,24,2024
"""光大这个比天天砸盘，榜上也没见他买呀，纯卖，提前半个月埋伏好的吗？""",1,24,2024
"""$新力金融(SH600318)$""",1,24,2024
"""已放巨量突破差不多两年的箱体，下一目标13.50元左右。""",1,24,2024
"""新力高开5，华金高开8""",1,24,2024
"""新力金融都10元就能买基金""",1,24,2024
"""新力金融都是赚少赔多""",1,24,2024
"""大家要相信上塘路的敏锐嗅觉，最后上板那一下28万手直接扫板，吃相有多难看，值此大""",1,24,2024
"""狠，1亿，抄跌停，...""",1,24,2024
"""新力金融留了完了，""",1,24,2024
"""1.16日建仓的新力金融，大家都什么点位进的（1.24日复盘）""",1,24,2024
"""龙虎榜游资复盘，上塘路大佬借势封板新力金融""",1,24,2024
"""昨天出了后悔呀[哭]""",1,24,2024
"""明天一定要清仓。切记！！！上坟路，都懂的。[旺柴][旺柴][旺柴]""",1,24,2024
"""热门股，高开低走！""",1,24,2024
"""光大怎么藏了那么多货？""",1,24,2024
"""$新力金融(SH600318)$""",1,24,2024
"""利好出尽""",1,24,2024
"""今早水下低吸，新力金融，涨停收盘，明早看高一线""",1,24,2024
"""明天开盘就砸跌停啊！！闷杀！[大笑][鼓掌]""",1,24,2024
"""今天入了华金资本和上海建科""",1,24,2024
"""不破不立大破大立""",1,24,2024
"""糖宝果然是造妖达人，天量天价那不是起飞[为什么]""",1,24,2024
"""金融抱团票""",1,24,2024
"""新力金融有好的""",1,24,2024
"""这个是国有企业吗""",1,24,2024
"""接下来不在乱发问询函了吧！今天不是出台央企上市公司领导考核和公司市值挂钩了！就是""",1,24,2024
"""新力金融明天会冲高回落，看猜的对不对""",1,24,2024
"""上塘路砸不死的股都是大妖股""",1,24,2024
"""【50万实盘】绝望反弹，第319天（147.0万）""",1,24,2024
"""新力金融完全可以""",1,24,2024
"""莫担心上塘路！它是判断方向情绪最牛逼的游资！你还怕它明天一日游？情绪，指数，利好""",1,24,2024
"""大盘v型反转，后面这样看""",1,24,2024
"""在分歧和质疑声中 产生牛市！！！""",1,24,2024
"""2022年4月份见2863点之后新能源车相关的概念带领大盘迎来了11周上涨19.""",1,24,2024
"""好多两个月的托""",1,24,2024
"""晚盘 1.24 证名之战""",1,24,2024
"""新力金融加仓[龇牙]""",1,24,2024
"""周四可能难过11左右""",1,24,2024
"""板上清仓，清完就封板，主力真的缺我这几千股。""",1,24,2024
"""大反攻，补涨龙来了！""",1,24,2024
"""兆驰股份(002429.SZ)发预增，预计2023年度净利润15亿元至18亿元，""",1,24,2024
"""明明躺板，又卖飞的一天，呵""",1,24,2024
"""明天高开涨停板了[偷笑]""",1,24,2024
"""$新力金融(SH600318)$""",1,24,2024
"""结合下午的重大新闻事件，至少三个板吧""",1,24,2024
"""新力金融：向上突破，坚定持有深中华A：风格切换，注意风险剑桥科技：强势封板，继续""",1,24,2024
"""25号（明天）无溢价，冲高出货，上塘路率先砸盘，收大阴线。""",1,24,2024
"""新力金融T0最重要的股市""",1,24,2024
"""明天跌停[哭]""",1,24,2024
"""1.24个人收盘小结：（回血中）""",1,24,2024
"""不知道明天还涨不涨""",1,24,2024
"""一旦发现，越过驼峰形态，我会果断进场！""",1,24,2024
"""新力金融龙虎榜解读及明日走势预析！""",1,24,2024
"""0124复盘：明日目标""",1,24,2024
"""多元金融加供销社逻辑。这种票比较理想的买点就是我说的第三条投资逻辑，昨天市场还算""",1,24,2024
"""新垃圾，和银宝山新一样""",1,24,2024
"""上坟路已来，祝大家好运！估计明天看谁跑得快""",1,24,2024
"""0124复盘：爆仓出清，风险接触，释放大利好，稳了""",1,24,2024
"""上坟路来了，搞毛""",1,24,2024
"""这人气，明天还得涨停板的预期，我说的""",1,24,2024
"""不是不信任上塘路，有一句话叫啥来着，前车之鉴后车之师""",1,24,2024
"""科比老师买在天花板？""",1,24,2024
"""科创100ETF(588190)作为科创100的最大的持仓占比医药行业，已经经历""",1,24,2024
"""光大那个是柚子还是机构这几天出了2个多亿""",1,24,2024
"""糖宝也就 5000W看看今天成交量多少""",1,24,2024
"""开板后五天成交90多亿元，资金已表明了态度，换手近194%，比较充分，必然再上一""",1,24,2024
"""挺看好，一路向上""",1,24,2024
"""今夜突发，上海浦东、大金融、国企改消息在列，利好还是利空？""",1,24,2024
"""伙计们普罗斯金的糖宝制造19厘米惨案，明天有的千万千万千万小心。""",1,24,2024
"""散户进来这么多，明天-----""",1,24,2024
"""上塘路一家独大，他是散户天敌，明天只有两条路，要么散户把上塘路埋了，要么上塘路把""",1,24,2024
"""大金融板块掀涨停潮龙头选手满手涨停""",1,24,2024
"""这个气质，依我看，它就是新的龙。""",1,24,2024
"""新力金融，7天4板，板块中谁地位有它高？最高的才2连板而已[偷笑]""",1,24,2024
"""中邮科技。上海本地物流设备，浦东新区，央企改革。st金山央企改革,摘帽，光伏制氢""",1,24,2024
"""糖宝来了想走，但是糖宝才五千万他能不能砸个啥[捂脸]""",1,24,2024
"""上塘路的筹码谁接？金融，供销社出利好，明天大把的人接盘，一个小小游资5000多万""",1,24,2024
"""光大到底哪里来的那么多货""",1,24,2024
"""新力金融1月25日""",1,24,2024
"""金融股下午拉升！新力金融金融板块龙头！走出了7天4个涨停板！今天的龙虎榜显示，上""",1,24,2024
"""新力金融、华金资本鼎力投资、建元信托""",1,24,2024
"""数板[想一下]""",1,24,2024
"""A股开始横向筑底了！""",1,24,2024
"""看看这吧里的人气，嗐。""",1,24,2024
"""扶持好了，别摔倒了""",1,24,2024
"""上坟路+3拉萨，明天有好戏看了～[捂脸]""",1,24,2024
"""[呲牙]糖宝一来，呼家楼明天肯定过来接力。金融证券已经成为市场主线。明天金融，新""",1,24,2024
"""多位老大，今天卖比买多为什么还能涨停板，请告位老大不吝赐教。""",1,24,2024
"""明天低开5个点""",1,24,2024
"""第一次切换的这么丝滑""",1,24,2024
"""张敬红卖完了，明天该缩量一字了""",1,24,2024
"""拉萨军团上榜占前三，明天开盘就跑，不用问那么多""",1,24,2024
"""今天没有上塘路，大家都吃面""",1,24,2024
"""家人们可别期待明天一字涨停，糖宝的手法，开一字必砸盘。可以参考万方发展。还是走的""",1,24,2024
"""九鼎投资是主动上板，而且还是二连板，，，而新力今天是被动上板，又有上塘路，明天估""",1,24,2024
"""龙虎榜是上坟路和拉萨们，明天肯定毫无溢价，开盘秒跌停，今晚挂跌停价提前跑吧………""",1,24,2024
"""这两谁是多元金融的龙头""",1,24,2024
"""$新力金融(SH600318)$""",1,24,2024
"""别人贪婪我恐惧""",1,24,2024
"""明天怎么走，有人能把上塘路的手按住让他别砸盘吗""",1,24,2024
"""明天上坟路砸不死就是妖，人称质检员。""",1,24,2024
"""市场的非理性下跌，逼的本来是周五的政策以及年前的政策硬是提前放了出来呀。这一次市""",1,24,2024
"""有谁知道，这个光大证券到底什么时候进来的，有多少货，怎么每天都是几千万的出""",1,24,2024
"""我已经清仓的情况下，此票依然坚持封板，看来势头强劲。""",1,24,2024
"""坐稳扶好！""",1,24,2024
"""后续有思路了吗？""",1,24,2024
"""原来是糖宝宝来了""",1,24,2024
"""明天高开就跑。希望有溢价""",1,24,2024
"""上海淮中路怎么这么多货""",1,24,2024
"""相信情绪大师的眼光，它不买杂毛[偷笑]""",1,24,2024
"""给全网散户一个真诚的忠告，以下散户最容易犯的错误，一定要认真看完，定会让你茅塞顿""",1,24,2024
"""这两张图虽然第一张显示当天大跌的，但我却对后市抱乐观态度（分时图显示涨放量，跌缩""",1,24,2024
"""东方财富证券拉萨东环路第二营业部今日净买入1.05亿""",1,24,2024
"""东方财富证券拉萨团结路第二营业部今日净买入1.05亿""",1,24,2024
"""20万手没砸动，新力换手充分，有大帝之姿""",1,24,2024
"""卖飞了可惜了""",1,24,2024
"""有毒吧，我卖了你就涨停""",1,24,2024
"""盘后各种利好，核心票怕是要一字了。新力今天走势虽然没有板块内其他票强势，但是作为""",1,24,2024
"""它这次是跟风票或者说先锋龙，这波金融和券商主要看九鼎和首创""",1,24,2024
"""丰山集团，首创涨停，华鼎股份，华金资本，新力金融，宏盛华源，延华智能，音飞储存之总结！ """,1,24,2024
"""新力金融强二波技术操作""",1,24,2024
"""新力前天早上分享潜伏的，昨天把逻辑继续给加强了，今天花开了，明天继续开""",1,24,2024
"""胡锡进赚麻了，今天赢利8549元""",1,24,2024
"""上塘路，感谢你的钱钱""",1,24,2024
"""明天开盘低于5个点就是不及预期，不过这货属于跟风""",1,24,2024
"""只想说，上塘老师不差钱。""",1,24,2024
"""今天要不是大盘拉起来，就光大这种出货手法，又是跌停的节奏，感谢大盘在爆拉""",1,24,2024
"""$新力金融(SH600318)$""",1,24,2024
"""上塘路板上吃了五万手，协议接盘，这股废了""",1,24,2024
"""好心提醒一下，明天没有买点，注意安全。立贴为证。""",1,24,2024
"""这波涨幅不小了，达到了65%的涨幅了，相当惊人了！""",1,24,2024
"""有人清仓大甩卖。""",1,24,2024
"""明天又有人会来接盘的放心吧还有四个涨停热的发烫""",1,24,2024
"""明天糖宝肯定要拉的，今天封板五万手就是他的""",1,24,2024
"""游资把自己洗出去了，诡异吧""",1,24,2024
"""上坟路来了，清明时节雨纷纷""",1,24,2024
"""上坟来了，明天注意尾盘，要是开板就跑。""",1,24,2024
"""光大哪里来的啊？我去，老庄？""",1,24,2024
"""新力金融(600318)龙虎榜数据(01-24)""",1,24,2024
"""三天卖了2个亿，你牛逼""",1,24,2024
"""上坟路一家独大""",1,24,2024
"""今天真的感谢糖宝，别人都砸，只有他做多。""",1,24,2024
"""$新力金融(SH600318)$""",1,24,2024
"""光大今天又砸盘还有6千万的货。明天砸完就好了""",1,24,2024
"""1.24日晚评；华金资本，国盛金控，新力金融；绝地反弹""",1,24,2024
"""多元金融+供销社新力金融触及涨停：今日走势：新力金融今日触及涨停板，该股近一年涨""",1,24,2024
"""1月25日下调支农贷款利率，加快投放新力金融就是干这个的。""",1,24,2024
"""最悲观的时刻就是最好的投资时刻！最乐观的时刻就是最坏的投资时刻！""",1,24,2024
"""格局一下""",1,24,2024
"""今天竟然没榜？""",1,24,2024
"""股吧情绪出现变化，密切关注投资者情绪流变化！""",1,24,2024
"""龙虎榜呢""",1,24,2024
"""2024年1月24日，周三，路费有了压岁红包也不远了""",1,24,2024
"""不问为什么没榜沪市五点五点后再看40换手咋可能没榜""",1,24,2024
"""没有龙虎榜吗""",1,24,2024
"""600318新力金融，3180点就是8月28号印花税的套牢位，意图明显了。""",1,24,2024
"""虽然没买但我不看空明天估计一字板涨停了[滴汗]""",1,24,2024
"""火箭炮信号不错""",1,24,2024
"""横盘突破前高，明天周四又是下午涨停，谨防高开低走，但高开低走明天也是买点，如果高""",1,24,2024
"""$新力金融(SH600318)$""",1,24,2024
"""过了高量就参战""",1,24,2024
"""好股不套人，作为短线投机客，在外面兜兜转转了一个圈，亏了20个点，进来两次新力都""",1,24,2024
"""为什么今天没上榜？""",1,24,2024
"""今天没有猫狗榜吗""",1,24,2024
"""留下没有格局的眼泪""",1,24,2024
"""被洗下来了，唉""",1,24,2024
"""每一次伤，每一次挫折，只会使我更坚强，使我更独立！""",1,24,2024
"""昨天选这货的原因是这货周线已经释放了前面的套牢盘，轻舟已过万重山，而九鼎还有万山""",1,24,2024
"""被摔下车了。今天真共振了。选的方向没有什么问题选股也没有问题。但就是差了些什么。""",1,24,2024
"""$新力金融(SH600318)$""",1,24,2024
"""今天这换手，应该是历史最高量吧！[笑哭]彻底换庄的节奏""",1,24,2024
"""王者归来，华鑫股份，新力金融，宏盛华源，剑桥科技""",1,24,2024
"""$新力金融(SH600318)$""",1,24,2024
"""上午图形那么好，我却没有买[哭]""",1,24,2024
"""没有龙虎榜吗""",1,24,2024
"""二波二波""",1,24,2024
"""周三复盘总结：日久光电，建元信托，高新发展，浪潮信息，歌尔股份，新力金融，信达证券""",1,24,2024
"""还是买少了[滴汗][滴汗]""",1,24,2024
"""怪不得金融出极好""",1,24,2024
"""破板10块卖的""",1,24,2024
"""今天新高！""",1,24,2024
"""这种票的好处就是，大资金也敢上量，从而带动小油脂也参与""",1,24,2024
"""这操作没几个吧[哭]""",1,24,2024
"""能坚持到今天的都是格局选手，希望明天继续格局，一起维护新力金融创新高！""",1,24,2024
"""降准，新设信贷市场，大金融板块突发大利好，新力金融十连板走起！""",1,24,2024
"""下调准备金0.5个点，明天金融继续主升浪""",1,24,2024
"""明天低开，然后跌停""",1,24,2024
"""再创近期新高，金融龙头终成妖""",1,24,2024
"""差了两万设置价格没买进去亏大了""",1,24,2024
"""新力金融——供销社概念会不会连板""",1,24,2024
"""这波五个板起步，一定要拿稳""",1,24,2024
"""总结亏损原因:不敢买龙头，买杂鱼。11月底到1月底加仓到67万，（不包括前几年亏""",1,24,2024
"""深中华a断板！下一个板块就是多元金融了！今天多元金融板块集体骚动！接过深中华a的""",1,24,2024
"""会不会是qr来了。""",1,24,2024
"""《农业农村标准化管理办法》修订出台！新力金融/中农立华/中农联合怎么看""",1,24,2024
"""今天涨停出了，明天水下两个点给机会再进[呲牙]""",1,24,2024
"""多元金融，今天首次集体爆发！新力金融前几天就打前锋涨几板！随后九鼎投资，建元信托""",1,24,2024
"""今天失误在于把你卖了""",1,24,2024
"""差一点被Ｔ飞了！""",1,24,2024
"""合力不是操控""",1,24,2024
"""他割了吗？还没割。那就继续跌跌到他割了为止。他割了吗？割了！给我把价格拉上去！他""",1,24,2024
"""$新力金融(SH600318)$""",1,24,2024
"""mmp没有接回来[哭][哭][哭][哭][哭][哭]""",1,24,2024
"""快，赶快多来一些唱多的神仙[旺柴]妖股里必须全是妖魔鬼怪才行""",1,24,2024
"""看到100[大笑]""",1,24,2024
"""低开这么多天了，明天能不能给个高开""",1,24,2024
"""广发证券股份有限公司北京建外大街证券营业部席位4天总计买进2060万股占流通股比""",1,24,2024
"""涨停总归是好事，明天高开概率应该大于低开，三季度净利润同比增长1700多。""",1,24,2024
"""$新力金融(SH600318)$""",1,24,2024
"""的牛逼，第三大股东都洗出去了！这波看到20""",1,24,2024
"""rtm，我仓位都基本清空了。给我一个涨停。贝莱德经理骂大a真的不是没有原因。真的""",1,24,2024
"""$新力金融(SH600318)$""",1,24,2024
"""2024年中国人民银行将加大对重大战略、重点领域和薄弱环节的金融支持力度，做好金""",1,24,2024
"""$新力金融(SH600318)$""",1,24,2024
"""5天大约高换手百分之一百七十，明天接力深中华！""",1,24,2024
"""亏大了，被洗白白了[哭]""",1,24,2024
"""新力金融成功上位新金融护大盘周全，卡位深中华，时间节点恰到好处，！新龙头诞生""",1,24,2024
"""九鼎 新力 建元 更看好谁""",1,24,2024
"""明后天两个缩量一字""",1,24,2024
"""一天成交20亿，才50亿的盘。换手率40%有点高，难道换庄了？之前新联电子有这样""",1,24,2024
"""百分之四十的换手率，换了个庄？""",1,24,2024
"""设立信贷市场司，重磅了，利好新力金融，搞信贷的""",1,24,2024
"""最低点砸了你个怂蛋。然后你就看着我是不是？""",1,24,2024
"""走啦走啦，这个月目标完成了，本金撤出来了，利润在里边随便涨跌了""",1,24,2024
"""韭菜中菜""",1,24,2024
"""[鼓掌]""",1,24,2024
"""绝地反转，大行情要来了""",1,24,2024
"""今天的首板有基因属性，特别是大金融板块在新力金融带动下确立了主线地位，前期的光伏""",1,24,2024
"""开启二波拉升""",1,24,2024
"""昨天看好，真拿不住，操盘太厉害了""",1,24,2024
"""现在空头应该变多头了吧！""",1,24,2024
"""$新力金融(SH600318)$""",1,24,2024
"""这么高的换手率，主力在倒筹码。有危险，跑。""",1,24,2024
"""$新力金融(SH600318)$""",1,24,2024
"""卖飞了，丢""",1,24,2024
"""卖飞了""",1,24,2024
"""这次你是龙头，所以就买你""",1,24,2024
"""天天换手40%每2天3天成交一个公司市值，这不是那种拉直线的小庄能控制的了的，拉""",1,24,2024
"""明天是抢着进去还是抢着出来呢？我看大概率抢着跑""",1,24,2024
"""过年红包就指望你了，加油""",1,24,2024
"""人气这么高有没有一字预期[俏皮]""",1,24,2024
"""深中华倒下了，你涨停了，这个节点。可惜踏空了[哭]""",1,24,2024
"""22年8倍的浙江建投也不需要这么大资金量拉升""",1,24,2024
"""板砸跑路，祝愿留下来的人发财，我走了，希望我卖飞一个板""",1,24,2024
"""新力金融终于把空放赶走了，也突破了1010对顶，形成有效突破前高，后面没有空头的""",1,24,2024
"""今天错过了十几个点""",1,24,2024
"""早上9.59走了，进了常山赵子龙，下午突破10.1又回来了，真是做了一个反T，可""",1,24,2024
"""还能回到9元吗""",1,24,2024
"""一买就跌，一卖就涨停了""",1,24,2024
"""多元金融龙头是不是你啊""",1,24,2024
"""尾盘有人在砸盘""",1,24,2024
"""卖""",1,24,2024
"""其实老夫昨天昨了个T""",1,24,2024
"""妖股。""",1,24,2024
"""成功的每一天""",1,24,2024
"""目标19。坚定做多""",1,24,2024
"""出乎我的预判，我以为今天再来一柱香，但还是涨停了，不过感觉不强势，是板块里最后涨""",1,24,2024
"""今天封板后市钱途远大！""",1,24,2024
"""板上走了，谢主力祝里面兄弟发财""",1,24,2024
"""明天怎么说？发表一下大神的看法，""",1,24,2024
"""003035尾盘买明天涨停""",1,24,2024
"""换手够了""",1,24,2024
"""散户大本营买入的今天涨停[大笑][大笑][大笑]""",1,24,2024
"""明天能有溢价吗""",1,24,2024
"""还好里面柚子顶住了，呼家楼真给力，减持的！""",1,24,2024
"""龙头不套人，每天进进出出，绝对好股""",1,24,2024
"""盘前计划就关注了，放量突破10.1，直接无脑进[微笑]""",1,24,2024
"""今天涨停不奇怪，昨天回答别人问题时就说了905至涨停，低点误差2分，可以去看我昨""",1,24,2024
"""终于等到你[摊手]""",1,24,2024
"""这货和银行的业务相似，为什么不找一个银行股树立市场标杆，非要炒这垃圾股。新力金融""",1,24,2024
"""支持明天大幅度低开""",1,24,2024
"""走了兑现！小赚16000谢谢""",1,24,2024
"""兄弟们给我顶住啊！撤退的不要！良心大大滴坏[亏大了]""",1,24,2024
"""可封稳了""",1,24,2024
"""我被洗走了[滴汗]明天还能上车吗？""",1,24,2024
"""这个极有可能连板。""",1,24,2024
"""这个是龙头，买到就是赚到。""",1,24,2024
"""上午一堆拖骗筹码[呲牙]""",1,24,2024
"""这是信号?大盘连续两天放量，尾盘如果还拉升的话，大盘涨幅可能破1.5%，大金融护""",1,24,2024
"""板块内成交量第一可参考AI拉升时的浪潮信息科大讯飞和三六零。""",1,24,2024
"""我就是那个5.3万手的小散，请大家记住我""",1,24,2024
"""依然牛。前期了两个涨停板却不赚钱，还好，今天小手入仓，再不会出了，我中线看好，希""",1,24,2024
"""今天涨停板，明天高开5个点左右稳了""",1,24,2024
"""希望你这波至少上13高18，新力大帝""",1,24,2024
"""天量天价明天起飞""",1,24,2024
"""锁仓到周一！（前提是不跌停）我看看怎么个事[得意][得意][得意]""",1,24,2024
"""感谢新力，起初的活跃带动了多元金融[鼓掌][鼓掌][鼓掌]""",1,24,2024
"""插入，不解释""",1,24,2024
"""肯定要开，快逃吧""",1,24,2024
"""我水下-2.8割的。。。牛逼，昨天割萃华，今天板，今天割新力，下午就板""",1,24,2024
"""主力很坏""",1,24,2024
"""今天抄底成功，终于涨停！[大笑]""",1,24,2024
"""$新力金融(SH600318)$""",1,24,2024
"""老庄走完了没啊""",1,24,2024
"""大金融爆发，果然要量能跟上才封板[捂脸]。你来我往，买的人在板了的时候说卖了的傻""",1,24,2024
"""我以为山顶站岗了，明天能安全出去么？""",1,24,2024
"""来了，是否历史时刻，开始锁仓。等过年。恭喜发财""",1,24,2024
"""转发""",1,24,2024
"""老庄的货全部砸完了，这个庄太狠了。他同样失算了，如同繁花熊的南国投，只有追高拿筹""",1,24,2024
"""最后一点仓位封板助力了""",1,24,2024
"""新一轮上涨开启。""",1,24,2024
"""5.3万手秒吃，有大资金进来了，后市看好""",1,24,2024
"""张敬红终于gun蛋了，这是好事！""",1,24,2024
"""大金融拉大盘了，这是真反攻了吧""",1,24,2024
"""很多人割在黎明之前，今天非银金融个股活跃，关注的新力金融涨停！""",1,24,2024
"""今天第一支换手龙王""",1,24,2024
"""涨停板全部清仓卖出锁定利润，祝留下的小韭菜们继续发财！！""",1,24,2024
"""分歧转一致，新力金龙，跨年龙。目标19""",1,24,2024
"""之前看不懂了，就靠直觉，格局5天，今天厚报了。给主力大哥点赞赞""",1,24,2024
"""开盘卖了 """,1,24,2024
"""12个点爽歪歪既然明牌那就跟着格局明天继续奏乐继续舞""",1,24,2024
"""一直卖的旧庄终于被洗出去了""",1,24,2024
"""气势打出来了！天量天价""",1,24,2024
"""涨停板全部清仓卖出锁定里，祝留下的小韭菜们继续发财！！""",1,24,2024
"""春节前拉指数就靠你了，今年春节的烟钱酒钱就看你了！多元金融的龙头老大""",1,24,2024
"""终于等到你""",1,24,2024
"""终于买中一个涨的了，虽然只赚0.05""",1,24,2024
"""今日我宣布多头胜利！！！！[上涨][上涨][上涨]违规减持，限售股转融通，十大股""",1,24,2024
"""希望明天接力深中华。这几天已经百分百换手了。""",1,24,2024
"""格局了，等风来[大笑]""",1,24,2024
"""唉""",1,24,2024
"""还不涨停，说不过去了吧""",1,24,2024
"""你们就吹吧，再吹我就跑啦""",1,24,2024
"""要板了这次""",1,24,2024
"""太帅了，等你14我就翻倍了。""",1,24,2024
"""今天放大量，明天吃热面""",1,24,2024
"""散户天天随意上下车还不好？非得那种直线拉板的强？有几个散户进得去？封板的就一定强""",1,24,2024
"""这是我最后的子弹了，打完了，助力大家涨停""",1,24,2024
"""这货得有6-7亿的货吧，根本抛不完""",1,24,2024
"""板块这么强，新力太弱了，七八个涨停都拉不上去，那么多换手没有主力看好的，都是出货""",1,24,2024
"""50市值玩出500亿盘子，抛压怎么那么大，流通十大股东都在卖公司吗""",1,24,2024
"""是不是海螺水泥违规减持了，光一个张没这么大量吧！""",1,24,2024
"""这股被拉萨的垃圾玩坏了。换手这么大。拉萨垃圾天天做T。""",1,24,2024
"""资金在切低位的金融股，马德！""",1,24,2024
"""好几天这么大换手、也是醉了，出货吗""",1,24,2024
"""走了 服了抛压了""",1,24,2024
"""能封的话至少四板起步""",1,24,2024
"""今天收10.10。寓意十全十美。哈哈镜""",1,24,2024
"""涨停进了，明天[拜神]能不能出来""",1,24,2024
"""主力在瑟瑟发抖担心害怕~~~主力比你们急~~~""",1,24,2024
"""封板就看看，不封板尾盘全砸出去，不过夜了，出不完的货今天""",1,24,2024
"""这几天这么高的换手，庄还有这么多货，也真是不得了""",1,24,2024
"""雪球某网友的惨痛教训，引以为戒""",1,24,2024
"""休你，涨停停。""",1,24,2024
"""连续4天筹码每天换一遍。。。还不上板？大哥""",1,24,2024
"""应该没人比我更低点卖了吧[好困惑]""",1,24,2024
"""这是要等板块涨停再封吗[滴汗]""",1,24,2024
"""板块都这样了，还要杀尾盘？""",1,24,2024
"""我只想说光大你真牛逼""",1,24,2024
"""跑！不然一地鸡毛！""",1,24,2024
"""纯纯""",1,24,2024
"""我TM想吐了，快上板的时候输入了价格，但是没买。看看能封上就排单。结果没封住。我""",1,24,2024
"""今天估计拉涨停又是被光大证券席位砸炸板了，这个席位是真能砸""",1,24,2024
"""就喜欢看空狗吃不到葡萄说葡萄酸的样子""",1,24,2024
"""为什么不封板呢""",1,24,2024
"""每天三四十的换手，这股疯了""",1,24,2024
"""2.30封板""",1,24,2024
"""不得不说这票百分百有脏东西，还洗不掉的那种。就怕有什么利空这么砸盘。还是换了个大""",1,24,2024
"""成不成妖就看收盘了""",1,24,2024
"""这个换手率，是把质押股都拿出来卖了吗？""",1,24,2024
"""新力金融不上板，那这波拉升要小心。。。。。。""",1,24,2024
"""这里判断是，吸筹，主力筹码不够""",1,24,2024
"""跑了跑了，封不住了，出货的太多了。""",1,24,2024
"""大股东这几个二千万吃爽了，不是他涨的好，是整个多元金融疯涨，把他带起来的！目前看""",1,24,2024
"""卧槽这么完美的筹码突破平台图形没人封板？量能差不多了吧？""",1,24,2024
"""是男人都喜欢张婷！""",1,24,2024
"""20亿成交量然后封住就好""",1,24,2024
"""2点不封板我就走""",1,24,2024
"""感觉有点像换庄，我来小仓位试错，本来想年后操作的，来碰碰运气，找一点烟钱""",1,24,2024
"""两天换手超过了80%，空投还会有筹码吗？主力只不过是在板上吃货罢了""",1,24,2024
"""你买股票，我卖公司。大资金在第一波拉升发现问题了，果断放弃了。""",1,24,2024
"""先散，兄弟们发财""",1,24,2024
"""龙头股不涨停？小弟都涨停了""",1,24,2024
"""恭喜又套一批""",1,24,2024
"""犹犹豫豫的拉上去，还放这么大的量[捂脸]""",1,24,2024
"""弱庄一个，板块这么好，竟然顶不住。唉。真不去九鼎。""",1,24,2024
"""感谢新力，去年重新炒股开始，就选择了他没有动过。""",1,24,2024
"""触板了，如果今天最后还是不封，明天没了，又是追高进的，打板真难""",1,24,2024
"""就差最后一哆嗦了""",1,24,2024
"""对倒拉伸，出货吗""",1,24,2024
"""想封板，有我在，不容易""",1,24,2024
"""满仓起飞""",1,24,2024
"""多元金融起来了，那数字货币也是金融什么没有起来，好奇""",1,24,2024
"""神仙抛压。怎么大""",1,24,2024
"""热点在大金融和cpo""",1,24,2024
"""换手老是这么高，上方又没多大压力。""",1,24,2024
"""gjd介入很深啊""",1,24,2024
"""1.24复盘——如果走反弹，要重点留意二次入场的机会""",1,24,2024
"""每天的换手都这么大""",1,24,2024
"""换手已够了。今天封板。明天开始连板（缩量连板）！""",1,24,2024
"""这不会套吧""",1,24,2024
"""扭扭捏捏最后还不是要找张婷玩""",1,24,2024
"""接力深中华，看好你！""",1,24,2024
"""变成趋势龙头也挺好的[微笑]""",1,24,2024
"""怎么这么大的换手""",1,24,2024
"""还能砸！！！""",1,24,2024
"""干爆空头""",1,24,2024
"""广发表示，想不到吧，今天砸盘的还是我""",1,24,2024
"""大家看看明天怎么样""",1,24,2024
"""有主力接力，看好""",1,24,2024
"""大单在砸韭菜疯狂接盘""",1,24,2024
"""出货了""",1,24,2024
"""这都不封，明天开盘等着跌停吧！""",1,24,2024
"""午间1.24：天空才是尽头！""",1,24,2024
"""拉高出货，还会下来的""",1,24,2024
"""这笔主力在干嘛，不表现的时候就是弱啊，该坂就大胆坂上去啊""",1,24,2024
"""炒股还是要多修心，急不得[怒][怒]""",1,24,2024
"""一人一手持股的别卖助新主力一力""",1,24,2024
"""可以出来了""",1,24,2024
"""老乡快跑""",1,24,2024
"""走势很好根本买不完""",1,24,2024
"""留下的发财，我够了先走了，希望明天继续涨停哈""",1,24,2024
"""融券了，天花板，可能亏两个多点""",1,24,2024
"""张敬华是准备清仓吗？""",1,24,2024
"""数字经济和实体经济深度融合，现在布局重仓计算机的华商甄选回报混合C是很明智的""",1,24,2024
"""一格局就跌停，一卖就起飞！""",1,24,2024
"""没有忽悠大家吧，新力涨停，大盘无忧，明天连班的话，就是剿灭空头的时机到了！""",1,24,2024
"""板块涨停潮？证券也开始跟了？""",1,24,2024
"""真的很能洗""",1,24,2024
"""$新力金融(SH600318)$""",1,24,2024
"""今天的市场，先是沉溺在阴霾笼罩的迷局之中，低调而压抑，让人疑虑重重。但午后，它却""",1,24,2024
"""骗钱的""",1,24,2024
"""转发""",1,24,2024
"""干爆空头好吗？""",1,24,2024
"""真生气，，板块都5个多点了，你还在墨迹。。卖不完了？？、""",1,24,2024
"""大盘不行的时候就上来了，真英雄啊""",1,24,2024
"""10.30高抛""",1,24,2024
"""早上九典被洗，进了新力，新力，加油，夺回龙一""",1,24,2024
"""就你厉害[为什么]""",1,24,2024
"""终于等到了真正主力的介入，这个主力有的是资金，这下至少大盘能够止跌了！""",1,24,2024
"""我靠，卖早了""",1,24,2024
"""卧槽卖飞了！少卖一个涨停""",1,24,2024
"""咕咕咕""",1,24,2024
"""加油，板块这么好，今天若板上，明天就一字""",1,24,2024
"""直奔10.31""",1,24,2024
"""同花顺人气第一，没有快速封板，散户都进来了，今天不封住，明天深水开""",1,24,2024
"""要走的g，上涨还一直抛，做t很聪明是吗""",1,24,2024
"""今天封板，明天开始连板。走趋势！""",1,24,2024
"""又是昨天的套路、尾盘跳水""",1,24,2024
"""这抛压？是不是有股东违规减持？这让呼家楼来拉，也拉不动阿""",1,24,2024
"""跑路吧！你的那个她""",1,24,2024
"""没的不进，有的不出。""",1,24,2024
"""有打板进的吗[微笑]""",1,24,2024
"""跑了，一点半了还不板，就算板了也没有易价了""",1,24,2024
"""两天吃了10个点了，走了，留下的发财""",1,24,2024
"""走了，谢谢主力解套了""",1,24,2024
"""压力山大，庄家一个亿的货""",1,24,2024
"""加把劲，伟哥。""",1,24,2024
"""成交不够，做t""",1,24,2024
"""这票没有合力""",1,24,2024
"""谁能想到新力金融如此逆指数走势呢?少赚好多""",1,24,2024
"""$新力金融(SH600318)$""",1,24,2024
"""合力不行啊，老是砸盘……""",1,24,2024
"""多元金融批量涨停，新力太弱了""",1,24,2024
"""想起昨天吧里很多还在说大跌跌停，不知道脑子咋想的，已经超过了10个点利润，卖""",1,24,2024
"""被几个小弟卡位，已经不在是那个大哥啦""",1,24,2024
"""套路王""",1,24,2024
"""10.15卖了""",1,24,2024
"""有点熟悉""",1,24,2024
"""我孙子好好的看看""",1,24,2024
"""进来了，你咋我吧""",1,24,2024
"""加油""",1,24,2024
"""跑跑跑""",1,24,2024
"""每次涨停就是出货，千万不要去接""",1,24,2024
"""悬空买点""",1,24,2024
"""哎，砸盘的真多""",1,24,2024
"""这不就赌赢了吗？""",1,24,2024
"""$中邮科技(688648)$中字头上海板块央企；小盘次新..全在风口上""",1,24,2024
"""哈哈哈哈""",1,24,2024
"""牛逼的ST大A又是5000千待涨""",1,24,2024
"""老铁们，准备券""",1,24,2024
"""底部筹码松动，追高买的千万小心""",1,24,2024
"""你不是龙头的吗，阿瑟[哭]""",1,24,2024
"""孙自们，别砸了，别浪费这么好的筹码跟图形！""",1,24,2024
"""还好上了九鼎的车""",1,24,2024
"""垃圾用要磨一天不会又白辛苦""",1,24,2024
"""卖公司了，小心2个小时的实际换手率达到了35.83%*2=一天71.66%这是卖""",1,24,2024
"""头顶三柱香""",1,24,2024
"""请问什么时候发业绩？""",1,24,2024
"""今天被九鼎带了一把，给了很好的出逃机会了，机会不会一直有。""",1,24,2024
"""2个小时的实际换手率达到了35.83%*2=一天71.66%这是卖公司的节奏啊，""",1,24,2024
"""今天能收在10.30吗？兄弟们""",1,24,2024
"""国家队要来了，金融大涨""",1,24,2024
"""这个也是国企，只是不是中字头罢了""",1,24,2024
"""哈哈，猪丽叶把自己洗掉了，宝总都不怕！""",1,24,2024
"""收盘又是涨2分的命。今天不可能突破9.77的了。绝对不可能的，因为我买了。""",1,24,2024
"""2个小时的实际换手率达到了35.83%*2=一天71.66%这是卖公司的节奏啊，""",1,24,2024
"""顶部巨量换手，散户越来越多了，大量发套子套人了，77对子顶都出来了，完犊子了""",1,24,2024
"""炒的是国企改革""",1,24,2024
"""最近龙虎榜靠不住""",1,24,2024
"""上方6手筹码，谁去？""",1,24,2024
"""顶部巨量换手，散户越来越多了，大量发套子套人了，77对子顶都出来了，完犊子了""",1,24,2024
"""市值才50亿，每天放量换手20亿？这背后是有什么含义，业绩暴增。我怎么感觉他的龙""",1,24,2024
"""新力的上涨如果不是因为金融呢。qr急于上市，新力待嫁很久，二者又同属国资委。连续""",1,24,2024
"""板块拉直线，你居然可以动都不动，很难理解""",1,24,2024
"""今天9.65冲进，会被套吗""",1,24,2024
"""珍惜筹码，下午马上拉升[重磅消息]""",1,24,2024
"""再转一次！//@蛰伏SJ :帮助你看懂走势！//@蛰伏SJ :高风险指的是1.波""",1,24,2024
"""今天选择继续躺平，华金资本上午选择冲高卖出，还是不够强，多次拉升不涨停。其它个股""",1,24,2024
"""这个票怎么这么高的换手率啊？""",1,24,2024
"""不好意思坑了大家，只要我买进的龙头都会单边下跌""",1,24,2024
"""供销社都又涨了，你这家伙真是。连个跟屁虫都算不上。前面拉三个板白拉了，一点地""",1,24,2024
"""量化在，一拉它就砸，很烦人""",1,24,2024
"""这个量化在里面确实烦人""",1,24,2024
"""下午，搞点券应该会不错""",1,24,2024
"""板块放量拉升""",1,24,2024
"""多元金融，就这家伙换手最充分，板块爆发了，如果板了，他就是龙头。新力金融，新年金""",1,24,2024
"""中午尾盘多元金融板块，暴力拉升2.5%， 多只股票跟涨，看图""",1,24,2024
"""这就熄火了？九鼎和你，又塔玛选错。你还没炒过呢，九鼎人家都炒第二波""",1,24,2024
"""风来了""",1,24,2024
"""这个一定会过1010。只是磨人们耐心。这个扳成功。又会三连""",1,24,2024
"""昨天尾盘下杀后今天还大幅低开就是败笔、现在也是靠九鼎被动拉起来、小赚跑路不符合预""",1,24,2024
"""当里个当里个当""",1,24,2024
"""9.79，9.78，9.77有意思""",1,24,2024
"""和平路换马甲了哈哈""",1,24,2024
"""其实不看好的可以走，那么卖力喊什么[捂脸]什么77对子顶，双胞胎，夹板数，这些个""",1,24,2024
"""今天主力给大家来人头顶三柱香，不死也要伤啊！！！""",1,24,2024
"""已经涨了30%了，性价比不高，板块大涨正是出货时机，不然早拉上去了。""",1,24,2024
"""下午涨停就有连板""",1,24,2024
"""新力金融明日走势预测""",1,24,2024
"""卖飞了""",1,24,2024
"""三炷香""",1,24,2024
"""冲冲""",1,24,2024
"""人气是够了，不可能只拿平均分。""",1,24,2024
"""前晚预报昨日8.9介入预期两个交易日完成5%收益的新力金融，今日最高9%收益超额""",1,24,2024
"""买卖随心""",1,24,2024
"""全体股东都知道979978977主力看着办！""",1,24,2024
"""今天能板，明天就能拉板。分歧一致。就是妖[捂脸]""",1,24,2024
"""高位换手，难道莫非不会是假洗盘吧。哈哈""",1,24,2024
"""没有格局。看看地天板的庄""",1,24,2024
"""主线来了吗""",1,24,2024
"""板块放量拉升，下午秒板了""",1,24,2024
"""龙头成为跟风。。板块爆发下午是多元金融的天下，新力金融小盘搞成大盘股走势。哎""",1,24,2024
"""板块涨停潮走势""",1,24,2024
"""放量不涨""",1,24,2024
"""这没地位了啊……""",1,24,2024
"""中粮资本妙涨停，哈哈""",1,24,2024
"""前天9.79，昨天9.78，今天9.77[发呆]控的有点夸张了""",1,24,2024
"""被卡位了""",1,24,2024
"""跟风九鼎投资和华金资本，不当龙头，当后排，后排不看好""",1,24,2024
"""政策导向性，上海板块狂飙？""",1,24,2024
"""辨识度也有，位置也还好，筹码这几天也换的差不多了，该上了了吧""",1,24,2024
"""这？？？？出不完的货。。。。""",1,24,2024
"""散户朋友们，咱们就别卖了，让主力之间对决，对大盘对咱们自己都有好处的！！！有一点""",1,24,2024
"""新力封板那一下！直接28万手！初步推测糖宝还有3个亿子弹！明天缩量上涨了！看5板！老庄2点2亿都砸不死这个股！""",1,24,2024
"""横盘4天！今天不拉升！下午有票要减仓""",1,24,2024
"""这么压着很难起来，严查股东减持""",1,24,2024
"""不识时务的老庄出差不多了吧，下午可以拉板了""",1,24,2024
"""这五天出货猛烈，逃命机会难得。""",1,24,2024
"""有个叫坚果妹的一直唱空，也不知道有啥目的？这股虽然不及预期，但也不是弱字来形容吧""",1,24,2024
"""你们赚够了的都走吧！我替你们垫后""",1,24,2024
"""看到了吧，新力涨则大盘涨！！！""",1,24,2024
"""中午速度调集资金，把空头打爆吧。大家别卖，静等花开，外卖腥风血雨。""",1,24,2024
"""华金资本的跟屁虫""",1,24,2024
"""这票得呼家楼来拉，不然这个位置，这么大量。想引导拉升，起码要3亿的资金买盘拉升""",1,24,2024
"""游资协议接盘""",1,24,2024
"""这是个还是厚积薄发？""",1,24,2024
"""下来吧，别装了""",1,24,2024
"""前天最高点9.79昨天9.78，现在看最高点9.77明天会不会是9.76？""",1,24,2024
"""新力金融封板，将会是大盘暴涨之时，对这只票的认知大家都知道，所以才受到空头集中狙""",1,24,2024
"""重在参与，买一点凑凑热闹""",1,24,2024
"""今天怎么也要七个点吧！""",1,24,2024
"""供销社概念拉升了，跟上""",1,24,2024
"""有意思。三天最高价9.79.9.78.9.77--""",1,24,2024
"""79/78/77有意思，超盘应该是个强迫症""",1,24,2024
"""77对子顶，出货套人了，结束了跟风的拉稀，大家小心""",1,24,2024
"""60分钟一阴一阳""",1,24,2024
"""近三天高点分别为9.799.78今天9.77实属怪异，前两天最高点10.10这难""",1,24,2024
"""上方几千手。压力山大。""",1,24,2024
"""光大的肉""",1,24,2024
"""兄弟姐妹们！拿好你们手中的筹码，这周过后将看不到九元，不信可以去看看，我以前每次""",1,24,2024
"""早走早享受，晚走享折扣[吃瓜]""",1,24,2024
"""今天至少又减持七八千万""",1,24,2024
"""这个股展示了当前a股做空力量的强大！不得不佩服，所有的做空做多手段都在这个股上体""",1,24,2024
"""继续抱团""",1,24,2024
"""9.78压力好大啊""",1,24,2024
"""谁买这个今天尾盘跌5个点，明天跌停开盘""",1,24,2024
"""三条天线""",1,24,2024
"""本来是板块龙头，硬生生被大股东减持成了倒数第一！两天减持1.3亿，吃相真的太难看""",1,24,2024
"""今天不涨停就真得跑了""",1,24,2024
"""都去九鼎了，这个票已经是出货阶段了""",1,24,2024
"""流通股太大了，要是十多个亿弹性就好了""",1,24,2024
"""9.79，9.78，9.77。有意思[大笑]""",1,24,2024
"""77对子顶，出货套人了，结束了跟风的拉稀，大家小心""",1,24,2024
"""今天不涨停，明天就跌停，大盘也下来了""",1,24,2024
"""横久必跌，三天了，今天还是这样就白搭拉""",1,24,2024
"""一直在三板这个位置动。什么意思？""",1,24,2024
"""套牢盘全都解放了，有什么可怕的，等这个别有用心的股东减持完成了，看看怎么爆拉吧！""",1,24,2024
"""跟风的拉稀，大家小心""",1,24,2024
"""今天不破新高，新高不破，它就是毁灭性的""",1,24,2024
"""80万，明天还给主力""",1,24,2024
"""上方抛压太大。36计。。。""",1,24,2024
"""行情不好锚定金融和抱团就行""",1,24,2024
"""三炷香""",1,24,2024
"""换手都能把主力换一批了，为啥就不能合力拉上去？""",1,24,2024
"""主力货太多还没有出完""",1,24,2024
"""拉高出货。背离。哈哈。是跑是留，大家明白哈""",1,24,2024
"""家人们[哭][哭]眼泪都哭干了，把把都是买在最高点[惨!关灯吃面]""",1,24,2024
"""信心比黄金更重要。""",1,24,2024
"""3天的最高价分别是979/978/977""",1,24,2024
"""9.79/9.78/9.77，光大为啥和这个位置过不去呢""",1,24,2024
"""清仓式卖出[旺柴]""",1,24,2024
"""拉萨够在捣乱""",1,24,2024
"""主力操作失误了，不应该第三个板开口让游资搞局的""",1,24,2024
"""做股票要坚定卖出和持股的逻辑，技术面要懂，消息面要广，情绪要稳定，即便盘感再好，""",1,24,2024
"""头顶三炷香，9.79-78-77""",1,24,2024
"""9.79-9.78-9.77每天都不破前一天高点，那就该跑路啦，本来是龙头，结果""",1,24,2024
"""九鼎你不买，买这货""",1,24,2024
"""拉萨砸盘了""",1,24,2024
"""又是三柱香，好了，没了""",1,24,2024
"""张姐，出的差不多了吧，该我表演了[鼓掌]""",1,24,2024
"""都是做T，没有合力""",1,24,2024
"""买在山顶！真坑！""",1,24,2024
"""979，978，977这才是正宗的三柱？""",1,24,2024
"""资金都是大幅度流出的，明显就是出货，金融的利好早就兑现了""",1,24,2024
"""他这个总值和流值怎么一样大啊""",1,24,2024
"""九鼎、建元早就板了，新力让龙头了，谨慎""",1,24,2024
"""就这个票最具龙头气质为哈走的这么难""",1,24,2024
"""弱市只信仰龙头，跟风的只是喝点小肉。一旦龙头回调，跟风躺倒一大片。市场选择了九鼎""",1,24,2024
"""昨天低吸的发现它就是跟风早上毫不犹豫换仓9鼎""",1,24,2024
"""必涨停，多元金融带领封板封到过年""",1,24,2024
"""每天最高价比前一天的少一分？""",1,24,2024
"""会成妖吗？期待""",1,24,2024
"""光大又开始了""",1,24,2024
"""今天继续涨""",1,24,2024
"""77对子顶，，套人了，大家小心""",1,24,2024
"""9.799.789.77？""",1,24,2024
"""还得是九鼎，这货连九鼎的小弟都算不上""",1,24,2024
"""方向选择""",1,24,2024
"""9.89.7过不去啊""",1,24,2024
"""假拉升资金是流出的""",1,24,2024
"""600318新力金融，大金融反抽龙头，如果金融继续走强，这个票不会缺席，""",1,24,2024
"""9.7卖是不是卖飞了[哭]""",1,24,2024
"""你先启动的，让九鼎抢了地位，丢人""",1,24,2024
"""跟特力A一起的""",1,24,2024
"""卖盘咋想的，抱团不会啊？这时候涨停不就是龙头了！""",1,24,2024
"""不买就涨停""",1,24,2024
"""为什么这个股拉起来这么费劲？九鼎一下子就飞了""",1,24,2024
"""哈哈早盘换成九鼎涨停了，买这个绝对买套，收盘跌四五个点""",1,24,2024
"""砸盘的人""",1,24,2024
"""抱团股没瓦解这边点不燃""",1,24,2024
"""没有万手哥""",1,24,2024
"""这个按我的理解，是不能拿的，今天除非涨停，不然肯定清仓了""",1,24,2024
"""家人又高位接盘了""",1,24,2024
"""哪个一直在砸盘""",1,24,2024
"""差一点割肉""",1,24,2024
"""这抛压，张敬红肯定没有卖完""",1,24,2024
"""呼家楼来了!""",1,24,2024
"""又是九鼎带着走，这减持是真烦人啊。板块老大被砸成了跟风股""",1,24,2024
"""还是要大哥上才有用""",1,24,2024
"""一群天天在里面t""",1,24,2024
"""不跟""",1,24,2024
"""卧槽早盘赚条烟钱跑了！卖飞了！""",1,24,2024
"""新力金融  低吸回来了！ 1月24号""",1,24,2024
"""换成大智慧，还便宜，大智慧还是正宗的浦东新区木地胶""",1,24,2024
"""看这分时就是引人入套，无量拉升。大单狂砸，龙虎榜一一家独大做T，这能涨？他策略如""",1,24,2024
"""今天拉不起来就需要走人了""",1,24,2024
"""小弟了，九鼎""",1,24,2024
"""今天会冲10元，信不信由你""",1,24,2024
"""头顶三炷香天下无敌""",1,24,2024
"""在不跑大跌了""",1,24,2024
"""三万手的压单每天雷打不动的压在上面，真牛逼，除了减持的，哪个做盘资金敢这么明目张""",1,24,2024
"""今早换成华金资本了，这股实在垃圾""",1,24,2024
"""威士顿，之类的互金不香吗？哈哈哈""",1,24,2024
"""感觉还要起来[坏笑][看多]""",1,24,2024
"""没跑的估计悬了""",1,24,2024
"""……""",1,24,2024
"""新力金融断板后唯一没有被A杀的金融板块龙头，这几天抛压很大，但相信风雨后最终看到""",1,24,2024
"""多方战胜空方""",1,24,2024
"""善意提醒 ：朋友担心，这只股票在出货。""",1,24,2024
"""这个坚持减持的股东真的没有任何格局啊！因为他的减持，不会想到，将会影响大盘啊！真""",1,24,2024
"""逃命机会""",1,24,2024
"""还有算了，高位了。""",1,24,2024
"""收盘跌停""",1,24,2024
"""快跑""",1,24,2024
"""还大金融，我""",1,24,2024
"""这么歹毒""",1,24,2024
"""三个上影线问你怕不怕""",1,24,2024
"""金融强国还没完，等风来""",1,24,2024
"""可以看空了""",1,24,2024
"""估计还得等10日线上来再二波i""",1,24,2024
"""小单拉大单砸，主力在拼命出逃，割""",1,24,2024
"""托单一出，必跌无疑""",1,24,2024
"""减持太坑了""",1,24,2024
"""多空激烈博傻""",1,24,2024
"""顶不住了""",1,24,2024
"""佩服，拼命卖公司""",1,24,2024
"""这股明牌了，拉升就是为了减持，坚守三天，失望了""",1,24,2024
"""无力上涨，一天天都在卖""",1,24,2024
"""快跑杂毛极大概率跌停""",1,24,2024
"""都跑了""",1,24,2024
"""早就弱了""",1,24,2024
"""拼命卖公司""",1,24,2024
"""这种垃圾不跑，等什么呢""",1,24,2024
"""fei物群体又赶跑主力，高位不突破，只能大跌，fei物""",1,24,2024
"""市值最小业绩最好就是不涨""",1,24,2024
"""垃圾""",1,24,2024
"""的确在坚持，拉起来就被大单砸下去，连续几天了""",1,24,2024
"""这抛压，板块和大盘背离""",1,24,2024
"""为了这个货我浪费了九鼎，哈尔斯，奥佳华。真的不甘心啊[哭][哭][哭]""",1,24,2024
"""新力金融就是一杂毛不要浪费时间了[大笑][大笑]""",1,24,2024
"""今天还买的绝对的SSBB""",1,24,2024
"""那个什么坚果妹，还有一个55开头的女头像的，还唱空吗？把帖子删了就找不到了？骗人""",1,24,2024
"""转发""",1,24,2024
"""看看有多少抖音推的韭菜[大笑]""",1,24,2024
"""今天该涨停板了10.31我说的""",1,24,2024
"""抖音老师推荐了，快跑吧""",1,24,2024
"""跌死他们""",1,24,2024
"""快跑啊，不跑三个跌停走起完蛋""",1,24,2024
"""跌停终于要来了""",1,24,2024
"""新力金融有望再次突破，清源股份回调到位，延华智能五日线附近留意机会即可""",1,24,2024
"""必上12""",1,24,2024
"""昨天大盘起来不拉明显套人""",1,24,2024
"""头顶两柱香，不死也得伤。因此昨天是最后止盈机会，今天是最后逃命机会。""",1,24,2024
"""这4个位置万手基本能确定是光大挂的，在加上没有挂的的预计手里还有6万多左右""",1,24,2024
"""新力金融：融资净偿还325.62万元，融资余额2.94亿元（01-23）""",1,24,2024
"""转发""",1,24,2024
"""买不到了吧，一会""",1,24,2024
"""古巴里面的多很多，只要有人唱多，绝对是多""",1,24,2024
"""1.24早评：新力金融，日久光电，建元信托，高新发展，浪潮信息，歌尔股份，信达证券""",1,24,2024
"""2024.1.24开盘预测""",1,24,2024
"""明天是涨还是跌？有请大神""",1,23,2024
"""神秘资金座着火车去拉萨！！！""",1,23,2024
"""牛逼克拉斯！！！加油！""",1,23,2024
"""头顶两住香，不死，也大伤""",1,23,2024
"""明天我想看lv大战庄，lv大获全胜行不行[哭][哭]""",1,23,2024
"""不发业绩预告么""",1,23,2024
"""回补8元缺口方能致远！""",1,23,2024
"""都说大股东减持？谁看见了？只有后台才看得见数据，再说减了多少？最近五天的换手率，""",1,23,2024
"""阿里美股大涨，新力作为互联网金融前龙头，明天应该起二波了""",1,23,2024
"""放量滞涨不看好出货了""",1,23,2024
"""力挺lv！！！明天干""",1,23,2024
"""新力金融高换手之后继续狂飙，大金融龙头""",1,23,2024
"""妖股降市[看多]""",1,23,2024
"""24日及后续走势分析:高位横盘四天了，看了看分时，后两天都是小量出货的，日线量能""",1,23,2024
"""输了就认""",1,23,2024
"""新力金融干货满满，谢谢分享，受益匪浅""",1,23,2024
"""新力金融节奏来了跟上""",1,23,2024
"""不知消息，趋势还是向上。""",1,23,2024
"""光大两天1亿5千万哪来的？""",1,23,2024
"""lv大哥，明天能不能打爆老庄！""",1,23,2024
"""中关村来了！大家小心""",1,23,2024
"""短线不好做，见好就得收。""",1,23,2024
"""今天的走势很奇怪""",1,23,2024
"""是不是可以这么算？关键词，因业务需要，对外担保。累计担保4亿多，这4意多是担保额""",1,23,2024
"""差点补跌，低位没那么好了，不过有资金，游刃有余""",1,23,2024
"""3个板后滞涨见顶果断清仓了，今天又3成仓低吸，想博弈它二波，明天开盘上冲不涨停就""",1,23,2024
"""感觉明天会跌停""",1,23,2024
"""话不多说""",1,23,2024
"""周二复盘总结：浪潮信息，广博股份，捷荣技术，爱旭股份，新力金融，信达证券""",1,23,2024
"""说某股东还有多少的，你们怎么知道他17号之前没出呢""",1,23,2024
"""感觉这个股会走牛！有没有人信？""",1,23,2024
"""大金融还要持续几天，新力金融还有向上动能。""",1,23,2024
"""如果明天还不高开（2），就低于预期了，要撤了！""",1,23,2024
"""配合出货""",1,23,2024
"""这么热闹明天冲高必须跑了。今天安心了都是接盘侠等在门外""",1,23,2024
"""大股东张敬红减持，预计还有7000万在手，正常来说不会清仓。所以目前应该是减持尾""",1,23,2024
"""明天跌停开，就好像我之前追高金龙羽一样，一追就大股东减持跌停开""",1,23,2024
"""深中华A实现11连板，指数真正企稳需要一根放量长阳线，否则都要谨慎（收盘复盘）""",1,23,2024
"""好过齐刷刷5个拉萨榜""",1,23,2024
"""头顶两住香，不死，也大伤""",1,23,2024
"""散户其实被起哄，买了不少。大资金不乐观，谨慎。""",1,23,2024
"""明天开盘价先进个80万""",1,23,2024
"""应该是换庄成功了，估计要开始快速拉升了[旺柴]""",1,23,2024
"""张敬红快十年的老股东了，这次是要清仓吗""",1,23,2024
"""这家伙两天出了1.26亿元的货，大约1300万股，手上还有1100万股没有出，大""",1,23,2024
"""1.23晚盘：特发信息，同兴环保，华瓷股份，华如科技，新力金融，东风汽车""",1,23,2024
"""张敬红卖的，他总共有2400万股2天出了1350万左右还有1000多万股上10万""",1,23,2024
"""光大不应该这个位置抛啊？这不抛这个位置早就连板了吧，3板说实话，位置并不高，尤其""",1,23,2024
"""股东套现明牌，2天卖出14万手左右，持仓22万手，这个玩意儿还有8万手需要砸，资""",1,23,2024
"""看图说话，中X这几天超大幅加多，大盘阶段底部确立，大金融先行，等待爆发吧。""",1,23,2024
"""别说了，明天跌停，因为今天我追高买了。我追高的票10个有8个第二天大低开跌停。""",1,23,2024
"""新力金融周二舆情热度""",1,23,2024
"""东方财富证券拉萨东环路第二营业部今日净买入7268.46万""",1,23,2024
"""东方财富证券拉萨团结路第二营业部今日净买入5924.52万""",1,23,2024
"""这个光大是来卖公司的吗，天天这么多货""",1,23,2024
"""大席位不是一个人的概率有多大？如果是，这席位两天净砸1点2亿，就算最高价9.7出""",1,23,2024
"""最大空头光大证券上海淮海中路营业部已清仓1.27亿""",1,23,2024
"""那个光大，终于卖光了！""",1,23,2024
"""为什么因为这个担保消息你们都在说跌停啊？有这么严重吗？""",1,23,2024
"""我就说昨天板上那6个一万手是光大用来砸盘的，它个手里还有货""",1,23,2024
"""担保股基本第二天一字板跌停""",1,23,2024
"""新主力国家队进场，救市先锋，明天涨停！""",1,23,2024
"""新力金融因成为当日换手率达到20%的证券上榜。新力金融当日收报9.37元，涨跌幅""",1,23,2024
"""多主力现身龙虎榜，新力金融换手率达36.99%（01-23)""",1,23,2024
"""光大哪来的这么多货，昨天买了七千多万今天又是五千多万""",1,23,2024
"""新力金融(600318)龙虎榜数据(01-23)""",1,23,2024
"""今天不是稳封嘛，明天就不好说""",1,23,2024
"""龙虎榜出来了，淮阳中路卖出5900万，昨天卖出7800万，真是卖不完啊""",1,23,2024
"""实力营业部现身龙虎榜，新力金融换手率达36.99%（01-23）""",1,23,2024
"""股东张敬红是否在减持公司股票""",1,29,2024
"""晚上12点挂跌停跑""",1,23,2024
"""新力金融：本次新增担保后公司及控股子公司对外担保总额约4.48亿元""",1,23,2024
"""榜呢？""",1,23,2024
"""1.23收评：指数缩量上涨，能否从此吹响反攻的号角，本周很关键！今天的行情主要还""",1,23,2024
"""新力金融:安徽新力金融股份有限公司关于公司为下属公司提供担保的公告""",1,23,2024
"""榜上五个拉萨会聚。""",1,23,2024
"""今天没榜吗？？""",1,23,2024
"""这个主力运气不好，你要是昨天没拉，今天拉板的话，你就会一下就成功了""",1,23,2024
"""1月23日收评：宏盛华源中午不回封、深中华A、剑桥科技封板。""",1,23,2024
"""9.5进来都能被套""",1,23,2024
"""走了，躲了昨天的大跌，感谢主力""",1,23,2024
"""1.23收总结，江苏吴中，深中华A，新力金融，首创证券，剑桥科技""",1,23,2024
"""这里面有主力吗？主力意图好猜吗？[旺柴]""",1,23,2024
"""继续关注。首阴后双阳，意味着横盘的概率比较大，不会马上大跌下去。明天跌下来的概率""",1,23,2024
"""我来了，这个位置没啥担心的""",1,23,2024
"""明天能给活路出去吗[哭][哭][哭]""",1,23,2024
"""明天还会跟风的不套人，，，，但是已经失去了地位，，，算了还是得出你了""",1,23,2024
"""明天能跑的过吗？不会大面吧""",1,23,2024
"""明天直接低开低走，极有可能砸跌停。快跑快跑快跑快跑。明天开始回补缺口了""",1,23,2024
"""一半是海水一半是火焰！""",1,23,2024
"""放这么大量还下跌，出货太历害了""",1,23,2024
"""兄弟部队先走，我独立团断后，掩护兄弟部队撤退[买入][买入][买入][买入][买""",1,23,2024
"""……不知道哪些在卖，好好的龙头砸废了[666]""",1,23,2024
"""你们卖压太大了。对的起人家主力吗""",1,23,2024
"""服务三农金融，融资租赁""",1,23,2024
"""跟风九鼎投资就知道弱了红牌马上卖出了""",1,23,2024
"""一群fei物在不停扫货，主力逼走了""",1,23,2024
"""看来低买高卖是对的，千万不能格局，今天都出完货了可能，明天不好说喽""",1,23,2024
"""新力金融暂时出来观望！""",1,23,2024
"""这么小盘子每天成交量这么大还上不去，筹码太分散了。散户多，庄家交货了""",1,23,2024
"""晚上看榜""",1,23,2024
"""就差一点点就红盘，真是可惜了。。。遗憾出局""",1,23,2024
"""明天跌停""",1,23,2024
"""果然！鸡蛋放错了篮子！在强图形与龙头之间错选假龙！痛失真龙涨停！以后还是乖乖放两""",1,23,2024
"""大金融最稳妥""",1,23,2024
"""筹码本来就砸的厉害，早上说了，就算翻红也得下来""",1,23,2024
"""今天有没有猫狗榜？""",1,23,2024
"""今天起不来危险了""",1,23,2024
"""明天低开，直接扑该""",1,23,2024
"""今天最后洗盘，拉撒大军撤走。""",1,23,2024
"""算了尾盘跑了[滴汗]这换手率看了就吓人.急拉急跌还好.半死不活还这个换手率""",1,23,2024
"""极端交易了吗？""",1,23,2024
"""明天高开还好，一旦低开就哦豁了。这两天天天巨量换手。主力也不知道卖出多少货。""",1,23,2024
"""昨天走势就能看出来，这只股抛压太大，幸亏跑了，要不然又套住了""",1,23,2024
"""$新力金融(SH600318)$""",1,23,2024
"""再也不见""",1,23,2024
"""还是要谢谢新力，虽然砸盘很凶，没挣钱，但是也算躲过大跌，谢谢""",1,23,2024
"""前晚预报昨日8.08干新力昨日没有到位，昨日继续预报今日8.90附近介入，今日最""",1,23,2024
"""今天这是什么盘面？券商在拉，多元金融在拉，柚子来拉庄偏偏要出货，儿""",1,23,2024
"""除了做T的877的仓位，剩下的重仓全在977跑了。""",1,23,2024
"""格局一天耽误了这么多时间，结果就这？还龙头，哭死""",1,23,2024
"""1个多亿的压单，槽你老庄[怒]""",1,23,2024
"""今天虽然不及预期，但是盘中还是很强势，尾盘看起来也不错，收盘价也很好，大有明天从""",1,23,2024
"""太可怕了，这哪来的这么多的卖盘？昨天买的今天卖？今天买的明天卖？还是融券砸的，限""",1,23,2024
"""留了一点底仓等涨停的，今天也清仓了，留下的兄弟发财，真是洗盘我也认了""",1,23,2024
"""的""",1,23,2024
"""按第三季度业绩，年报大概率预增超50%，根据规定是不是需要进行年报预增公告""",1,29,2024
"""新力金融≠多元金融，更≠大金融，拉个三板就以为飞上枝头变凤凰了？九鼎上次可是四进""",1,23,2024
"""明天再不往上就废了！""",1,23,2024
"""就问你们服不服""",1,23,2024
"""9.40收盘""",1,23,2024
"""今天进来的、明天面汤都没喝""",1,23,2024
"""一只票不怕全是散户买，更不怕全是散户卖的！最怕的就是一半散户买，一半散户卖。就有""",1,23,2024
"""只有一种可能了，劳动路在里面做T，而且是减仓T的""",1,23,2024
"""这票废了，这样搞后面不会有游戏来做多了""",1,23,2024
"""怕了怕了""",1,23,2024
"""不慌""",1,23,2024
"""快买华金资本，这股实在垃圾""",1,23,2024
"""呀，垃圾""",1,23,2024
"""白忙了一天只涨了1分""",1,23,2024
"""每天量很大，天天分歧，前天进的拿刀桶昨天，昨天桶今天，今天桶明天。[滴汗]""",1,23,2024
"""……""",1,23,2024
"""心不齐，总有内鬼，闪了""",1,23,2024
"""有多快跑多快，快买华金，这股太垃圾啦""",1,23,2024
"""金融刚启动，别下车，坐稳扶好""",1,23,2024
"""确实没得玩，家人们好多都来买它，主力直接去拉九鼎投资。新力废了""",1,23,2024
"""先出来了""",1,23,2024
"""现在这个公司大股东都升级成小散户了[旺柴]减持的也不剩多少了吧""",1,23,2024
"""这么大的量就这个德性，走人""",1,23,2024
"""大盘在底部，怕什么，""",1,23,2024
"""垃圾一天了还不启动""",1,23,2024
"""没错吧，就是要砸死它，不然大盘不是飞了""",1,23,2024
"""没错吧，就是要砸死它，不然大是不是飞了""",1,23,2024
"""明天跌停闷杀了""",1,23,2024
"""你要接好多货，我卖给你""",1,23,2024
"""尾盘熟悉的配方 熟悉的味道""",1,23,2024
"""每天都尾盘跳水""",1,23,2024
"""看看能不能收红了。""",1,23,2024
"""板块大涨龙头股不涨停铁定要耍流氓""",1,23,2024
"""这么大的抛压不是大股东减持不可能，游资手里面没有这么多货""",1,23,2024
"""831961题材独特，爆发在即。""",1,23,2024
"""庄今天出得差不多了，进来一堆""",1,23,2024
"""家人们看强买弱追高牛逼啊[旺柴]""",1,23,2024
"""卖公司""",1,23,2024
"""还是外围ETF好啊，T+0""",1,23,2024
"""，作孽啊，分了一般仓位给你，全都给九鼎多好""",1,23,2024
"""跑啊跑啊跑啊！""",1,23,2024
"""垃圾，""",1,23,2024
"""就你最垃圾了""",1,23,2024
"""龙头被完成了跟风股。[囧]""",1,23,2024
"""[奸笑]今天表现不佳，这么大的量能都不去突破""",1,23,2024
"""打电话问问是不是在卖公司""",1,23,2024
"""有九鼎投资这个就废了，九鼎比这垃圾走的好多了""",1,23,2024
"""一堆小弟在给这货架势，真不中用。""",1,23,2024
"""快跑啊""",1,23,2024
"""水？""",1,23,2024
"""板块倒数的飞舞，还龙头""",1,23,2024
"""卖早了[大哭][大哭]水下割了就涨起来了，被盯上了吗[哭][大哭]亏60""",1,23,2024
"""资金出逃，恶庄出货套人了，每次反弹都是逃命的机会，不好，又跌下去了，明天低开闷杀""",1,23,2024
"""买不完，根本买不完。它在卖公司""",1,23,2024
"""这大佬昨天压涨停价，今天还是昨天的那个涨停价压着""",1,23,2024
"""典型的拉后排，掩护龙头出货""",1,23,2024
"""随时断头""",1,23,2024
"""这是要想干嘛？""",1,23,2024
"""小弟都走到前面开门恭送了""",1,23,2024
"""跑跑跑。游质疯狂出货。卖。明天大跌""",1,23,2024
"""废了""",1,23,2024
"""买不完，根本买不完[捂脸]""",1,23,2024
"""卖""",1,23,2024
"""抛压为什么这么强？也没融券啊""",1,23,2024
"""2万亿拉了""",1,23,2024
"""明天危险了""",1,23,2024
"""这垃圾，被九鼎卡玩被华金卡""",1,23,2024
"""今天不正常，两个龙头新力和大智慧不涨，后排九鼎和华金大涨""",1,23,2024
"""新力不拉，华金不敢封板。""",1,23,2024
"""华金都上了~""",1,23,2024
"""新力金融超级大盘股""",1,23,2024
"""这个票想干啥，我咋没看懂""",1,23,2024
"""这里的老庄家里年年办白事""",1,23,2024
"""今天能出头上吧，不上撤了""",1,23,2024
"""板块三个点了，大盘还在拼命啦给点力""",1,23,2024
"""太弱了，风紧，扯呼""",1,23,2024
"""我是韭菜啊[大哭]惨了[大哭]我水下-2%割了，现在居然红盘了，亏60块[哭]""",1,23,2024
"""尾盘马上下来，[呲牙]""",1,23,2024
"""9.79要是过不去，就歇歇吧""",1,23,2024
"""老庄出货，先出来观望新入的大哥什么态度""",1,23,2024
"""股""",1,23,2024
"""资金出逃，恶庄出货套人了，每次反弹都是逃命的机会，不好，又跌下去了，融券砸盘了，""",1,23,2024
"""获利盘太多了""",1,23,2024
"""资金出逃，恶庄出货套人了，每次反弹都是逃命的机会，不好，又跌下去了，""",1,23,2024
"""好好的龙头股被融券砸烂。远离垃圾""",1,23,2024
"""鲁银投资，最几个月九鼎投资，香溢融通，新力金融，银宝山新AMC和创投股都其行情""",1,23,2024
"""融券客这么猛？""",1,23,2024
"""卧槽卧槽卧槽卧槽卧槽卧槽卧槽卧槽卧槽卧槽卧槽涨停涨停涨停涨停涨停涨停涨停涨停涨停""",1,23,2024
"""被九鼎卡位了""",1,23,2024
"""年底了，机构要杀猪了。又要跌下去了，完了""",1,23,2024
"""昨天打板进，今天早盘出，[哭]亏十个点""",1,23,2024
"""真难搞啊，点火根本点不动，为什么一档里面有几千W挡着啊，真要全换手啊""",1,23,2024
"""这个盘口，像是大资金持续买，但是散户不愿意跟""",1,23,2024
"""9.68高抛部分""",1,23,2024
"""早上9块买的，看来能喝口汤[大笑][大笑][大笑]""",1,23,2024
"""快点上车了""",1,23,2024
"""该票明天又是水下七八个点""",1,23,2024
"""洗盘完毕，该突破了，一突破后面5个涨停妥妥的""",1,23,2024
"""老庄假拉猛出货""",1,23,2024
"""放天量暴力拉升说明资金持续看好志在长远。""",1,23,2024
"""反包涨停""",1,23,2024
"""今天得站上10""",1,23,2024
"""打一点玩玩，看看能不能涨停！""",1,23,2024
"""买不完，根本买不完，A股有世界上最全的做空机制，融券，限售股转融通，各种砸盘，这""",1,23,2024
"""九丙成龙头了""",1,23,2024
"""九鼎投资都板了券商也顶起来了就差你了""",1,23,2024
"""卖卖卖冲不上去。""",1,23,2024
"""尾盘涨停""",1,23,2024
"""跑跑跑""",1,23,2024
"""多元金融上周的龙头请你觉醒吧""",1,23,2024
"""卖公司的股票，根本买不完[哭]""",1,23,2024
"""融券砸盘了，大家小心，明天低开闷杀""",1,23,2024
"""还得是新力[赞]""",1,23,2024
"""一度以为是多元金融的龙头，连板块平均涨幅都跟不上，比九鼎差远了，真是没想到，不该""",1,23,2024
"""龙虎榜，五个家人""",1,23,2024
"""销户了不再碰""",1,23,2024
"""久盘必跌，该涨不涨。""",1,23,2024
"""大盘都这么给力了，你都上不去、还有啥用啊""",1,23,2024
"""拉高出货""",1,23,2024
"""请问这是多元金融龙头吗？这么大成交量板块都跑不过""",1,23,2024
"""突破突破，向上突破""",1,23,2024
"""故意打压不给网上拉？""",1,23,2024
"""这帮机构想让大盘跌，所以不计成本的狂砸新力，真是内奸不除股市无宁时啊！""",1,23,2024
"""恶庄……假反弹诱多套人。反弹后顶部出逃1584万，明天低开闷杀套人了，大家小心，""",1,23,2024
"""你特么还等什么！！！！大金融起飞了""",1,23,2024
"""能不能过个肥年，就靠你了！""",1,23,2024
"""[奸笑]别人九鼎都助攻了，还是不肯出力，大家这么不看好大盘吗？""",1,23,2024
"""坏事了，赚了几根鸡毛被洗盘了，我真是服气""",1,23,2024
"""恶庄……托单诱多套人，大家小心恶庄出货砸盘""",1,23,2024
"""干  大龙头""",1,23,2024
"""有拉萨在里面，分歧太大了""",1,23,2024
"""我劝大家还是快跑，远离这个股""",1,23,2024
"""止盈了，接近40点肉，看不清是主力强力洗盘还是坚决出货，获利跑了六层，如果是洗盘""",1,23,2024
"""赚几百先走了""",1,23,2024
"""大盘要企稳，大金融肯定是护盘主力，大金融里面，多元金融又是股性最为活跃的分支，新""",1,23,2024
"""被九鼎切了，马德！""",1,23,2024
"""这个就是不停出货""",1,23,2024
"""买进新力金融""",1,23,2024
"""垃圾股，做了两次倒T，自己玩吧，庄股""",1,23,2024
"""一口老血[哭]""",1,23,2024
"""40亿的盘子比400亿的抛压还重里面的空头我只能说6""",1,23,2024
"""得嘞！九鼎成功，你憨憨一个""",1,23,2024
"""必须压住不让涨，不然大盘飞了""",1,23,2024
"""拉高出货、立马就下来了""",1,23,2024
"""转发""",1,23,2024
"""好家伙 一上午裤衩都洗穿洞了 一卖就涨 安了监控么？""",1,23,2024
"""恶庄托单诱多套人，大家小心恶庄出货砸盘""",1,23,2024
"""他娘的，九鼎成你大哥了？是可忍，孰不可忍啊""",1,23,2024
"""垃圾，竟然让九鼎抢风头了，""",1,23,2024
"""卧槽卧槽卧槽卧槽卧槽卧槽卧槽卧槽卧槽卧槽卧槽涨停涨停涨停涨停涨停涨停涨停涨停涨停""",1,23,2024
"""这量能，肯定要上涨啊""",1,23,2024
"""九鼎板了""",1,23,2024
"""这票的空头，太猖狂了""",1,23,2024
"""快跑啊。9.66""",1,23,2024
"""这空头是要卖公司吗，主力真的尽力想去拉了""",1,23,2024
"""这是被九鼎卡位了嘛？""",1,23,2024
"""涨停回落""",1,23,2024
"""还要九鼎投资来带，本身就弱了，""",1,23,2024
"""板块拉升""",1,23,2024
"""套路套路套路套路套路套路套路套路套路套路套路套路套路套路套路套路套路套路套路套路""",1,23,2024
"""这垃圾还不跌停？""",1,23,2024
"""快跟上九鼎""",1,23,2024
"""卧槽卧槽卧槽卧槽卧槽卧槽卧槽卧槽卧槽卧槽卧槽卧槽卧槽卧槽卧槽，涨停涨停涨停涨停涨""",1,23,2024
"""不这样上下跑一跑、咋骗人进来呢？没人进来、主力咋出货、""",1,23,2024
"""你是垃圾""",1,23,2024
"""这个主力太差了，出货一眼就被看出来了""",1,23,2024
"""没量了""",1,23,2024
"""今天，柚子和老鼠仓基本上都跑了""",1,23,2024
"""前几天一字板的气势哪去了""",1,23,2024
"""买入8000股。""",1,23,2024
"""下一气呵成，上一点好艰难，废了""",1,23,2024
"""新力和大盘反向了，大盘烂的时候指望拉金融护盘，现在大盘避开金融直接拉人工智能大票""",1,23,2024
"""绿色金融就是要打压它，不然大盘就上去了，怎么绿色啊？？""",1,23,2024
"""出货了""",1,23,2024
"""买了点，护盘""",1,23,2024
"""大盘涨你反停怎么搞的，不会涨啊""",1,23,2024
"""这个位置盘旋几天了，换手量太大了，保护好到手的利润""",1,23,2024
"""杀""",1,23,2024
"""出货图形""",1,23,2024
"""再见，""",1,23,2024
"""拼命出货，趁大盘起来了，主力加大出货了，不跟金融就了""",1,23,2024
"""大盘逆子""",1,23,2024
"""收盘跌停""",1,23,2024
"""换手率太高出贷了，跌停收盘""",1,23,2024
"""加仓""",1,23,2024
"""跟昨天一样，走着走着就不装了，直接下跌""",1,23,2024
"""求你拉红我清仓行吧[哭]""",1,23,2024
"""今天的量能萎缩，股价能稳住，就有希望""",1,23,2024
"""卖了，去买科技股，CPO""",1,23,2024
"""挂单9.7居然不成交""",1,23,2024
"""只要红我就清仓，垃圾玩意，买你浪费行情""",1,23,2024
"""砸也砸不下去，拉野也拉不上去""",1,23,2024
"""搞不好这货下午要拉起涨停，""",1,23,2024
"""厉害！再观察""",1,23,2024
"""这是什么垃圾？""",1,23,2024
"""还不拉，等啥呢""",1,23,2024
"""这票真的很努力[捂脸]""",1,23,2024
"""董秘你好，请更新一下股东权益变动表，员工股减持之后被谁买去了。""",1,29,2024
"""转发""",1,23,2024
"""果然开始出货了""",1,23,2024
"""能红盘就知足这种行情下真的太难了""",1,23,2024
"""$新力金融(SH600318)$""",1,23,2024
"""早盘介入个股昨日午盘就己经关注了[发财][发财][上涨]早盘冲高出局晶澳科技。昨""",1,23,2024
"""又在诱多，赶紧撤""",1,23,2024
"""五日都不破，担心个毛""",1,23,2024
"""资金自救""",1,23,2024
"""这票已经废了，跑了""",1,23,2024
"""它和大盘及板块反着来，大盘及板块涨它就跌。""",1,23,2024
"""下午会不会涨停呢！[想一下]""",1,23,2024
"""逻辑已经不在了，那就没有理由继续持股，涨到天上去也不来了。本身之所以前几天还格局""",1,23,2024
"""NND,气死我了，当初就不应该卖了这个补统一股份，统一亏了我10万，左江虽然仓位""",1,23,2024
"""新力金融昨天早盘犹犹豫豫不进，结果打板进，结果到今天，早盘卖了，亏了差不多十个点""",1,23,2024
"""今天明显诱多，翻红也得下去，多头被打爆，不敢动，出货中，出完就砸""",1,23,2024
"""叫华华金融呢？""",1,23,2024
"""我卖了就拉真是服了""",1,23,2024
"""垃圾票，饼画的不小，多元金融[滴汗]""",1,23,2024
"""跌停股""",1,23,2024
"""别人在护盘你却补跌""",1,23,2024
"""换手太高了，装载出货""",1,23,2024
"""五日线低吸就行，看趋势""",1,23,2024
"""我不跟这老阴笔玩！！！！！！！！！！！！！！！！！！！""",1,23,2024
"""会不会突然涨停""",1,23,2024
"""8.8进9.02出9.0进9.6出，超短线咬一口，谢谢主力""",1,23,2024
"""溜了溜了。不玩了。""",1,23,2024
"""卧槽卧槽卧槽卧槽卧槽卧槽卧槽卧槽卧槽卧槽卧槽卧槽卧槽卧槽卧槽卧槽卧槽卧槽卧槽卧槽""",1,23,2024
"""没必要盯着看，下就跌停，上就涨停，哇哇哇刷屏不累吗""",1,23,2024
"""费了，指望大盘就是个严重错误，尾盘跌停5拉萨，明天又低开，凉了""",1,23,2024
"""做T撤退呢""",1,23,2024
"""这时间点上还套人，太损了""",1,23,2024
"""带“融”字的票果然都不能碰""",1,23,2024
"""深中华成交11亿，新力10亿，盘子深中华还比较大的""",1,23,2024
"""随他去吧""",1,23,2024
"""感谢主力不杀之恩，9.61走人[抱拳]""",1,23,2024
"""这图形还看什么""",1,23,2024
"""周三大探底！！！！！！！！！！！！""",1,23,2024
"""跑咯，不行了""",1,23,2024
"""都走了，加速逃离大A，让他们自己玩吧。""",1,23,2024
"""今天要涨停？""",1,23,2024
"""这货就在洗澡，洗净再说，""",1,23,2024
"""涨起来涨起来涨起来涨起来涨起来涨起来涨起来涨起来涨起来涨起来涨起来""",1,23,2024
"""卧槽卧槽卧槽卧槽卧槽卧槽卧槽卧槽卧槽卧槽卧槽卧槽卧槽，涨涨涨涨涨涨""",1,23,2024
"""买了同兴环保""",1,23,2024
"""今天所有主力都清完了，就剩散户了""",1,23,2024
"""早盘都清仓了，只留下几百股，随便你表演了!""",1,23,2024
"""我就不走，这个位置底部启动不过三十个点""",1,23,2024
"""不让做空了，你们猜下午如何""",1,23,2024
"""繁花里的小单拉大单砸""",1,23,2024
"""重要的事说三遍！！！左手倒右手出货中！！！！""",1,23,2024
"""哈森地天了你给给力吧""",1,23,2024
"""注意风险""",1,23,2024
"""老爷爷走路，随时要倒[大笑]""",1,23,2024
"""废了，大逃亡！！！！清错也要清""",1,23,2024
"""挺好的 非得把自己玩废掉""",1,23,2024
"""估计今天呼家楼走了""",1,23,2024
"""鄙视各大机构的同时，我也跑了。看谁跑得快""",1,23,2024
"""转发""",1,23,2024
"""风紧，扯呼！""",1,23,2024
"""每天40多的换手[亏大了]""",1,23,2024
"""不出意外，新力金融肯定是要补跌的，平盘和均线附近一直在用各种手法诱多，找人接盘，""",1,23,2024
"""老人孩子先走""",1,23,2024
"""一鼓作所，再鼓而衰，三鼓而竭！！！此股以废，拉高清！！！""",1,23,2024
"""我真的太垃圾了。买啥啥不行。明天我买深中华，看看运势。""",1,23,2024
"""主力出货，建议离场观望""",1,23,2024
"""上影线就不行了""",1,23,2024
"""这个股票为什么这么大的成交量，换手率这么高，应该是上天入地的行情了，要么上天，要""",1,23,2024
"""第二次进来，赚一个点能跑都满足了，大盘太不稳了，还是先出来比较好""",1,23,2024
"""撤退咯拜拜""",1,23,2024
"""收盘是上引线就别碰，""",1,23,2024
"""不行了，金融拉升他都不跟了""",1,23,2024
"""买日经吧！""",1,23,2024
"""唉，躺在这里不香么，的""",1,23,2024
"""这是一场融资和融券的巅峰对决，用新力把融券干爆，大盘才能好起来。""",1,23,2024
"""有没有可能那个张敬红在减持""",1,23,2024
"""[晕]""",1,23,2024
"""早盘介入跟随的股友请注意风险[上涨][上涨]出局这个行情勉强喝一点汤[发财][发""",1,23,2024
"""这个位置是最佳出货的位置""",1,23,2024
"""拉萨军团在，还做梦""",1,23,2024
"""快跑，出货了""",1,23,2024
"""一直点火一直被砸""",1,23,2024
"""从龙成了虫，哎。。。""",1,23,2024
"""近十亿的成交都在水下，赶紧跑吧""",1,23,2024
"""这个肯定没戏""",1,23,2024
"""这么小的盘子有多少空头筹码？一般都是空头？""",1,23,2024
"""跑""",1,23,2024
"""我就知道大盘一回落新力必起来[呲牙][呲牙][呲牙][呲牙]""",1,23,2024
"""拉的太生不流畅了""",1,23,2024
"""光大证券，淮阳中路筹码卖不完吗""",1,23,2024
"""10.33反包，我说的[怒]""",1,23,2024
"""金融龙头？""",1,23,2024
"""兄弟姐妹们别去追高赚钱不易哈""",1,23,2024
"""打爆空狗""",1,23,2024
"""这种出货手法，不是我悲观，今天负5手盘""",1,23,2024
"""这股不能玩有人恶意做空""",1,23,2024
"""气氛烘托到了，还不开始？""",1,23,2024
"""昨天跑的牛掰，今天没敢接回来，入了光模块""",1,23,2024
"""先格局一会，新开仓江苏华辰""",1,23,2024
"""空头太强了，就是拉不上去""",1,23,2024
"""追高必死，今天不能追""",1,23,2024
"""蓄势待发，还是高位出货，拭目以待！""",1,23,2024
"""今天不涨停等待何时！！！""",1,23,2024
"""10点半后拉红""",1,23,2024
"""这庄恐怕有病""",1,23,2024
"""冲高套人""",1,23,2024
"""看好金融的，相信你能带起来，结果板块起来你还趴着""",1,23,2024
"""借着证券利好出货了，昨天没涨停就已经被资金放弃了""",1,23,2024
"""摩擦摩擦""",1,23,2024
"""大盘涨他不会涨的""",1,23,2024
"""一身反骨""",1,23,2024
"""金融板块红了为什么还不上去？""",1,23,2024
"""深中华断板，新力顶上""",1,23,2024
"""新力金融没能主动上攻，风头还是被光伏cpo抢了，只能看次主线了。毕竟，光伏Cpo""",1,23,2024
"""这票9.35上方""",1,23,2024
"""大盘拉升，多元金融板块普涨，看戏""",1,23,2024
"""两个龙头我都买了一点，拉指数还得金融发力，先拉信心，不然都没得玩""",1,23,2024
"""青铜，鉴定完毕""",1,23,2024
"""溜了溜了""",1,23,2024
"""你一手我一手，一起顶板""",1,23,2024
"""这周的底部就是8.74了[微笑]""",1,23,2024
"""新力龙头涨停,谁的心量大力量大""",1,23,2024
"""卖了，吓人""",1,23,2024
"""真是无语了，红盘没出，现在咋办""",1,23,2024
"""40亿的盘子，比400亿的还难拉""",1,23,2024
"""拜拜了您嘞""",1,23,2024
"""今天小盘股又被抛汪汪队弃了，因为一拉不起来指数，二垃圾股太多，汪汪队是瞧不上这些""",1,23,2024
"""曝：1月22号准确抄底，依旧没能挣钱！""",1,23,2024
"""上车早了点，坐等挨打""",1,23,2024
"""刚刚红就跑路了，太危险了""",1,23,2024
"""下面假拖单假拖单..庄股下面假拖单假拖单出货..跌停跌停""",1,23,2024
"""跌停进场""",1,23,2024
"""下面假拖单.下面假拖单..庄股出货跌停跌停下面假拖单""",1,23,2024
"""看看华金，再看看你，唉！""",1,23,2024
"""今天明天无论涨跌，不卖，账户锁仓""",1,23,2024
"""到顶了，双胞胎数字[主力][主力][主力]""",1,23,2024
"""真爽，早上开盘加仓，红盘就出""",1,23,2024
"""买""",1,23,2024
"""继续来喷""",1,23,2024
"""今天被埋我也心甘情愿，昨天呼家楼让我见识到了格局和一方游资之所以能成为游资理由""",1,23,2024
"""低开好事""",1,23,2024
"""跌停就进，外面也不安全，低吸新力比在外面保险""",1,23,2024
"""今天跌停""",1,23,2024
"""补跌""",1,23,2024
"""什么玩意""",1,23,2024
"""新力，新力，新资生产力。""",1,23,2024
"""完了，大家都说跌停了""",1,23,2024
"""在下拉萨团结路二路请求出战""",1,23,2024
"""之前拉科技，没护起来，现在拉大金融，今天如果龙头新力大跌，那大盘估计又是惨不忍睹""",1,23,2024
"""都说今天一字跌停，怎么办？好慌啊。""",1,23,2024
"""看K线就知道今天低开低走回补缺口。昨天是涨停后的最后出逃机会""",1,23,2024
"""新力金融周二走势预析！""",1,23,2024
"""$东风汽车(SZ873708)$ $华如科技(SZ301302)$ $新力金融""",1,23,2024
"""看k线就知道今天又是一个跌停""",1,23,2024
"""【1.23】盘前数据补充：北上资金、量能指标、个股浏览热度变化、ETF数据。""",1,23,2024
"""站风口，唱戏了，今曰涨停。""",1,23,2024
"""123舆情热度""",1,23,2024
"""无聊的盘面，盘中真都懒得看一眼，shi一样。这两天呆在新力，浮盈3.5％。这盘面""",1,23,2024
"""新力金融：融资净偿还166.37万元，融资余额2.97亿元（01-22）""",1,23,2024
"""$新力金融(SH600318)$""",1,23,2024
"""转发""",1,23,2024
"""转发""",1,23,2024
"""这票都能没人关注？都到15名了，人都去哪了""",1,23,2024
"""1.23早盘策略：打出高度吧，今日看情绪弱修复。新力金融，华鼎股份，延华智能，华如科技。""",1,23,2024
"""今天是下跌中继还是？只看金融能否站起来了，新力金融 九鼎股份、国盛金控、大智慧 晨光新材  爱旭股份，伊戈尔""",1,23,2024
"""且看反弹，夹缝中求得一日安乐！今日观察：C腾达，东岳硅材，延华智能！""",1,23,2024
"""很好，""",1,23,2024
"""1.23早评：华鼎股份，延华智能 ，音飞储存，新力金融，宏盛华源之策略！""",1,23,2024
"""耐心等待（0123）""",1,23,2024
"""今天是下跌中继还是？只看金融能否站起来了，新力金融 九鼎股份、国盛金控、大智慧 晨光新材 爱旭股份，伊戈尔 清源股份 剑桥科技 """,1,23,2024
"""1.23早盘:东风汽车、新力金融、同兴环保、华瓷股份、华如科技、清源股份""",1,23,2024
"""1.23早评：新力金融，广博股份，浪潮信息，歌尔股份，捷荣技术，爱旭股份，信达证券""",1,23,2024
"""早盘：哈投股份，浪潮信息，赛伍技术，新力金融，九鼎投资今日策略""",1,23,2024
"""江疏影爆仓1亿！最新表态来了！新力金融，文一科技，苏常柴A，海印股份，大智慧""",1,23,2024
"""1.23早盘:普跌行情，静待奇迹，东风汽车、新力金融、同兴环保、华瓷股份、华如科技、清源股份""",1,23,2024
"""今天低开闷杀，还是高开涨停踏空呢？""",1,23,2024
"""人气在降，跌停有望""",1,23,2024
"""趋势来源于信念""",1,23,2024
"""7000w融券做空？明天就打爆你！""",1,23,2024
"""新力金融，今天盘口承接是超预期的，指数稍微向上，个股都是跟随共震向上的，尾盘14""",1,23,2024
"""很难，最佳估计每天都是恶战，药一直盯盘不敢松懈，晚安大家""",1,22,2024
"""5000多家跌，就100多家涨，早知道满仓中华，估计会超过圣龙的14板，都在跌就""",1,22,2024
"""明天吃地板了""",1,22,2024
"""预告：国新办1月25日就金融服务经济社会高质量发展举行新闻发布会财联社2024-""",1,22,2024
"""各位大哥这个还能格局吗？""",1,22,2024
"""明显有融券，成交量这么大""",1,22,2024
"""希望明天别拉小盘子证券了，要拉就拉大盘子市盈率低的证券，小盘子起不到带头作用""",1,22,2024
"""晚评：新力金融，浪潮信息，九华旅游，常山北明，惠发食品，歌尔股份，广博股份，信达证券""",1,22,2024
"""重要提示！市场暴跌只有这个方向可以赚钱！""",1,22,2024
"""新力金融今年的股市""",1,22,2024
"""明天跌停，大家看看""",1,22,2024
"""开始走趋势""",1,22,2024
"""新力金融中国股市""",1,22,2024
"""百十只的行情，何处是底？一月二十二日复盘（信达证券，新力金融，世纪华通）""",1,22,2024
"""9.39""",1,22,2024
"""光大有境外背景吗？""",1,22,2024
"""明天跌停抄半仓""",1,22,2024
"""啊！！！两市5000支下跌，100多支跌停板，近4000支跌幅超-5％，太可""",1,22,2024
"""今天高点出来了，现在行情，实在没信心格局。目前最看好的还是金融板块，但是现在里面""",1,22,2024
"""主力出货，果断离开。明天在不跑，后悔莫及。""",1,22,2024
"""等了一天才买进""",1,22,2024
"""新力金融和九鼎投资接下去谁会走的更好？""",1,22,2024
"""今天的幸运，来自主力的维护！""",1,22,2024
"""二阳夹一阴后市看跌，或者涨""",1,22,2024
"""等了一天的机会""",1,22,2024
"""这不就是安奈儿吗，哈哈哈哈，周五就觉得像了""",1,22,2024
"""今天新力，如果没有呼家楼撑着，新力得让光大给砸跌停了，给呼家楼点赞""",1,22,2024
"""明天一字涨停，今晚挂单看能不能抢到。""",1,22,2024
"""这个股吧有个高手！""",1,22,2024
"""收评，今天缩量反包，烂板长上影，明天不过高就有低点了，大盘不好谨慎参与。关注我每""",1,22,2024
"""周二如低开，建议立即走人，后面的话就不说了""",1,22,2024
"""今天把家用轻工和景点旅游都走了，早上入手了通信设备和饰品。""",1,22,2024
"""失望的市场！为股民说句公道话！新力金融，文一科技，大智慧，日久光电，华控赛格""",1,22,2024
"""这个股是当下a股最活跃的票，啥时候a股能像这个票这么活跃就行了，平均每2天3天成""",1,22,2024
"""还好延华智能涨停了，不然酷儿都要亏脱""",1,22,2024
"""致敬呼家楼大哥！！15年的时候，呼家楼出来救市，一己之力扛起大旗！！！此刻大盘面""",1,22,2024
"""[怒][怒]绿毛龟大A...你掀棹子~哥不跟你玩了不行吗[傲]。～草………""",1,22,2024
"""明天很重要""",1,22,2024
"""连续的主力换手肯定是有什么事情即将发生，金融业换手高而且集中说明了一个问题。他们肯定是有动作的。非砸既涨。""",1,22,2024
"""2700点保卫战开始，深中华A十连板，清源股份 伊戈尔 剑桥科技 新易盛 新力金融 大智慧""",1,22,2024
"""华子辈不到，新力起不来""",1,22,2024
"""一群二哈们，不把空方逼出来，谁敢拉升，现在我们都是同一战线，没人会抛，空方已经获""",1,22,2024
"""2700点保卫战开始，深中华A十连板，金刚光伏 清源股份 伊戈尔 剑桥科技 新易盛  新力金融 大智慧 华立股份 沐邦高科 """,1,22,2024
"""明天还妄想低开拉升？这个票明天直接一字跌停好不好[旺柴][旺柴][旺柴][旺柴]""",1,22,2024
"""一声长叹～""",1,22,2024
"""这个股只要一拉就有人气，可以观察""",1,22,2024
"""确定的金融大龙头，今天几个股在跟""",1,22,2024
"""明天五天线9.19。只要破五天线直接走。高开就加仓。""",1,22,2024
"""目前具备身为优势，大盘一旦反转，还有上升空间，如果大盘持续下砸，一样要凉""",1,22,2024
"""1.22晚评：音飞储存，宏盛华源，晨光新材，恒兴新材之总结！""",1,22,2024
"""今天所有板块开始破位，没有止跌迹象目前来看，需要继续寻低，2700有破防的可能。""",1,22,2024
"""完了，全是拉萨""",1,22,2024
"""今天我真的非常感慨，在A出问题的时候，又是呼家楼站了出来救世，老妆真的不是人，致""",1,22,2024
"""东方财富证券拉萨团结路第二营业部今日净买入7341.88万""",1,22,2024
"""东方财富证券拉萨东环路第二营业部今日净买入4309.38万""",1,22,2024
"""新力金融舆情热度""",1,22,2024
"""明天低开闷杀""",1,22,2024
"""散户集中营，哈哈""",1,22,2024
"""今日新力金融股价背后有什么？-(2024.01.22)股票交易力解析报告""",1,22,2024
"""卖榜资金量之大，可以看出资金疯狂做空国内股市""",1,22,2024
"""大家来背公式了：巨量换手+拉萨入场=跌停""",1,22,2024
"""一个没有涨停的票，人气还那么高，服了""",1,22,2024
"""1月22日涨停复盘：""",1,22,2024
"""光大证券北京建外大街很牛啊""",1,22,2024
"""拉萨霸榜，没办法""",1,22,2024
"""新力金融(600318)龙虎榜数据(01-22)""",1,22,2024
"""1.22收评：爱旭股份、新力金融，出泰尔股份，留直真科技。""",1,22,2024
"""机构现身龙虎榜，新力金融换手率达39.40%（01-22）""",1,22,2024
"""上周五抄的底，有幸在你这里躲过一劫[捂脸]""",1,22,2024
"""深中华10连板，大盘指数再创新低，要么空仓要么抱团（收盘复盘）""",1,22,2024
"""今天没有榜吗""",1,22,2024
"""2024.1.22打板进600318新力金融""",1,22,2024
"""回首当初，你有看到帖子管住手吗？""",1,22,2024
"""明天直接跌停开了，补跌""",1,22,2024
"""都来新力抱团取暖吧，现在价位也还好，换手率高，来去自由，总比在外面挨凑要好。""",1,22,2024
"""1.22日晚评；新力金融，华金资本，深中华A，ST左江，这样的下跌还能看到希望吗？""",1,22,2024
"""1.22日收评；今天这样的下跌是否到冰点了？深中华A，新力金融，华金资本，ST左江""",1,22,2024
"""大金融板块异动拉升，新力金融触及涨停，九鼎投资、信达证券、齐鲁银行、招商银行、国""",1,22,2024
"""今天会有榜吗？""",1,22,2024
"""猜对的绘糖吃！""",1,22,2024
"""初次入坑，我是幸运的！决定先退隐江湖，择年再战！""",1,22,2024
"""早上跑了，今天空仓，看来是对的，完全没有格局的能力""",1,22,2024
"""新力金融：深中华10板，抱团保平安。龙头战法，只做最强。""",1,22,2024
"""明天就去开融券，哈哈哈哈""",1,22,2024
"""明天大概率低开低走""",1,22,2024
"""好大的量""",1,22,2024
"""走了，留下的兄弟发财！这行情以稳为主，小小玩一玩就好！静静的等待机会来临。手里有""",1,22,2024
"""卖了你买了其他杂毛，获利一万多又赔出去了，怎么管住手啊各位，[大哭][大哭]""",1,22,2024
"""竞价拉尾盘，明天大跌""",1,22,2024
"""318 玄学炒起来--护盘大将军""",1,22,2024
"""应该存感恩之心，，，，""",1,22,2024
"""大家说说看今年的年收入。我今年挣7万。""",1,22,2024
"""今天买入的是真正的为国护盘，没有新力顶着大盘今天得收-4""",1,22,2024
"""今天会有龙虎榜么""",1,22,2024
"""有人做空，融券还是太恐怖了""",1,22,2024
"""致敬点火资金，也致敬我自己""",1,22,2024
"""空仓，不敢买，一买就跌，看看""",1,22,2024
"""小样，小猪力根根[得意]""",1,22,2024
"""跑了""",1,22,2024
"""一直看盘的才知道点火资金多么想要上去，不是没人点火，是空头太狠了""",1,22,2024
"""没封住怪我，打板的去抄什么底""",1,22,2024
"""幸亏有你，只不过耽误了七个涨停而已""",1,22,2024
"""明天涨停""",1,22,2024
"""今天有榜吗？""",1,22,2024
"""铁子们，，九十咱们山顶见""",1,22,2024
"""泥沙俱下焉有完！指数集体大跌，所有板块全绿，该怎么办？""",1,22,2024
"""不是市场没钱，是钱都买了能挣钱的了，不能挣钱的，谁买？""",1,22,2024
"""1.22收评：指数创新低，北向资金疯狂抄底，内资疯狂卖出500亿，全市有一百多家上涨，有5184家待上涨，潜力无限。龙头个股点评""",1,22,2024
"""两市最低点时，99家红盘，这时候估计很多人慌了，特别是我看到某音很多主播直播一直""",1,22,2024
"""明天高开低开？这盘盯得快成神经病了都！""",1,22,2024
"""大盘这样允许抱团妖股，炒作妖股！其他的都是坑，只有妖股才是主线剧情。""",1,22,2024
"""对于这种妖股→非技术派的真的不好把握，大盘不稳，浮赢低点出局，祝留下来的都发财，""",1,22,2024
"""空仓吧，不赔就是赚""",1,22,2024
"""开会，金融自带骨魂属性护盘[看多]""",1,22,2024
"""我准备在指数从2000点反转到2024点位时抄底！""",1,22,2024
"""今晚就有好消息通知，不然会想方设法的骗筹码？哈哈哈，龙虎榜拉萨全卖完，明天一字板""",1,22,2024
"""侥幸一下，明天能让我跑掉吗[呲牙]""",1,22,2024
"""继续关注。明天平开或小幅低开后产生8.88附近低位可抄底。金融强国，金融救市。仅""",1,22,2024
"""这大盘太吓人了""",1,22,2024
"""第二个中兴商业[666]""",1,22,2024
"""其它票，机构，融资爆仓的一堆""",1,22,2024
"""再不跑就见血。""",1,22,2024
"""筹码集中度翻了三番，今天应该是逃命反弹为主！""",1,22,2024
"""致敬多头""",1,22,2024
"""这个带融券的，谁敢拉啊""",1,22,2024
"""感谢主力，今天走成这样已经很不容易了""",1,22,2024
"""明天涨停吗？""",1,22,2024
"""本以为今天挂壁了，看到下午大资金真金白银护盘不怕被砸我对明天有信心了因为如果单单""",1,22,2024
"""昨晚预报今日8.08介入的新力金融没有到点位开盘竞价直接弱转强往上干差点涨停，没""",1,22,2024
"""新力金融看文章""",1,22,2024
"""大盘再次出现极端交易机会！""",1,22,2024
"""刚好打到我成本价，好吓人啊啊""",1,22,2024
"""佩服佩服，新力太吊了，这都能稳住，兄弟们外边血流成河至少这里已经很强了，凭心""",1,22,2024
"""今天可以了其他千股跌停10.97本会回来不三年了兄弟姐妹们你们都还好吧""",1,22,2024
"""三炷香了？""",1,22,2024
"""周五9.8买的，涨停还加仓，结果回落…明天主力就真的要开砸了，明天估计没有能见红""",1,22,2024
"""明天长停今天加仓加t搞了8个点。""",1,22,2024
"""$新力金融(SH600318)$""",1,22,2024
"""没卖，继续格局，[摊手]""",1,22,2024
"""$新力金融(SH600318)$""",1,22,2024
"""今天不走，明天补跌""",1,22,2024
"""能红着出来不错了，空仓看戏""",1,22,2024
"""别救市了！！！！""",1,22,2024
"""太恐怖了，卖不完根本卖不完""",1,22,2024
"""又换了一次庄[强壮][强壮][强壮][强壮]""",1,22,2024
"""这特么都涨不停难受""",1,22,2024
"""大金融板块需要龙头给市场信心！""",1,22,2024
"""三四个点被洗跑了，实在是拿不住啊，进来几天吃了二十多个点。""",1,22,2024
"""今天很给力了已经""",1,22,2024
"""不敢买，看看就好了大单满天飞，看不懂""",1,22,2024
"""不涨停，明天补跌概率90%""",1,22,2024
"""熬了一天 尾盘拉高抛了""",1,22,2024
"""把老庄洗出去了[捂脸][捂脸][捂脸]""",1,22,2024
"""金融改革排头兵""",1,22,2024
"""深中华纹丝不动""",1,22,2024
"""郭嘉队都砸？""",1,22,2024
"""大老别涨停让大家有幻想空间每天红就行""",1,22,2024
"""还得是你啊，我们一片鬼哭狼嚎！真羡慕买了这个股票的人！""",1,22,2024
"""大骗子还拉尾盘呢""",1,22,2024
"""2个点被洗出来了。还要跟吗？""",1,22,2024
"""底仓出了，明天肯定大低开，""",1,22,2024
"""冲。上刺刀拿下""",1,22,2024
"""好刺激[滴汗]""",1,22,2024
"""快下班了还不停歇呀""",1,22,2024
"""这股真的妞""",1,22,2024
"""涨涨涨""",1,22,2024
"""为国护盘，亏了我也认了""",1,22,2024
"""爆仓了，大盘还要跌""",1,22,2024
"""涨停！涨停！""",1,22,2024
"""主力都去买这个了？""",1,22,2024
"""发力涨停你算狠""",1,22,2024
"""金融开始护盘了！""",1,22,2024
"""巨单买入，封板大金融跟进""",1,22,2024
"""还能抢救不""",1,22,2024
"""现在外面太可怕了，我都想清仓过年了[笑哭][笑哭]""",1,22,2024
"""金融护盘""",1,22,2024
"""北向进场""",1,22,2024
"""刺激啊，今天真是太刺激了[强壮][强壮][强壮][强壮]""",1,22,2024
"""举报，做空股市，上面的压单，现在这个时期真是好丹，要跌早不跌临收盘跌""",1,22,2024
"""废了""",1,22,2024
"""绿了""",1,22,2024
"""尾盘下杀了""",1,22,2024
"""举报吧""",1,22,2024
"""金融发力护盘啊""",1,22,2024
"""寄了""",1,22,2024
"""幸亏卖了，反抽结束了。""",1,22,2024
"""都走完喽，留下的发财""",1,22,2024
"""明天大概率补跌""",1,22,2024
"""明天堪忧啊""",1,22,2024
"""给你机会你不跑，怨谁""",1,22,2024
"""今天很给力了""",1,22,2024
"""谁涨停挂的单，在这里秀肌肉呢""",1,22,2024
"""大盘重压之下，新力也是快速跳水，金融护盘失败""",1,22,2024
"""没劲""",1,22,2024
"""明明可以当龙头""",1,22,2024
"""$新力金融(SH600318)$""",1,22,2024
"""今天能收在9.6以上，你就是之后的龙一，绝对龙头！""",1,22,2024
"""我擦，这换手率，不是弟弟就是爷爷，在做的都是大哥[赞][赞][赞]""",1,22,2024
"""今天不封板也很强了，外面都没法看了""",1,22,2024
"""压单不让涨，真服了！""",1,22,2024
"""下面假拖单..下面假拖单庄股出货两天腰斩跌停腰斩""",1,22,2024
"""九鼎要卡你拉，你个熊玩意板了呀！！""",1,22,2024
"""大盘杀的有点狠啊""",1,22,2024
"""打扰也太惨了吧""",1,22,2024
"""下来吧，别装了。收盘绿的""",1,22,2024
"""加了一个亿的卖单谁敢拉上去""",1,22,2024
"""大盘跌的太凶，涨起吃力""",1,22,2024
"""万花丛中一点绿""",1,22,2024
"""这庄家筹码真多啊，本来上面就6万手压单，突然就变成18万手了，nb""",1,22,2024
"""量差不多了，价格也差不多了""",1,22,2024
"""出货出的好爽，主力今天全部货出完了，小散接的几率大得多。要封早就封了横久必跌这个""",1,22,2024
"""50亿不到的盘子都拉不起来，尾盘准备一字断魂刀""",1,22,2024
"""见好就收清仓不玩了""",1,22,2024
"""垃圾""",1,22,2024
"""跳水时间到""",1,22,2024
"""少玩带融的""",1,22,2024
"""明天又是大跌""",1,22,2024
"""今天走到这个份上必涨停""",1,22,2024
"""争点气啊""",1,22,2024
"""这个股是老庄""",1,22,2024
"""融资盘的票不容易啊""",1,22,2024
"""上不去，就要出货了""",1,22,2024
"""主力仁慈，切不可错过逃生机会""",1,22,2024
"""销户吧""",1,22,2024
"""出了一天货，出完了吧""",1,22,2024
"""废了，老庄故意不给涨，今天绝对停不了，张停又加了4000多万，悬咯""",1,22,2024
"""你好董秘，可以提前公布一下公司年报吗？给投资者一些信心。祝你新年快乐！""",1,29,2024
"""没买的，千万别买了，去看看中兴商业，当然这条消息能发出去的话，主力可能会反着做，""",1,22,2024
"""绿票越跌越多，红票越来越疯啊。外边跌嘛了都。日""",1,22,2024
"""就你了，干吧！涨停！""",1,22,2024
"""出生啊，涨停又压单""",1,22,2024
"""昨天进的，有票的，拉高就出，别格局，""",1,22,2024
"""涨停收盘""",1,22,2024
"""坐等涨停""",1,22,2024
"""今天不能分歧专一致就结束了，明天深水震荡""",1,22,2024
"""要不是大盘这么烂早该板了""",1,22,2024
"""小心补跌""",1,22,2024
"""我拉了一坨大的，接住[鼓掌]""",1,22,2024
"""收盘会涨停""",1,22,2024
"""只有这里封板了大盘才有得救，否则没有任何跟风资金了。""",1,22,2024
"""再不封板，有利润的资金就要砸盘了""",1,22,2024
"""尾盘不板或打版可以抓妖""",1,22,2024
"""承接很强，今天是度难日，只要能撑住今天，明天震荡向上就成妖；""",1,22,2024
"""看尾盘收在哪""",1,22,2024
"""这家伙是典型的拉高出货，明天要闷杀一批人""",1,22,2024
"""今天进金融，就是护盘""",1,22,2024
"""动手太早了，心太急""",1,22,2024
"""美股etf都涨停了哈哈哈哈哈，超级打脸""",1,22,2024
"""有人点火，没人跟""",1,22,2024
"""有资金点火，没资金封板。""",1,22,2024
"""跌停洗盘大发，明天再来个跌停开继续洗，下午地天跨年大妖王就是新立""",1,22,2024
"""结束了，散吧""",1,22,2024
"""一直在诱多，收盘估计绿""",1,22,2024
"""看盘面感觉量化进来了""",1,22,2024
"""14""",1,22,2024
"""不封板这是要搞事吗""",1,22,2024
"""哎[滴汗][滴汗][滴汗]""",1,22,2024
"""板板""",1,22,2024
"""这6万手怎么可能涨停。卖了空仓等机会""",1,22,2024
"""又勾引我上车，我来了，有本事明天来个跌停，一起埋""",1,22,2024
"""15分钟必跌""",1,22,2024
"""反包？""",1,22,2024
"""上周的榜一是呼家楼的席位，呼家楼以格局出名，这个股票应该会打出高度带领大金融起来""",1,22,2024
"""午盘介入了新力金融！""",1,22,2024
"""还是很强的卖飞了""",1,22,2024
"""帮忙一把，干个两手[微笑]""",1,22,2024
"""激进的，少仓位博弈，""",1,22,2024
"""这主力牛比啊，这么大的抛压还能顶得住""",1,22,2024
"""卖了，涨涨吧""",1,22,2024
"""等风来，应该要绿""",1,22,2024
"""现在就是诱多，走吧""",1,22,2024
"""板不了，等一天了""",1,22,2024
"""市场就这么些红盘了，珍惜吧""",1,22,2024
"""准备涨停""",1,22,2024
"""换手率到收盘，应该是够了，涨停吧，启妖。""",1,22,2024
"""中华龙一金融龙二中华金融""",1,22,2024
""".49跑了，赔了0.08分五万三千股，大盘吓人，扯呼""",1,22,2024
"""调整不跌破8.70可以拿一拿！短线跌破就要卖出！！抱团取暖""",1,22,2024
"""[看多]""",1,22,2024
"""拉萨团人多力量大，你们真牛，把今天主力砸的一愣一愣的""",1,22,2024
"""卖掉了跑进九鼎投资""",1,22,2024
"""金融高质量发展龙头！""",1,22,2024
"""真离谱，我这短线精灵全都是绿的，市场怎么能弱成这样，都去报团了吗""",1,22,2024
"""2780点可以抄底""",1,22,2024
"""劳动路，钞能力""",1,22,2024
"""九鼎已经在试盘拉升了，龙头必须封死。""",1,22,2024
"""买2手治一下手痒的毛病""",1,22,2024
"""拉涨停成妖吧？""",1,22,2024
"""让九鼎卡位了""",1,22,2024
"""上车了、就等涨板""",1,22,2024
"""9.4以下加点了""",1,22,2024
"""封板就是龙头""",1,22,2024
"""金融保险护盘""",1,22,2024
"""应该是没希望了""",1,22,2024
"""大盘这样跌都吸引不了大资金封板，只能说庄也不开好这个，都在卖""",1,22,2024
"""青青铜，鉴定完毕""",1,22,2024
"""无量拉升""",1,22,2024
"""还有不怕死的进""",1,22,2024
"""准备消户过节""",1,22,2024
"""现在流行A杀，一旦中招，很难翻身。""",1,22,2024
"""新力金融午盘走势拆解！""",1,22,2024
"""跑了。祝大家继续大涨""",1,22,2024
"""午后唯一拉板机会，如果没有坚决封板，就只能震荡回落到9.18附近收盘""",1,22,2024
"""上午三次封不住板""",1,22,2024
"""周五尾盘吸得有点准""",1,22,2024
"""今天虽然板上被爆了，还是有一定预期的。一个是今天大盘下午的反转预期，肯定还是拉金""",1,22,2024
"""祝新力庄家大涨长虹""",1,22,2024
"""感谢主力，9个点出了""",1,22,2024
"""涨停板附近出来了""",1,22,2024
"""$新力金融(SH600318)$""",1,22,2024
"""预测一下，如果下午涨停，后续将会一路气势如虹""",1,22,2024
"""新力金融有反包基因，大家留意下，反包成功后，一马平川，势如如竹！一路长虹！""",1,22,2024
"""$新力金融(SH600318)$""",1,22,2024
"""感谢给机会出了""",1,22,2024
"""下午拉板了""",1,22,2024
"""7个点跑了886""",1,22,2024
"""帮助你看懂走势！//@蛰伏SJ :高风险指的是1.波幅加大2.让持筹者与观望者都""",1,22,2024
"""上周狗叫的给我站出来[微笑]""",1,22,2024
"""10点半封不住，先跑了，周五跌停抄的。""",1,22,2024
"""开盘不拉，就得拉胯""",1,22,2024
"""大家注意补跌的风险""",1,22,2024
"""成交量至少要到18亿以上才健康！不然不会封板""",1,22,2024
"""大盘的城防在金融板块，只要把金融板块搞起来，大盘走势就不会这么被动，先扶持一两个""",1,22,2024
"""多红点。""",1,22,2024
"""这会儿中午尾盘拉升是陷阱大家不要相信下午他会涨停记住不要买""",1,22,2024
"""希望以一个鸡汤开始。""",1,22,2024
"""今天在涨停板附近进行了降级打击，看看后续有没有再次创出新高？！""",1,22,2024
"""蛋定点[滴汗]，下午涨停[奸笑]，明天还会涨停[胜利]！蛋定丅它！[呲牙]""",1,22,2024
"""早盘介入，新易盛神州泰岳恭喜同车的朋友[胜利][看多][看多]下午吃肉出局了，新""",1,22,2024
"""再好的股票，到我手里也的不挣钱""",1,22,2024
"""午间收盘，外面是4964支股票下跌。觉得新力不强的，建议你们出去买别的票。""",1,22,2024
"""回封难，若能回封，多看两板""",1,22,2024
"""垃圾满天飞。[下跌][下跌][下跌][下跌][下跌][下跌][下跌][下跌][下""",1,22,2024
"""一群韭菜让我无语""",1,22,2024
"""今天大智慧和新力有很大概率要封板，这是我30年炒股的直觉，如果不信就当我没说[强""",1,22,2024
"""已清仓，下午变绿""",1,22,2024
"""告诉主力，我就这样豪横出来的，你想怎么样？想套路我，没门！""",1,22,2024
"""这股行不行啊，太不稳了""",1,22,2024
"""能不能突破去年的横盘区？就看这两天了""",1,22,2024
"""我格局了，持股卖出都要有逻辑。""",1,22,2024
"""看六十分钟问题能解决不？""",1,22,2024
"""都怪大盘，太拉跨了，没有一个板块敢起来弄""",1,22,2024
"""对与错，你们来评论""",1,22,2024
"""周五持仓的兄弟们应该都出完了！""",1,22,2024
"""后悔昨天没买""",1,22,2024
"""今天上不去，肯定还要横盘几天，才有可能往上涨，成妖。""",1,22,2024
"""坚决做多，为国护盘，""",1,22,2024
"""这么大的量都不能涨停就是没戏了""",1,22,2024
"""8个点走了！""",1,22,2024
"""还是大智慧更牛""",1,22,2024
"""今天反包需要有大智慧助攻，上午盘面自救成功了。想有市场地位，大金融必须有表现才行""",1,22,2024
"""被砸的好惨[滴汗]，看能不能力挽狂澜秀肌肉""",1,22,2024
"""有先收的心里就不慌，暂时不动了，去哪里都是亏，还不如在这里呆着。""",1,22,2024
"""的垃圾来吧跌`[怒][怒]""",1,22,2024
"""只是个拉高出货，真的要封早上早就封了还会等小散进吗？""",1,22,2024
"""看戏，做错的代价太大了，做对也不一定挣多少，[微笑]""",1,22,2024
"""金融都不行了，连盘都不护了，就别想着买其它股赚钱了，套不死才怪""",1,22,2024
"""换大智慧了，这里风险太大""",1,22,2024
"""必须翻绿才可能涨停，别说我是谁""",1,22,2024
"""太吓人了，分歧太严重了，走了走了""",1,22,2024
"""下面假拖单假的买单..尾盘跳水跌停..账户两天腰斩..跌停跌停跌停""",1,22,2024
"""十点板子封不住快跑了""",1,22,2024
"""这么大的资金去拉辉隆股份，分分钟弄涨停，能拉好几个板！""",1,22,2024
"""完了  玩个鸡毛  恶庄""",1,22,2024
"""天要下雨，娘要嫁人。要走的快走！""",1,22,2024
"""别装了""",1,22,2024
"""下面假拖单...下面假拖单...尾盘跳水跌停..跌停..两天腰斩..明天跌停开.""",1,22,2024
"""现在里面全是小散户，大聪明和股神，等洗掉他们才能涨，适合时间才能买入[捂脸][捂""",1,22,2024
"""看筹码""",1,22,2024
"""废了废了   在格局毛都不剩了   拜拜了各位""",1,22,2024
"""今天买的等着被核""",1,22,2024
"""反抽结束，先卖为敬！""",1,22,2024
"""今天借周末利好拉高出货了，预计收盘在9.28左右""",1,22,2024
"""下午就等绿吧，要板早板了，板块也不给力，下午危险""",1,22,2024
"""青铜一枚，鉴定完毕""",1,22,2024
"""三次都没涨停，开撤，去买鸿蒙加算力了。""",1,22,2024
"""韭菜们拿住了~~~~~~~~主升浪马上就要来了""",1,22,2024
"""主力净流入5100万元，机构净流入5900万元，谁说出货？""",1,22,2024
"""这个行情。少亏就是赚。拜拜了您""",1,22,2024
"""上午必板""",1,22,2024
"""下面假拖单..假的买单..下面假拖单..尾盘跳水跌停.两天账户腰斩""",1,22,2024
"""垃圾了，这票今天不会涨停了，唯一的盼头就是横盘到下午两点半，有人砸盘，然后快速拉""",1,22,2024
"""看你们这些打板客还敢不敢追高，明天埋人没商量，哈哈哈""",1,22,2024
"""转发""",1,22,2024
"""今天诱多不是弱转强，明天看谁跑的快了""",1,22,2024
"""9.45""",1,22,2024
"""上周五这根阴线压力还是有点大""",1,22,2024
"""带融的都别想着格局，不跑没机会了[得意]""",1,22,2024
"""出货咯，还没银行走的好""",1,22,2024
"""庄股下面假拖单假拖单..尾盘跳水跌停...两天腰斩-30跌停""",1,22,2024
"""看看算了不敢下手""",1,22,2024
"""还不懂吗，走吧，有几个点总比没有好""",1,22,2024
"""注意拉高出货，板上一直不封，今天下午悬了""",1,22,2024
"""下面假拖单跌停跌停跌停..明天跌停两天腰斩-30个点""",1,22,2024
"""这么大抛压，估计被""",1,22,2024
"""拉高出货下面假拖单尾盘跌停.明天跌停开.两天亏30个点跌停""",1,22,2024
"""走了走了，浪费表情，板上5000万的单子谁去吃，今天板不了""",1,22,2024
"""以为你是王者，原来是青铜""",1,22,2024
"""从最近鸿蒙华立，飞行汽车光洋龙头3板反包大肉，大家都知道分支龙头3板断板第二天反""",1,22,2024
"""新力金融今天能封板吗""",1,22,2024
"""970清仓了，这种情况就算要突破，事先一般还要震仓等机会吧。""",1,22,2024
"""改名为新华金融估计会好点""",1,22,2024
"""让你买进去的股，想想主力傻吗？""",1,22,2024
"""主力和机构今天都大举买入，谁说诱多？""",1,22,2024
"""金融题材的上涨少不了指数的共振，现在买入逻辑就是大盘见底，指数上涨少不了金融题材""",1,22,2024
"""开盘不进，打板进，我脑子有问题""",1,22,2024
"""横空出世超越九安医疗""",1,22,2024
"""情绪低迷""",1,22,2024
"""今天不反包，明天又来了跌停！""",1,22,2024
"""快变成机构票了！""",1,22,2024
"""合力打造跨年大妖""",1,22,2024
"""跑步""",1,22,2024
"""下午怎么看？""",1,22,2024
"""大金融板块逆势拉升 新力金融涨超7％""",1,22,2024
"""大金融板块异动拉升 新力金融触及涨停""",1,22,2024
"""本周都是涨停拭目以待吧合力超越九安横空出世！""",1,22,2024
"""根本拿不住，走了""",1,22,2024
"""不知道大家最近一个月有没有发现，只要上了3板的票断板后隔天都反包""",1,22,2024
"""上塘路无疑！""",1,22,2024
"""下午必定跳水""",1,22,2024
"""这票为啥这么猛啊""",1,22,2024
"""下一个爆炒股辉隆股份！！！可以提前潜伏！""",1,22,2024
"""没资金封板，完了没大佬认可！""",1,22,2024
"""看好""",1,22,2024
"""今天百分百涨停了""",1,22,2024
"""天灵盖压了5w，都得被埋""",1,22,2024
"""必板。""",1,22,2024
"""补量板干""",1,22,2024
"""干呀 大龙头""",1,22,2024
"""出货快跑""",1,22,2024
"""明天一字扳""",1,22,2024
"""今日若封死就是妖，不然就溃败了。""",1,22,2024
"""拉涨停动作要快，姿势要帅""",1,22,2024
"""就是不板玩的啥""",1,22,2024
"""看来今天又是骗人的一天""",1,22,2024
"""脑T狗托真多""",1,22,2024
"""涨停""",1,22,2024
"""外面很冷，这里有太阳！""",1,22,2024
"""我不知道对不对哈，小散户发表下个人见解，这个股以后应该是走下了的，今天的走势有点""",1,22,2024
"""这个位置不砸就是留下坚定看多的力量了""",1,22,2024
"""要停不停啥意思""",1,22,2024
"""希望全在你身上了，能填我的窟窿就好""",1,22,2024
"""今天必须跳下水才可以涨停，拭目以待！""",1,22,2024
"""空头太狠了""",1,22,2024
"""抢筹的坐等""",1,22,2024
"""今天肯定被爆头，千万别进了""",1,22,2024
"""瞎炒""",1,22,2024
"""怎么搞的，还不板，我要吃饭了！""",1,22,2024
"""该来了吧[大笑]""",1,22,2024
"""再不板都要砸了""",1,22,2024
"""前两天套住的使劲跑路。""",1,22,2024
"""如果无量拉升 小心了""",1,22,2024
"""空苟彻底的鸦雀无声了""",1,22,2024
"""反包失败！""",1,22,2024
"""可惜了，可惜了，可惜了！""",1,22,2024
"""挂涨停价出了""",1,22,2024
"""已经打出11亿了，再来1个就可以板了""",1,22,2024
"""走了走了""",1,22,2024
"""百分百涨停""",1,22,2024
"""我也卖飞了，服了""",1,22,2024
"""这一波不知道吓走多少人""",1,22,2024
"""下班，""",1,22,2024
"""大金融""",1,22,2024
"""多头被爆头""",1,22,2024
"""卖早了，留下的发财吧""",1,22,2024
"""走了""",1,22,2024
"""他是下一个九安医疗""",1,22,2024
"""明日（1月23日）市场热点标的猜想（1）东风汽车公司亮点：国内最大的轻型商用车生""",1,22,2024
"""明显诱多，要封的话还慢慢磨叽让你们进去？""",1,22,2024
"""暂且出了，如封板时刻准备打回来。""",1,22,2024
"""不封板走人了，量能不对""",1,22,2024
"""赶紧出吧，不要再拿了，""",1,22,2024
"""早上挂涨停出，8%在接回来。今天12%行不主力[呲牙]""",1,22,2024
"""再不走我可砸盘了哈""",1,22,2024
"""3亿的营收！！！""",1,22,2024
"""顶板进""",1,22,2024
"""合力打造下一个九安加油啊""",1,22,2024
"""漂漂亮亮[鼓掌]""",1,22,2024
"""张婷明天一字""",1,22,2024
"""分岐很大""",1,22,2024
"""新力金融明日走势预测""",1,22,2024
"""看看是否还会出现新高？""",1,22,2024
"""你起来，你的小老弟们就起来了，你的小老弟起来，大盘就带起来了，大盘跌了这么多，个""",1,22,2024
"""……""",1,22,2024
"""不要装了9.79赶紧的苟毛庄[怒]""",1,22,2024
"""周五被洗了""",1,22,2024
"""开盘卖飞，就挂低一点买回，可惜不下来，心痛。""",1,22,2024
"""就这样吧""",1,22,2024
"""卖飞了nnd扛不住""",1,22,2024
"""新历金龙。就你了牛市旗手""",1,22,2024
"""感谢大佬不杀之恩""",1,22,2024
"""涨停板上挂一个亿，才来""",1,22,2024
"""获利的在跑路，今日不封板出局。""",1,22,2024
"""有苦说不出[哭]""",1,22,2024
"""合力打第二个造九安医疗""",1,22,2024
"""封板""",1,22,2024
"""周四硬吃筹码的主力，在周五做T出了一部分，今天继续做T，拉高出货，顺利出逃。""",1,22,2024
"""已经全仓，过好年""",1,22,2024
"""反包了""",1,22,2024
"""哦豁[大笑]""",1,22,2024
"""开盘买入，就等你涨了，早盘吃了那么多的货，该拉了！""",1,22,2024
"""试错，今天不封板，明天看几分钟就撤""",1,22,2024
"""都走了""",1,22,2024
"""垃圾货""",1,22,2024
"""[哭]卖飞了，被竞价吓跑了""",1,22,2024
"""好庄[笑哭]""",1,22,2024
"""收盘要绿掉单根筹码峰在跑""",1,22,2024
"""这都不拉涨停？干呀，还有撒龙头不龙头的""",1,22,2024
"""这股是炒什么的这么猛""",1,22,2024
"""羡慕新力的朋友，我在华金挨打""",1,22,2024
"""漂亮""",1,22,2024
"""股票越涨越有人买比如以前的九安医疗厉害""",1,22,2024
"""里面的散户们，既然有人要往上拉，我们就坐稳扶好！""",1,22,2024
"""关于大盘，我发表一下我的观点。雪球产品的风险一直压制大盘的重要原因，短期内还会有""",1,22,2024
"""股票越涨越有人买比如以前的九安医疗""",1,22,2024
"""卖了大半，无语，想做个t""",1,22,2024
"""一直说今天会涨停，上周5买的，早上还是没碰住卖了。气死了""",1,22,2024
"""可以买点[大笑]""",1,22,2024
"""看到了吧，新力金融涨则沪指涨，这就是现实，看看上周五也一样，这只票是多空必争之地""",1,22,2024
"""牛""",1,22,2024
"""多元金融唯一的龙头""",1,22,2024
"""跌停跌停""",1,22,2024
"""看今天能不能走出来带领大金融""",1,22,2024
"""诱多出货""",1,22,2024
"""有资金做空 而且很强大""",1,22,2024
"""进入""",1,22,2024
"""给空苟致命一击，卖点再说了!""",1,22,2024
"""我说了很难搞，华字辈全板了，这是和大盘反的，而新力金融要带大盘，压力重重""",1,22,2024
"""涨停是一种信念""",1,22,2024
"""虽然晃下车了，博一个反弹也不错了[大笑]，这行情，知足者常乐[大笑]""",1,22,2024
"""今天涨""",1,22,2024
"""跌停""",1,22,2024
"""反击""",1,22,2024
"""有本事不反包呢[怒][怒]""",1,22,2024
"""[买入][买入][买入][买入][买入][买入][上涨][上涨][上涨][上涨]""",1,22,2024
"""冲啊，先下手为强""",1,22,2024
"""本想回本卖，最后没忍住竞价最后一秒挂单卖了，我说今天能涨停，自己没拿住""",1,22,2024
"""979我说的反包""",1,22,2024
"""底仓潜伏，试一下水""",1,22,2024
"""股票越涨越有人买""",1,22,2024
"""弱转强，兄弟们冲刺""",1,22,2024
"""垃圾，东西，跌吧""",1,22,2024
"""捉牛股了！！！""",1,22,2024
"""多少人给恐慌刨了[大哭][哭]""",1,22,2024
"""可以上""",1,22,2024
"""竞价挂了8.5竟然没成交[滴汗]""",1,22,2024
"""开的很不错""",1,22,2024
"""有救""",1,22,2024
"""1月21日盘前策略：震荡筑底！注意防御！""",1,22,2024
"""可惜没券呀，管住爪子""",1,22,2024
"""冲啊，地天板""",1,22,2024
"""信心没了""",1,22,2024
"""不能买了今天买明天继续往下跌快跑""",1,22,2024
"""低开[哭][大哭]""",1,22,2024
"""哪里来回哪去呗""",1,22,2024
"""好事跌停可以加仓了""",1,22,2024
"""新力金融反包有望，华立股份大低开留意机会即可""",1,22,2024
"""抗美大金股""",1,22,2024
"""就看今天早上了""",1,22,2024
"""垃圾""",1,22,2024
"""金融强国！！！看龙头你了""",1,22,2024
"""我们今生所有遇到的人和事，前世已注定；我们来世所有遇到的人和事，今生已注定。生命""",1,22,2024
"""今天低开三个点以上直接清仓6个点以下反弹再卖！！""",1,22,2024
"""新历金龙[微笑]""",1,22,2024
"""新历金龙，我就赌你新的一年在龙年一跃金龙！""",1,22,2024
"""新历金龙是这个意思吗""",1,22,2024
"""1.22早评：今天看龙版传媒、华斯股份、晨光新材、新力金融、劲仔食品表现。""",1,22,2024
"""1.22早评 周末利好，今天看龙版传媒、华斯股份、晨光新材、新力金融、劲仔食品表现。""",1,22,2024
"""深中华A能否九连板？金刚光伏 剑桥科技 联特科技音飞储存 新力金融华立股份 亚世光电 晨光新材华立股份 沐邦高科""",1,22,2024
"""早评：新力金融，浪潮信息，九华旅游，广博股份，常山北明，惠发食品，歌尔股份""",1,22,2024
"""新力金龙年""",1,22,2024
"""必跌，大a的性格还没整明白吗""",1,22,2024
"""这么多人在吹票，明天继续低开跌停！""",1,22,2024
"""如果明天开盘低于二板的价就直接走人""",1,22,2024
"""数据游戏 走中国特色金融发展之路建设金融强国！国有六大行顶天立柱。抢筹130亿！""",1,21,2024
"""默默~不要念~去读~新力金融""",1,21,2024
"""预判下9:15股价8.019:25回到8.9左右9:30拉升向上↑上仓位稳了""",1,21,2024
"""看了下没啥评论，稳了""",1,21,2024
"""3进4短板基本就走完了""",1,21,2024
"""天山上的雪莲花""",1,21,2024
"""三进四失败了，准备跑吧，还有啥值得幻想的？那么多股票都可以买，非一棵树吊死？[滴""",1,21,2024
"""看谁沉得住气""",1,21,2024
"""这个量放的，哪还有那么多资金往上做啊？周一大概率大低开低走。""",1,21,2024
"""会不会像之前智微智能一样，金融板块的东方中科又是谁？""",1,21,2024
"""20个月打的底部，这个涨幅够吗，如果不够会怎么样""",1,21,2024
"""下周又是机会""",1,21,2024
"""出了好多消息，关于金融的，周一看看怎么样，如果弱转强就可以及时跟进""",1,21,2024
"""久久为功，新力金融。""",1,21,2024
"""明天准备过来做反包""",1,21,2024
"""看走眼了，新力金融并不是龙一""",1,21,2024
"""这个区域算是振荡区域，明天跌破没有拉回游戏就结束，往上就走新周期。看主力的了""",1,21,2024
"""盘口逻辑拆解121""",1,21,2024
"""计提-10""",1,21,2024
"""瞎猫撞死老鼠""",1,21,2024
"""还好逃的快""",1,21,2024
"""金融强国龙头股""",1,21,2024
"""形式不妙，唱多大于唱空[滴汗]""",1,21,2024
"""明天开盘价大概是全天最高价了，信我的没错！""",1,21,2024
"""挂跌停跑路的点赞。""",1,21,2024
"""明天能红盘都高看一眼。""",1,21,2024
"""现在这种行情，不管你嗯前面有走得多强，短板一般都是A杀。周五尾盘本来想进的，算了""",1,21,2024
""" 常态化4000家下跌？""",1,21,2024
"""明显洗盘，明天平开冲高预期""",1,21,2024
""" 周末复盘：风光储不再风光，百股跌停悄然将至""",1,21,2024
"""这换手，除去大股东，基本上每天换一波人""",1,21,2024
"""只能说周一很关键，不看空唱多""",1,21,2024
"""逻辑就是，每次危机都拉大金融和基建[笑哭]基建不行了就剩金融了，往下最多20个点""",1,21,2024
"""周末利好明天涨停""",1,21,2024
"""涨跌交给市场""",1,21,2024
"""金融报国，新力金融接力深中华，明天有肉吃吧""",1,21,2024
"""12号高新发展尾盘地板拉起，呼家楼进入，13号涨停！新力难道要复制高新发展？周一""",1,21,2024
"""多维竞价选股第6天，再抓2涨停""",1,21,2024
"""兄弟们新力金融具体是什么时候变成国资的？我几年没关注了""",1,21,2024
"""不得不佩服榜一大哥的盘感[赞][赞][赞]""",1,21,2024
"""明天如果有龙虎榜，会出现上塘路[滴汗]""",1,21,2024
"""帖子发不出来啊，醉了，周末又出金融消息了，可以关注新力金融，大智慧""",1,21,2024
"""新力金融本周融资净买入1895.09万元，居多元金融板块第二""",1,21,2024
"""持仓三个股　　　新力买在起点　周末卖一半　以为是新龙头""",1,21,2024
"""但凡手上有票的人也不会天天喊着跌停，那些喊跌停的要么手上没票想低位上车，要么就是""",1,21,2024
"""周一开盘价就能看出来，大家也别太臆测，高开就买，低开就抛，就这么简单！让市场自己""",1,21,2024
"""金融强国+金融报国""",1,21,2024
"""$新力金融(SH600318)$""",1,21,2024
"""600318在7.61之下有买点，在12.96之上有卖点，止损7.1""",1,21,2024
"""利好一直出市场一直跌，想不清楚是什么原因，哪位老师能给解读一下。""",1,21,2024
"""现在流行A杀，持仓的要留个心眼""",1,21,2024
"""抄底抄在了山顶，有没有长期在这个股的大哥指一下明路，是割肉还是等待""",1,21,2024
"""算一卜，对了吃喝不用愁还有赏钱！""",1,21,2024
"""吃它肉掏它的肝挖它的心。""",1,21,2024
"""周五呼家楼大单干入，周一必反包，手法参考上周的高新发展，而且周末还有金融利好消息""",1,21,2024
"""下周必须强势上涨，大金融已经底部筑底完成，蓄势待发，金融强国周末快速发酵，本周是""",1,21,2024
"""新力金融是安徽的吧""",1,21,2024
"""周末满屏都在发金融的利好。。。""",1,21,2024
"""唱多的拖太多了，杀到深水就是拐头了还幻想啥啊""",1,21,2024
"""金融报国金融强国、看到15""",1,21,2024
"""转发""",1,21,2024
"""不涨停确实低于预期了，不好说！""",1,21,2024
"""$新力金融(SH600318)$""",1,21,2024
"""下周涨到13.5""",1,21,2024
"""A杀的面，都别幻想，有多快跑多快吧""",1,21,2024
"""没涨停就已经弱了，不要找理由。""",1,21,2024
"""不和家人争争吵吵，不和朋友斤斤计较，不给自己乱找麻烦，傻人有傻福，好人有好报。[""",1,21,2024
"""博哥1月跨月方向把握及个股逻辑分享（晨光新材，龙头股份，萃华珠宝，家联科技，新力金融等）""",1,21,2024
"""看消息炒股很危险的！股价不一定跟你预想的一样。记不记得前段时间欧线期货天天涨停短""",1,21,2024
"""这股应该有戏 周四做多的资金 周五水下出？""",1,21,2024
"""利好都没有啥用，它连板失败了就是失败了，最好的走势就涨涨跌跌，不会高举高打了""",1,20,2024
"""预测预测""",1,20,2024
"""心态良好，格局自然宽广。在人生的旅途中，每个人都将经历属于自己的酸甜苦辣。你的生""",1,20,2024
"""金融报国[大笑]""",1,20,2024
"""金融强国，金融支持实体，绿色金融，新力，看你表现，能不能妖一回。""",1,20,2024
"""这么多看好的，那肯定得砸你们了""",1,20,2024
"""人生最好的活法，是做对这三件事：让自己开心，是智慧；让别人放心，是能力；让家人安""",1,20,2024
"""如何避开弱转强的坑，以新力和晨光为例""",1,20,2024
"""原本指望周一来个大低开，看样子没戏了""",1,20,2024
"""这个标的如果是龙头的话，应该带动板块土涨，但是后面梯队没有跟上，孤掌难鸣的感觉!""",1,20,2024
"""我准备基金买入了，小牛莉给不给机会买入[奸笑]""",1,20,2024
"""周一低开不是跌停价就半仓干""",1,20,2024
"""说一句会不会被骂，MACD5日线和均线粘合，仍然有反包的期望，如果不反包就是下方""",1,20,2024
"""来了来了，它带着利好来了""",1,20,2024
"""利好来了""",1,20,2024
"""低开迅速拉升，或者平开迅速拉升。高开可能性很低。""",1,20,2024
"""$新力金融(SH600318)$""",1,20,2024
"""10.10对字数，懂的自然懂""",1,20,2024
"""骗人接盘喽""",1,20,2024
"""此票需要远离在此提醒不能买看其他票去吧""",1,20,2024
"""怎么感觉一帮托儿在忽悠散户。""",1,20,2024
"""[看多]""",1,20,2024
"""转发""",1,20,2024
"""有没有一种可能，庄家也在看，股吧，看我们这些小散户的一举一动，然后拿捏的死死的[""",1,20,2024
"""最新消息上海金融会议，难搞了周一还有超级低开上车机会吗[大哭]再给点机会吧""",1,20,2024
"""新力金融周五盘面有一个问题，如果这个问题想通了，周一的走势就一目了然。周五开盘4""",1,20,2024
"""高开，就肯定T字板。一堆看空的！""",1,20,2024
"""周一反包大涨""",1,20,2024
"""我继续投资黄金股ETF(517520)。黄金我一直在投资，而且去年帮我赚了挺多。""",1,20,2024
"""建议改个名，叫华力金融，市场总龙绝对的""",1,20,2024
"""这个位置呼家搂明显做空，只看到呼家楼做多，做空也厉害！""",1,20,2024
"""一切皆有可能""",1,20,2024
"""看了很多评论大多都是拿什么什么比较参考什么什么的你们炒股都是拿别的行业比较别的行""",1,20,2024
"""该股一年跳一次，""",1,20,2024
"""新力金融两三年上涨一波，每次都有摸前高的习惯。""",1,20,2024
"""这里缺心眼的太多，不是A杀就是涨停，周一小涨小跌洗干净安静下来最优。""",1,20,2024
"""3个板打出全流通实在是牛""",1,20,2024
"""周一大跌我也来进点货[大笑]""",1,20,2024
"""震荡调整一下，后市还有新高。""",1,20,2024
"""周一大跌，我来抄底，跌多点""",1,20,2024
"""本来还心存侥幸吹票这么多，周一不知道可能给机会跑""",1,20,2024
"""拉萨三大天团寸草不生""",1,20,2024
"""不用怀疑，星期一A啥，板上钉钉的事""",1,20,2024
"""礼拜一不涨停这股就没人要了！留给机构做股东！""",1,20,2024
"""现在的市场要逆向思维，前天人气爆满，都看好的3进4新力金融，2进3罗普金斯，1进""",1,20,2024
"""聪明的5号大公鸡是拿着收费软件，胡说八道的骗子。""",1,20,2024
"""强力洗盘""",1,20,2024
"""感觉错过了大牛股，周一竞价就得上车了""",1,20,2024
"""周五看到马上跌停赶紧挂跌停没买到，我真服了，，瞬间被大资金几秒钟吃掉，真的有点后""",1,20,2024
"""这里面真正有想法的是榜二大哥，榜一的却有胆量和勇气[赞]。""",1,20,2024
"""即使有天大的利好，该回落的要回落，该结束的要结束。没有股神，只要喋血大鳄！""",1,20,2024
"""1月19日大A散户买入、主力净流出前10支股票。""",1,20,2024
"""新力金融就这么有时间特征吗？！""",1,20,2024
"""利用减持洗盘，弄巧成拙，当下是啥环境，一条龙变成了虫。""",1,20,2024
"""股市最烦这种213,挣钱开香槟，打板成功晒图，不知道以为挣多少，一看战绩零点5""",1,20,2024
"""周一地板""",1,20,2024
"""集合竞价不绿或者小跌都是买点""",1,20,2024
"""高位两天放巨量[滴汗][滴汗]还来个次天地大面，这不是主力出货，这是老庄跑路的节""",1,20,2024
"""赚3板，走了，欢迎韭菜接盘[大笑][大笑][大笑]""",1,20,2024
"""公告""",1,20,2024
"""呼家楼确实牛逼，周五尾盘大幅抢单，原来是预判到外围市场会继续历史新高。那么不管是""",1,20,2024
"""有空狗在编瞎话了，从换手承接，尾盘抢筹，两融差额，人气，向下空间，个股股性，全天""",1,20,2024
"""周一肯定会下杀逼出抄底盘""",1,20,2024
"""周五高点10.10哼哼你懂吗？""",1,20,2024
"""炒股不能一厢情愿，得面对现实。哪些幻想周一反包成妖的醒醒吧，请问有第4板断板，后""",1,20,2024
"""达芬奇""",1,20,2024
"""金融龙头股换手40可以接受，连续两天36亿的交易额，向下无非20个点，向上有空间""",1,20,2024
"""高位放量下跌[哭][哭]完犊子周一""",1,20,2024
"""下周参考""",1,20,2024
"""下跌换手40%，自己想。""",1,20,2024
"""如果是早盘跌五六个点低吸的周一应该能很体面的走人。这个地方分时承接是有的。目前的""",1,20,2024
"""周一大概率""",1,20,2024
"""周一只要不深水就加仓[呲牙][呲牙][呲牙]""",1,20,2024
"""转发""",1,20,2024
"""强势回调5，弱势10内要有涨停维护筹码，下跌的精伦莲花，新韭菜替换老韭菜，等回调""",1,20,2024
"""新力通过长期趋势看，后面还有大格局，短期观望，你可以看看双象走势参考""",1,20,2024
"""还在五日线之上，趋势没坏，周一只要大盘起来，金融领队，新力将一马当先，人气，预期""",1,20,2024
"""成交量，天量，筹码全部上移，换手大于30，，还梦想涨停，股市中需要你这样的韭""",1,20,2024
"""韭菜多学习，任何一个票拉升就看底位筹码和量，量放大筹码上移%30，还有一板，%7""",1,20,2024
"""深中华目前是情绪，周五反复开板，你可以看看睫荣对比，筹码量都在高位，星期一不是A""",1,20,2024
"""星期一跌5个点""",1,20,2024
"""果然，股价拉升主力净流出，典型的拉高出货""",1,20,2024
"""看评论就知道周一完犊子[大笑][大笑][大笑]全是韭菜在找利好，在找各种理由，[""",1,20,2024
"""没有认知的韭菜，天天多用脑，少点嘴，动不动就涨停，成交量筹码会看吗，高手9.19""",1,20,2024
"""手里拿着公元长白山清源翠华珠宝华立丽江股份华生的一堆憨憨手里握着杂毛总想把龙头中""",1,20,2024
"""华尔泰、深中华A、文一科技、新力金融、新易盛、华立股份""",1,20,2024
"""1.19晚盘：华字辈接力，华尔泰、深中华A、文一科技、新力金融、新易盛、华立股份""",1,20,2024
"""这两天融资盘在拼命拉，跌停板拉起来估计也是自救，周一看吧。这融资盘爆了，大家都不好受。""",1,20,2024
"""新力金融：融资净买入3868.4万元，两市排名第15（01-19）""",1,20,2024
"""花少量的资金拉起来就是套散跟风好出货""",1,20,2024
"""首板前发现试盘信号半仓潜入，首板急拉加半仓，3板大放量涨停，风险来临，虽然有时下""",1,20,2024
"""新力尾盘强势洗盘，清洗获力盘，又接了很多码。主力太凶！""",1,20,2024
"""出货了""",1,20,2024
"""下周一反包""",1,20,2024
"""涨停跌停也是市场合力打出来的，上午市场情绪不好，而这边哈森一字那竞价就已经弱了。""",1,20,2024
"""1.20新力金融不及预期，常山北明，软通动力下周何去何从？""",1,20,2024
"""$新力金融(SH600318)$""",1,19,2024
"""周一怎么开""",1,19,2024
"""有没有可能是在洗盘？""",1,19,2024
"""9.25分集合竞价9600元加上第一笔单，上亿的成交！有人想封板！等他来救！""",1,19,2024
"""这个票都快跌停了，怎么人气还这么高？""",1,19,2024
"""太吓人了""",1,19,2024
"""周一能印证下，市场不好拉金融板块不""",1,19,2024
"""竞价资金一个亿被埋，埋的谁""",1,19,2024
"""这换手率是死亡换手？懂的给讲讲""",1,19,2024
"""新力金融""",1,19,2024
"""从第一个板放量换手17%我就看好你[呲牙]""",1,19,2024
"""融资卖出5000万，然后做空，两头赚钱怎么涨""",1,19,2024
"""首先恭喜在车上的朋友。周一竞价300万手一字板，7个一字板后开板，巨量换手，接着""",1,19,2024
"""下周上车传智教育""",1,19,2024
"""人气这么高？""",1,19,2024
"""这股估计在抢筹，但是我个人不看好。高位换手有问题。""",1,19,2024
"""下周一应该涨停了""",1,19,2024
"""又买有卖是真拉萨，只买不卖就是马甲""",1,19,2024
"""这个新力金融有反包基因，你们留意下，大家不要错过，反包成功，一路长虹！""",1,19,2024
"""它星期一是预期高开的，等市场验证吧""",1,19,2024
"""都是大神，各种分析，好像很牛逼的样子。""",1,19,2024
"""跌停几次都拉起，真的资金还是想做板""",1,19,2024
"""有没有成本9.6的好""",1,19,2024
"""一堆韭菜星期一你运气好不是A杀""",1,19,2024
"""牛B！40%换手卖公司吗？""",1,19,2024
"""前面重组失败停牌四个跌停""",1,19,2024
"""就看这股吧的人气，就知道悬，虽然我希望涨。[囧]""",1,19,2024
"""话说新力会是跨年妖股吗""",1,19,2024
"""尾盘集合竞价把价格从8.78一下拉到8.9，让散户们有了幻想，还是那句话，周一抢""",1,19,2024
"""1月19日实盘战况""",1,19,2024
"""风浪越大鱼越大！！""",1,19,2024
"""有三就有五，有五必有8，可信吗？""",1,19,2024
"""走了走了，2024年11～12月份再来！""",1,19,2024
"""今天把建筑装饰和电力设备都走了，早上入手了家用轻工和景点旅游。""",1,19,2024
"""有没有七个点卖出去又两个点接回来的""",1,19,2024
"""有没有七个点卖出去又两个点接回来的[旺柴]""",1,19,2024
"""拉萨一来准没好事""",1,19,2024
"""新力周一反包概率有六成以上""",1,19,2024
"""我信你，你割我""",1,19,2024
"""竞价超预期，开盘超预期，受大盘影响，加之前两个交易日换手很高，涨停位被套较多，能""",1,19,2024
"""$新力金融(SH600318)$""",1,19,2024
"""龙虎榜解读：机构/游资今日买入新力金融、同兴环保、上海电影[24/01/19]""",1,19,2024
"""新力金融当日收报8.90元，涨跌幅-7.10%，振幅17.17%，换手率40.3""",1,19,2024
"""这个操作能给个赞吗""",1,19,2024
"""见顶了！赶紧清仓逃命吧！个人观点，仅供参考！不喜勿喷！谢谢！欢迎多多交流！互相学""",1,19,2024
"""每次这种三猜一我都能猜错[捂脸]，几十次了没一次对的，下次全打了得了""",1,19,2024
"""科创100ETF（588190）这是一个发展潜力巨大的板块，企业优势很好，为市场""",1,19,2024
"""凡超级换手率个股，谁刀更快谁才赢！""",1,19,2024
"""跌停板建个底仓！周一跌就进半仓，这票可以做t""",1,19,2024
"""周一可以不跌停吗，我华金地板割了追新力，又榻吗被按在水下，让我跑吧主力逃命去了""",1,19,2024
"""跌成这样，还在幻想""",1,19,2024
"""呼家楼是谁""",1,19,2024
"""下周一""",1,19,2024
"""星期一要涨停了""",1,19,2024
"""星期一要涨停了""",1,19,2024
"""1月19日闲聊""",1,19,2024
"""资金抄底+赌周末政策出台，今天挂树上的还有一线生机""",1,19,2024
"""9.35买了1500股，被活埋了[哭][哭][哭]""",1,19,2024
"""东方财富证券拉萨东环路第二营业部今日净买入6842.92万""",1,19,2024
"""东方财富证券拉萨团结路第二营业部今日净买入6218.04万""",1,19,2024
"""我不知道周一涨还是跌，但是我知道10块不是顶[微笑]""",1,19,2024
"""下周一反包了""",1,19,2024
"""请她喝了杯咖啡花了一百块，喝着喝着感觉她被玩坏了，还没等提彩礼打板客果断溜了，晚""",1,19,2024
"""周一涨停要不要卖掉？""",1,19,2024
"""最牛龙虎榜""",1,19,2024
"""反包与否看情绪，看大盘，大盘拉起来板块就能起来，板块起来新力必涨，这榜还可以，又""",1,19,2024
"""今天要是大盘指数向上，说不定真的晋级，可惜在那犹犹豫豫，婆婆妈妈把做多信心消耗没""",1,19,2024
"""发个业绩预告吧""",1,19,2024
"""呼家楼尾盘翘班抢筹，周一有看点""",1,19,2024
"""呼家楼这个钞能力游资，没有凭借一己之力拉涨停板，还是没章盟主有实力""",1,19,2024
"""华立在反包中，也算强的了。势来风帆顺，势去摧枯朽。搞点零花好难呀！一不小心就还回""",1,19,2024
"""湛江生蚝甲天下""",1,19,2024
"""榜上了，是好事还好尾盘又加仓了，干就是了，个人观点""",1,19,2024
"""还好跑了[捂脸]""",1,19,2024
"""周一跌停""",1,19,2024
"""中关村我记住你了[围观][围观][围观][围观]""",1,19,2024
"""新力金融(600318)龙虎榜数据(01-19)""",1,19,2024
"""只想回家找姥姥，牛逼""",1,19,2024
"""昨天这么大的量，今天开盘后没有迅速封板肯定要下跌。""",1,19,2024
"""大资金尾盘主动抢筹，跌停板洗掉了很多散户，高强度洗盘，周一估计直接高开涨停了!国""",1,19,2024
"""周一一字跌停""",1,19,2024
"""主力已经挺良心了，中间竟然给机会。。感谢！""",1,19,2024
"""猫虎榜了？""",1,19,2024
"""越唱越跌""",1,19,2024
"""10.10买的，完犊子了[亏大了]""",1,19,2024
"""主力跌停板吸筹2000多w，下周肯定反包涨停了，就是不知道涨停了卖不卖？兄弟们给""",1,19,2024
"""今天华金资本跌停板丢了，－5个点补了新力，－3个点新力又加了一点仓，总体亏了11""",1,19,2024
"""很害怕，下周放我走好吗""",1,19,2024
"""今天直接没有榜吗？""",1,19,2024
"""当初守了那么久卖飞，这次被套终于守回来一只，接下来就看索菱了。""",1,19,2024
"""龙虎榜呢？""",1,19,2024
"""这股有主力在5日线维护股价""",1,19,2024
"""今天有榜吗""",1,19,2024
"""一万个C[大哭][大哭][大哭]7块割肉的，10块又冲进去了[捂脸][捂脸][捂""",1,19,2024
"""散户要你命三千又爱装逼又爱核星期一看着一群韭菜无脑核参考四川金顶[666]""",1,19,2024
"""后面准备探底搞搞黄金股etf（517520），跟着投黄金能避险而且波段更容易把握""",1,19,2024
"""有没有人跟我一样跌停卖呢？10元的时候老是犹豫要不要出，结果没出忍不住跌停出。""",1,19,2024
"""收盘1.9万手什么意思哪位大神解释一下""",1,19,2024
"""早盘最高点卖了。后续又陆续买进。利润剩下六个点。无语了。下周怎么说？""",1,19,2024
"""周末愉快，家人们！""",1,19,2024
"""这个量估计董事长都卖了[滴汗]员工那个1000万股够塞牙缝。""",1,19,2024
"""下周一是最后逃命的机会，别指望舒舒服服的逃命，缺胳膊少腿也得保命，给个参考价位9""",1,19,2024
"""幸好竞价跑的快[呲牙][微笑]""",1,19,2024
"""拉萨军团入来了""",1,19,2024
"""踢的对不对""",1,19,2024
"""这就是龙头的魅力，跌停也有人敢进货，周一高开的话，就有希望了。低开的话，今天的资""",1,19,2024
"""还行至少没跌停，-5%接回来50%的仓位无语了，上午拉就没戏，""",1,19,2024
"""我在一个点左右买属于什么战法今天亏19个点永兴割肉来的，往往都是一板以上，有资金""",1,19,2024
"""晚上的榜看上去家人应该很多，保不齐一个都没有。""",1,19,2024
"""新力金融会投大集嘛？""",1,19,2024
"""尾盘有大资金抢筹，周一反包？""",1,19,2024
"""四个三进四，哈森一字板，晨光高开秒板。大千秒杀跌停翘板继续跌停，新力金融水下蹦哒""",1,19,2024
"""我觉得3+3的概率还是有的，各位不要太悲观。""",1,19,2024
"""1.19收评短线龙头几乎全面奔溃，生态尽显恶劣，指数继续弱态，成交量萎靡。""",1,19,2024
"""看样子周一不会跌停了，""",1,19,2024
"""厉害""",1,19,2024
"""模拟而已，怎么这么坑""",1,19,2024
"""长长的打狗棒""",1,19,2024
"""虽然没卖在高点但是也很满意了""",1,19,2024
"""1.2万手谁一下吃了""",1,19,2024
"""只有深中华傲视群雄，不买龙头买杂毛。？？？""",1,19,2024
"""跌停进的初看有3个点利润，明日直接低开5个点就无语了[大哭][大哭][大哭]""",1,19,2024
"""就这条线，周一绝对跌停，谁来赌""",1,19,2024
"""提前推测的我""",1,19,2024
"""盘中富贵半小时，太难了""",1,19,2024
"""我跑了，你没玩吧！[鼓掌][鼓掌][鼓掌]""",1,19,2024
"""地板那么多货都被谁吃了，可真够猛的啊，周一估计也是大幅度震荡行情了""",1,19,2024
"""周一别套我，让我1月不绿可行？""",1,19,2024
"""卖了清源，来接兄弟们的飞刀了[怒]""",1,19,2024
"""完蛋！还不如跌停，这波跌停主力做个T，周一又要低开，我以为抄到底了，结果又是半山""",1,19,2024
"""又是电风扇行情恶心人，高标全死""",1,19,2024
"""今天龙虎榜五个拉萨会聚。""",1,19,2024
"""好聚好散，拜拜！""",1,19,2024
"""兄弟们 怎么看啊 还有以后吗！""",1,19,2024
"""你们这二天休息吧，我说一句话就可以了，周一不是涨就是跌，完毕哦了。""",1,19,2024
"""晚上看榜，哪位大佬一直在5000手的吃单""",1,19,2024
"""融券数大幅上涨，融资下降，悲哀啊，又被做空了""",1,19,2024
"""地板割了华金，追高了新力，跟华金一样的心里以为要上板了，下周怎么走能不能平开把我""",1,19,2024
"""尾盘跌停进去的补仓了下周一吃肉""",1,19,2024
"""别太暴力震荡上行吧，""",1,19,2024
"""集合竞价买的，亏10几个点[滴汗][滴汗]""",1,19,2024
"""昨天不看换手率吗？活该被埋""",1,19,2024
"""别怕，主力把公司卖了，都成了韭菜的公司，当家做主了""",1,19,2024
"""你不给力阿，好在进了先锋今日才不至于亏！""",1,19,2024
"""无语的周末哎，亏大了""",1,19,2024
"""看看明天能跑的了不吧""",1,19,2024
"""有人说洗盘，洗盘放这么大量去洗盘吗？？？""",1,19,2024
"""也许今年不一样！21年的17元附近掉下来！换手也没有这么高过！4天换手接近百分百""",1,19,2024
"""有量就有花头""",1,19,2024
"""带融字的票果然不会有多少连板""",1,19,2024
"""周一A杀了""",1,19,2024
"""又一只""",1,19,2024
"""9.12接盘了靠，站在山顶上了，还好就买了700股""",1,19,2024
"""想一直格局的你是真不行啊拉高我挂上的单子都撤下来了""",1,19,2024
"""量很好，周一还有希望。游资加仓，老庄连出两天，就看到底多少存货了，成本低，无惧。""",1,19,2024
"""有主力被套了，低开太多就跑""",1,19,2024
"""是不是收个大阴线就可以重组了。""",1,19,2024
"""今天红盘追高的惨了""",1,19,2024
"""应该说最近几天的走势……我想只有知道这里的老人才能理解吧！时不时的还会有一些诡笑""",1,19,2024
"""全是散户不用看了""",1,19,2024
"""庆幸比套在37500点的安全多了才2860点被套的不算高位""",1,19,2024
"""北向资金成交情况概览(01-19)""",1,19,2024
"""沦为反核的优质品种了[捂脸]，尾盘有资金博弈的，今天莫名其妙被板块大杀的晨光卡掉""",1,19,2024
"""这4天走势和华立一毛一样""",1,19,2024
"""有研究过这个票的么？这是什么，20多亿的流通盘，换手40？看来主力一面融券""",1,19,2024
"""竞价杀入，博弈反包""",1,19,2024
"""如果不高开封板，周一必须砸死""",1,19,2024
"""还行，赚了3个多点""",1,19,2024
"""最后一个竞价居然让我少亏了几千块钱[哭][哭][哭]，下周跌停我就清仓大盘不好不""",1,19,2024
"""没抢到最低悲哀""",1,19,2024
"""感谢主力又给了我一次机会跑""",1,19,2024
"""$新力金融(SH600318)$""",1,19,2024
"""看不懂了""",1,19,2024
"""会卖的是，师傅啊""",1,19,2024
"""看这架势，80%换手率也不在话下啊""",1,19,2024
"""没劲，跌跌不休""",1,19,2024
"""买了一点新力金融，不知道有没有汤喝，资金博弈太强了，在这种市场就得找资金活跃的股""",1,19,2024
"""收盘8.88""",1,19,2024
"""有融券的票真的接不住，这么大换手，尾盘还能砸出来这么多！""",1,19,2024
"""下周大盘回踩2800，新力金融会率先冲击涨停！大家拿住高抛低吸等3000点再说！""",1,19,2024
"""星期一能不能少扒点皮，太TM吓人了[惊讶][惊讶]""",1,19,2024
"""有人在地板上买吗？""",1,19,2024
"""62没买到，不买了，下周看看""",1,19,2024
"""生命力很强的，尾盘加把劲吧！""",1,19,2024
"""星期一估计踩缺口，不补缺口啥事没有""",1,19,2024
"""尾盘跌停，必须的""",1,19,2024
"""好了伤疤忘了疼2022年的闹剧历历在目""",1,19,2024
"""他们手里到底多少票，砸不完的？""",1,19,2024
"""除了大股东都出了！！！！""",1,19,2024
"""拉红就算你牛！""",1,19,2024
"""是谁在拉，牛逼k拉s""",1,19,2024
"""水下七个多点割了2/3的仓位，首板进来的，没挣几个钱………""",1,19,2024
"""明天吃面""",1,19,2024
"""这反弹很熟悉嗷，看看光洋股份，一模一样，尾盘拉起来也一样""",1,19,2024
"""你们买股票，他们在卖公司""",1,19,2024
"""尾盘一拉立刻就跑""",1,19,2024
"""来了家人们""",1,19,2024
"""地天来了""",1,19,2024
"""保住了金融一哥的位置！！！""",1,19,2024
"""2万手的跌停筹码, 被人骗走了吧. 龙头有九条命, 现在是白菜价, 还卖""",1,19,2024
"""结束了""",1,19,2024
"""下周破7，谁还在吃货""",1,19,2024
"""除了不能卖的，估计能卖的都卖了""",1,19,2024
"""跌停过后买的就是了，我9.9买的""",1,19,2024
"""[献花]""",1,19,2024
"""地天要来了""",1,19,2024
"""代表所有员工感谢拉萨军团解放员工，让大家过个好年，感谢，感谢！""",1,19,2024
"""擦刚想挂拉上去了""",1,19,2024
"""跌停继续买入，一层2仓位。8.89成本不惧""",1,19,2024
"""板上的量有点多，洗一洗？""",1,19,2024
"""根本买不完！！！他们是要卖公司！！！！！""",1,19,2024
"""1月19日，新力金融高开低走，股价报8.99元，跌6.16%。""",1,19,2024
"""主力牛逼主力跑路周一继续跌""",1,19,2024
"""疯狂出货！恨不得我公司卖给我""",1,19,2024
"""庄家一天就把货出完了[大笑]""",1,19,2024
"""买什么割什么[捂脸]""",1,19,2024
"""卖吧卖吧把公司都卖给散户了""",1,19,2024
"""什么在砸""",1,19,2024
"""玩死了""",1,19,2024
"""跌停板我接点了!""",1,19,2024
"""晚上看龙虎榜吧，就知道谁砸的了""",1,19,2024
"""股市下降趋势中，空仓不香吗？非要玩火，这下子爽了吧？""",1,19,2024
"""一天15个点……""",1,19,2024
"""运气不好，买什么都亏，5000多支股票，随便选一支也不至于亏成这样吧！[哭]""",1,19,2024
"""我进去就跌停了""",1,19,2024
"""家人们糊涂啊[大笑]""",1,19,2024
"""$新力金融(SH600318)$""",1,19,2024
"""立图为证，加仓！""",1,19,2024
"""这个鬼就是个套""",1,19,2024
"""这根高位天量子，印钞机来了都救不了！龙虎榜至少四只拉萨""",1,19,2024
"""卖公司的真多""",1,19,2024
"""牛""",1,19,2024
"""说过了不要去""",1,19,2024
"""一个小盘子都这巨量还手了，还有人买，到底有啥可争夺的？""",1,19,2024
"""两天换手70%多，恶庄出货完。游资是想做多这只票的""",1,19,2024
"""承接有力明天反包预期很强""",1,19,2024
"""公司管理层太老实了，涨这么点，公告废话太多""",1,19,2024
"""也不知道还使劲买，2.4亿出货。明天估计要跌停了""",1,19,2024
"""今天至少拉到9块，不然明天没得玩""",1,19,2024
"""三进四太恶劣了[哭]""",1,19,2024
"""可以干了""",1,19,2024
"""注意！注意？注意！风险与机遇同在。""",1,19,2024
"""重仓上。跌停。""",1,19,2024
"""我！我8.88全仓你了的！""",1,19,2024
"""10块钱只出了一半，大腿拍断""",1,19,2024
"""绝对地天板，跟上次圣龙一样""",1,19,2024
"""太恐怖了这些做空的力量历史会记住今天秋后会有人算账的不计代价疯狂做空令人毛骨悚然""",1,19,2024
"""这是卖公司""",1,19,2024
"""尾盘百分百跌停，今天进来的全部吃套套，周一直接低开坑杀。""",1,19,2024
"""猜就是这个结果高位卖了要不要接回来""",1,19,2024
"""买一笔支持一波""",1,19,2024
"""吃个跌停""",1,19,2024
"""果然不出我所料[大笑]""",1,19,2024
"""牛逼牛逼""",1,19,2024
"""今天高位进去了，找死""",1,19,2024
"""这么大量还去？""",1,19,2024
"""开盘就砸，收手吧阿祖，你玩不过庄家的""",1,19,2024
"""机构恶意打压做空金融股寓意何为？""",1,19,2024
"""结束了，留钱晚上吃面吧[哭]""",1,19,2024
"""不跌停还好，跌停就完犊子了。周一更惨！""",1,19,2024
"""融券票盘看着就是过瘾""",1,19,2024
"""一天出完，这么没吃相？""",1,19,2024
"""哈哈，果然如此""",1,19,2024
"""哎，按经验来说，收盘奔跌停了""",1,19,2024
"""一个字, 买, 这换手就是异常, 高量创新高""",1,19,2024
"""拉大智慧还不如拉你呢，哎。""",1,19,2024
"""员工持股计划不是已经减持完毕了吗？咋卖的没完没了""",1,19,2024
"""老子一天亏10几个点，今天最高价买的咋办？""",1,19,2024
"""新力金融已死!""",1,19,2024
"""任何现在买入的周一低开低走咱办""",1,19,2024
"""反正有韭菜去接盘[大笑]""",1,19,2024
"""空头境外机构没人管为所欲为！！！！公安部查一查啊""",1,19,2024
"""一个个的，鸡，""",1,19,2024
"""赶紧跑吧各位，最后的机会了，下周一直接给你们都按跌停板上""",1,19,2024
"""跌停""",1,19,2024
"""今天就两个结果，要么涨停要么跌停""",1,19,2024
"""害怕大盘上涨的力量太强大了，生生把新力强压着！没希望了，散了吧""",1,19,2024
"""小地方的票没格局，洗洗睡吧大家都散了""",1,19,2024
"""境外机构中关村严查吧""",1,19,2024
"""关键时刻拉证券捣乱！要不就拉红了""",1,19,2024
"""大A沉疴难起，不能用猛药，资金投机必然要把握时机，所以跌个不休也是市场资金的选择""",1,19,2024
"""加仓啊，下周必破12元，不信就等着看看""",1,19,2024
"""这种分时只能出局了，主力清仓，一天都在大单卖。""",1,19,2024
"""8.63挂单，尾盘地天""",1,19,2024
"""想想都知道礼拜一跌停真涨可能让你们进吗？""",1,19,2024
"""金融果然是渣男""",1,19,2024
"""今天早上抄底的截止现在是玩了个盘中富贵啊""",1,19,2024
"""聪明大智慧和华西起来了""",1,19,2024
"""今天又是大亏了，亏的原因1龙头没死就只做龙头，如果敢觉风险高了就小仓位来回做踢。""",1,19,2024
"""不出意外尾盘地板见""",1,19,2024
"""收盘还是跌停了[为什么]""",1,19,2024
"""龙头渡劫[上涨][上涨][主力][主力][主力][主力][主力][主力][主力]""",1,19,2024
"""根本买不完""",1,19,2024
"""想拉就拉吧，别装了""",1,19,2024
"""能跑的赶紧跑""",1,19,2024
"""深中华要被灭，你上去就是总龙头""",1,19,2024
"""多元金融龙头比深中华主力弱太多了""",1,19,2024
"""尾盘涨停""",1,19,2024
"""好好的一个大金融龙头，玩成了跑的快游戏。辣急主力，辣急游资！""",1,19,2024
"""坚定定投华商恒益稳健混合一定会有不错的收益的，投资不就是为了赚钱么，这基覆盖""",1,19,2024
"""老庄股手里都是货，根本买不完""",1,19,2024
"""呼叫呼家楼""",1,19,2024
"""金融强国六大核心要素明确2024年01月18日00:25来源：经济参考报10人评""",1,19,2024
"""耐不住寂寞892还是接了""",1,19,2024
"""冲""",1,19,2024
"""预估今天下午尾盘拉升，下周一还得涨停""",1,19,2024
"""咋样[偷笑]""",1,19,2024
"""我来了速度啦涨停新龙头[主力][主力][主力][主力][上涨][上涨][上涨][""",1,19,2024
"""还可以再度板吗""",1,19,2024
"""A杀来了，看看有多少3板4板打回原形的。""",1,19,2024
"""只敢看[666]""",1,19,2024
"""下周一是否会一字跌停""",1,19,2024
"""拉大盘啊！赶紧拉大盘""",1,19,2024
"""看这架势完蛋了[捂脸][捂脸][捂脸][捂脸]""",1,19,2024
"""A杀了，看能不能回到6块""",1,19,2024
"""为什么这个群里的人这么多唱多的，都大空大跌了，还球那么嘴硬""",1,19,2024
"""家人们""",1,19,2024
"""金融强市=新力金融""",1,19,2024
"""晚上猫狗榜家人们集合啦""",1,19,2024
"""清空了，暂时空仓""",1,19,2024
"""$新力金融(SH600318)$""",1,19,2024
"""真狠这是要卖公司啊这么多货""",1,19,2024
"""到底是谁在卖，根本买不完""",1,19,2024
"""是的，又是拉萨""",1,19,2024
"""收盘涨停[福][福][福][福][财力][财力][财力][火箭][火箭][火箭]""",1,19,2024
"""各位看看公园股份吧还在幻想什么？""",1,19,2024
"""买吧，14点30预计会有一场急拉，可能会涨停。纯属个人预测，输赢在自己，自己决断""",1,19,2024
"""加仓，加仓，给我干[得意][得意][得意]""",1,19,2024
"""盘中富贵可以一把""",1,19,2024
"""今天上榜全是家人""",1,19,2024
"""有种跌停，没种涨停""",1,19,2024
"""三十年青春与热血是无可忘却的岁月，可以说我的前半生就是一本生活上血与火织、股市血""",1,19,2024
"""上午假拉不板就应该卖了全套路礼拜一跌停""",1,19,2024
"""老子今天最高价买的咋办？""",1,19,2024
"""快走了，今天要跌停了""",1,19,2024
"""这票从来不强，只会蹦两三天就下行""",1,19,2024
"""惨啊还好没买""",1,19,2024
"""我在吸筹，大家快来买啊！还有翻倍空间，题材多，热点高，配合指数上涨翻倍""",1,19,2024
"""跌停价先挂上，买入。""",1,19,2024
"""下午封板跌停的趋势，只看不敢买""",1,19,2024
"""早上某群老师说割掉西陇科学，买新力金融10元涨停，然后退群了。哦豁了""",1,19,2024
"""次轮救市谁出钱""",1,19,2024
"""有没有在山顶的朋友，凉快吗？""",1,19,2024
"""让你买了害人礼拜一再跌停亏死你20几点""",1,19,2024
"""要跌停吗""",1,19,2024
"""完犊子了""",1,19,2024
"""新力金融目前还不是市场龙头，但金融证券龙头老大地位无人能撼动。三进四失败，也许是""",1,19,2024
"""又倒霉！星期一只有挂跌停板出货了""",1,19,2024
"""严重低估！收盘涨停！！！！！！！！！！""",1,19,2024
"""卧槽！这鬼东西""",1,19,2024
"""前天最高点进的万方发展，割了30%，今天又最高点进的新力金融，""",1,19,2024
"""'周一一字跌停开盘。""",1,19,2024
"""跌停，不是空穴来风，脉冲出货完毕""",1,19,2024
"""肯定跌停赶紧卖别买和公元一样的下场""",1,19,2024
"""亏死了""",1,19,2024
"""真恶劣""",1,19,2024
"""洗盘而已，买买买""",1,19,2024
"""还好中午前跑了""",1,19,2024
"""今天又流出二个亿""",1,19,2024
"""跌停板了""",1,19,2024
"""千年大顶，别去接盘，。。""",1,19,2024
"""今天不跌停10斤""",1,19,2024
"""下周一阳包阴，领涨金融股！""",1,19,2024
"""赶紧逃命啊！尾盘跌停！明天继续A杀！""",1,19,2024
"""金融股是指数的定海神针，作为金融股龙头这样的表现，不大敢介入了，指数不会好的""",1,19,2024
"""C永兴洗完盘准备涨礼拜一肯定有益价""",1,19,2024
"""不玩了割了，你们自己玩吧玩吧""",1,19,2024
"""真心看不懂，昨天买的华金资本，今天买的新力金融，都是深水买的，结果一看榜单全是家""",1,19,2024
"""没法玩了""",1,19,2024
"""受不了上午红的没出现在割肉了""",1,19,2024
"""多方主力死哪去了？""",1,19,2024
"""随便跌""",1,19,2024
"""今天下午要是拉不起来，下周一就要凉凉了。下午拉不起来可以适当减仓，谨防下周一补跌""",1,19,2024
"""这么大的量，又是大股东卖公司的节奏""",1,19,2024
"""做空A股的资金在压盘。大家齐心协力保卫战""",1,19,2024
"""跌停吧""",1,19,2024
"""好像永远出不完，一直有大单卖出。""",1,19,2024
"""和金龙羽一个桩，完蛋了""",1,19,2024
"""相信中信""",1,19,2024
"""拯救大盘的股这是新金融""",1,19,2024
"""求你勾引拉红，我马上清仓跑""",1,19,2024
"""政策扶持，金融必成妖""",1,19,2024
"""今晚家人们全上榜[旺柴]""",1,19,2024
"""一天亏了我17个点，这是A股吗？炒股能赚钱、太可怕了家都要亏没""",1,19,2024
"""试试运气，努力向上[大笑]""",1,19,2024
"""这换手率，多半是完了[大笑]""",1,19,2024
"""明显出货，要洗盘昨天是最佳时机。""",1,19,2024
"""又出来一堆牛鬼蛇""",1,19,2024
"""这么大量不涨停，还想啥呢""",1,19,2024
"""快跌停吧。给我下班""",1,19,2024
"""这是要把社保基金套牢嘛""",1,19,2024
"""股吧一片哀嚎[捂脸]""",1,19,2024
"""中位独苗。也被催死了""",1,19,2024
"""差不多了，拖拉机开起来""",1,19,2024
"""别幻想了，赶紧逃命吧""",1,19,2024
"""收盘9块以下。""",1,19,2024
"""真涨不可能现在等你买都几点了还幻想""",1,19,2024
"""抄一点底""",1,19,2024
"""公司是赚了钱的""",1,19,2024
"""多杀多，来杀杀杀，互相杀""",1,19,2024
"""还是去大千生态吧他有可能地天""",1,19,2024
"""今天这是要跌停的节奏了""",1,19,2024
"""收盘跌停，今天进来的全部吃套套了，周一直接低开套人，收盘跌停""",1,19,2024
"""全是大单子出没看到吗""",1,19,2024
"""这是点火失败了还是诱多啊？[滴汗]晚上有龙虎榜没""",1,19,2024
"""记住口诀：放量下跌还要跌，缩量下跌继续跌，放量上涨肯定跌，缩量上涨只能跌[抄底]""",1,19,2024
"""这是要奔跌停去吧？[为什么][为什么][为什么]""",1,19,2024
"""你不买会跌？把自己手剁了酒菜害人精""",1,19,2024
"""下午跌停！必须滴！已经下破了""",1,19,2024
"""继续看好---""",1,19,2024
"""站稳扶好准备起飞""",1,19,2024
"""跟大连1月10号走势一样，套人节奏，完蛋""",1,19,2024
"""落袋为安""",1,19,2024
"""考验主力格局的时候到了, 预计下午封板""",1,19,2024
"""明天该怎么办啊哎""",1,19,2024
"""我给你说今天新力金融是渡劫，你问我能不能渡劫成功，我说~鬼知道！做一个旁观者""",1,19,2024
"""明天百分百跌五个点或跌停。""",1,19,2024
"""下午护盘，涨停""",1,19,2024
"""都卖了去买长白山去这个没有用""",1,19,2024
"""现在的情况，要嘛就啥都不买，要买就只能买金融，不然去别的死的概率还大些""",1,19,2024
"""换手可以了，下午拉升涨停""",1,19,2024
"""垃圾玩意，后悔早上水上没卖，搞不懂，格局的票就不行，不格局的使劲涨""",1,19,2024
"""下午大概率要跌停！""",1,19,2024
"""已经满仓。下午拉升9.99%""",1,19,2024
"""怕啥，反正大盘要啦也是拉金融板块，要嘛就是都死。""",1,19,2024
"""下午涨停，不服的来""",1,19,2024
"""洗盘结束了，下午准备拉升。""",1,19,2024
"""不要买一股肯定跌停""",1,19,2024
"""这票被散户包围了礼拜一肯定跌停开不买只卖""",1,19,2024
"""阿特斯10亿能板""",1,19,2024
"""主力换筹码完毕，下午直接板""",1,19,2024
"""这票被散户包围了礼拜一肯定跌停开不买只卖""",1,19,2024
"""下午准备满仓干进去""",1,19,2024
"""拉大盘最灵验的就把这货打板""",1,19,2024
"""尾盘回到8.80，明天一字跌停，何必？？""",1,19,2024
"""希望下午大金融能稳稳吧！不然昨天又是白忙活儿！""",1,19,2024
"""三个三板，有两个进为四板，你是唯一落下的""",1,19,2024
"""差点接盘""",1,19,2024
"""周一我相信会跌停，都瞎起哄""",1,19,2024
"""再敢下跌，我就跑了""",1,19,2024
"""供售社十互联金融十移动支付多重概念，周反转，待确定""",1,19,2024
"""再上车可就是赌了[笑哭]""",1,19,2024
"""红盘走了，满进满出，飞上天不看了""",1,19,2024
"""随便了，怎么都赚[大笑][大笑]""",1,19,2024
"""下一个长白山千万别怂。""",1,19,2024
"""业绩利润1700%多就三板了？？今天就是当一手股东我也认了""",1,19,2024
"""哎，魔怔了，意念涨停，我恨自己管不住手为什么卖了又要买回来[滴汗]""",1,19,2024
"""开盘完全符合预期啊！为啥走得如此拉阔[为什么][为什么][为什么]""",1,19,2024
"""新能源目前投资性价比超级高，可以抄底华商盛世成长混合，未来涨幅空间大，成长性好""",1,19,2024
"""金融强国。新力量注入。看好""",1,19,2024
"""我是冲着新龙来的""",1,19,2024
"""10.10元！大家不要送人头了""",1,19,2024
"""以跑路   凉了  小庄没格局""",1,19,2024
"""这走势是没有奇迹了""",1,19,2024
"""完了被骗了，拉高出货。本来还赚的现在亏回去了。周一别按地板让我出去算了。""",1,19,2024
"""下午大盘不好要拉金融护盘了""",1,19,2024
"""从股吧情绪判断，还有机会新高！""",1,19,2024
"""新力金融穿越周期虽然今天成交量巨大但我知道今天下午他依然会顶着压力回封市场可是在""",1,19,2024
"""礼拜一很有可能跌停开这个票别买赶紧跑""",1,19,2024
"""盘中富贵呀，以为要起来了""",1,19,2024
"""起不来了，""",1,19,2024
"""GG周一喜提地板""",1,19,2024
"""中美金融工作组举行第三次会议2024年1月18—19日，中美金融工作组在北京举行""",1,19,2024
"""昨天晚上在猫狗榜下面提示风险都骂我，希望你们开盘翻红的时候都跑了，早上发帖说应该""",1,19,2024
"""这图形走的莫名其妙呀""",1,19,2024
"""600318春节前会到12.88以上？""",1,19,2024
"""想模仿晨光新材结果被爆头了哈哈，收盘一看龙虎榜五拉萨""",1,19,2024
"""清完""",1,19,2024
"""10走了。看看股指在考虑接。""",1,19,2024
"""围新救慧""",1,19,2024
"""对不起，是我进来把它买崩了[哭]""",1,19,2024
"""就这样收盘我亏8个点认了，你别上蹿下跳的了别尾盘摔地上我就谢谢你了[微笑][微笑""",1,19,2024
"""今天地板""",1,19,2024
"""我是研究生学历炒股[微笑][微笑]我有6000铁粉[爱心][爱心]我把*ST左江""",1,19,2024
"""今天，我就以低吸为主。""",1,19,2024
"""昨天新力起到维稳指数的作用，今天上午被晨光卡了而且金融题材本身持续性都一般。高标""",1,19,2024
"""今天跌停不至于 要跌停早跌停了""",1,19,2024
"""要吗涨停要跌停，该卖的都卖了""",1,19,2024
"""高风险指的是1.波幅加大2.让持筹者与观望者都难受的走势（走势不明朗）3.上涨空""",1,19,2024
"""留下的发财""",1,19,2024
"""神秘力量砸盘   散户全吓跑了""",1,19,2024
"""低价拿货""",1,19,2024
"""山顶凉拌了主力咋这样啊谁救救我！""",1,19,2024
"""低价拿货""",1,19,2024
"""这走势就是垃撒的出逃方式""",1,19,2024
"""低价拿货""",1,19,2024
"""上午觉得自己买少了，中午一看，幸亏没买多少。""",1,19,2024
"""低价拿货""",1,19,2024
"""确实垃圾，空方就是不想让大盘起来，还是去抱团取暖吧""",1,19,2024
"""拉大智慧，放弃新力金融就是一大败笔，只能一个龙头且要像深中华那样持久，只有拉新力""",1,19,2024
"""老总说的话都不好使了？就是T你气死你！大不了不赚钱！""",1,19,2024
"""所有三进四的都涨停了，唯独这个卖公司的垃圾每天砸不完的单子""",1,19,2024
"""涨了两天就带领员工把公司卖了，这种股还能买吗""",1,19,2024
"""割肉聚辰，没救了，保守今天跌5-6%。买入抄底券商，指数要收复3000，肯定得啦""",1,19,2024
"""这股今天跟大盘和板块，如果周一大盘还跌，那么最值钱的是什么？人气，从股吧就看出来""",1,19,2024
"""低价拿货""",1,19,2024
"""最近报团横行，今天爆量换手，就看主力是顺势做高标的，还是融券砸盘了。""",1,19,2024
"""明天是你今天的华金资本""",1,19,2024
"""唉，跑了跑了""",1,19,2024
"""走了做了。二十多个点知足了[微笑]""",1,19,2024
"""有多少人不去看前面的历史，动不动几个跌停下来，还敢买。。。。。""",1,19,2024
"""昨天竞价买的，收盘挣10个，今天跌到-4想做t，结果-8倒t，成本在-5左右。这""",1,19,2024
"""跌下去 毫无承接""",1,19,2024
"""龙年春节旅游产品预订激增 旅游企业花式“备战”排练《科目三》""",1,19,2024
"""今天的榜上肯定又是整整齐齐的家人们啊完犊子了""",1,19,2024
"""好几个坨在忽悠人""",1,19,2024
"""吃面了""",1,19,2024
"""星期一，有可能跌停""",1,19,2024
"""赶紧跑，下午秒跌停""",1,19,2024
"""昨天一堆人晒单就知道没好事""",1,19,2024
"""9.8挂出4成仓位，10挂出6成仓位，成功逃顶[奸笑]""",1,19,2024
"""庄家恨不得把整个公司都卖给你们""",1,19,2024
"""跑了，踩踏来了""",1,19,2024
"""昨天换手太高了，今天看戏""",1,19,2024
"""9.8跑了，完美出逃""",1,19,2024
"""有机会跑的，许多没跑吧？""",1,19,2024
"""只有不怕死的敢买[大笑]""",1,19,2024
"""买点只有跌停博地天了，别的无上板可能...""",1,19,2024
"""开始出现托了，要小心喔！[大笑][大笑][大笑]""",1,19,2024
"""诱多杀了""",1,19,2024
"""哈哈，套套真厚""",1,19,2024
"""今日走势与前不同，以跳出界外，只可欣赏，不要误入""",1,19,2024
"""大哥，你涨停吧，我的华金等着你救呢[哭][哭][哭]""",1,19,2024
"""大量获利盘，进了就等站岗吧""",1,19,2024
"""别买了礼拜一要跌停开再买""",1,19,2024
"""丅十1的真正目的是让中小投资者亏钱的重要手段""",1,19,2024
"""9.9出了，看前面走势动不动几个跌停[奸笑]""",1,19,2024
"""完了，追高了，废了""",1,19,2024
"""主力没有实力，搞一点就跑""",1,19,2024
"""今天筹码又换了一遍，猜猜都到谁手里了！""",1,19,2024
"""今天诱多追进去的人惨了！""",1,19,2024
"""下午跌停，反正我跑了""",1,19,2024
"""冲高10块跑了，感谢。""",1,19,2024
"""急拉骗散户买原来快跑别进""",1,19,2024
"""今天抄底的，打包票下一个交易日不能盈利出去""",1,19,2024
"""主力船大难掉头~~~~~~~主力不可能出货""",1,19,2024
"""大概率还是涨停板""",1,19,2024
"""全部过来买三态股份跨境电商""",1,19,2024
"""晨光新材晋级4板，龙头出来了，新力没戏了""",1,19,2024
"""谁在卖，有点格局行不？""",1,19,2024
"""超大单已经跑了一个多亿，昨天超大换手率今天必定下杀，现在拉红也只是为了更好的出货""",1,19,2024
"""不要过早陷入焦虑，也不必为未知的困扰预知而烦恼。生活就如同面对各种挑战，逐一应对""",1,19,2024
"""这个可以融资，盘面会很过瘾""",1,19,2024
"""会不会是下一个升龙啊跨年大牛吗""",1,19,2024
"""本公司都不看好的股票，在减持。你还有买的动机吗？赶紧兑现利润，落袋为安，才是上策""",1,19,2024
"""今天就是主力让获利了结""",1,19,2024
"""对数顶，这个信号出来，必须要腰斩""",1,19,2024
"""这种脉冲起来，不涨停！后一个交易日水下五个个点收盘可以买""",1,19,2024
"""分歧太大了超出自己的认知，出了买了个华字辈，新华锦放着了！""",1,19,2024
"""今天进去的活埋""",1,19,2024
"""这走势周一跌停妥妥的""",1,19,2024
"""浮筹清洗完了，继续开启连板模式""",1,19,2024
"""9.8买的。。太冲动""",1,19,2024
"""10元山顶好冷！[哭][哭]""",1,19,2024
"""没有一鼓作气拉起来，估计不行了""",1,19,2024
"""融资融券+北上，不可能成妖""",1,19,2024
"""老乡等等我！""",1,19,2024
"""你买了害人不套你难道套我。人家都在跑你买""",1,19,2024
"""哦豁""",1,19,2024
"""没有快速拉涨停在这一直换手就已经走错了废了""",1,19,2024
"""盘中总结""",1,19,2024
"""追涨了，吐血""",1,19,2024
"""10到8块，大""",1,19,2024
"""拉了个对数顶，日""",1,19,2024
"""冲高不走，大腿拍断。""",1,19,2024
"""要吃面了""",1,19,2024
"""会不会诱多骗炮""",1,19,2024
"""带R的票 可以融券砸 所以很难有高度""",1,19,2024
"""和大盘共振""",1,19,2024
"""成你骂的妖真成早板了磨磨唧唧等你进？""",1,19,2024
"""一条心做到25天天涨停""",1,19,2024
"""1秒钟交易300这做空机制真可怕，1秒不到从3个多点到0.5%""",1,19,2024
"""买入""",1,19,2024
"""还有高点，不t的。。。。。。。。[呲牙]""",1,19,2024
"""估计还有7.8个涨停版""",1,19,2024
"""不行就是不行，别装了""",1,19,2024
"""T为上策""",1,19,2024
"""看不明白，风险太高只看不买""",1,19,2024
"""阴包阳主力大逃亡""",1,19,2024
"""早盘介入，新力金融华生科技都给到了低位参与！恭喜同车的朋友大口吃肉[胜利][看多""",1,19,2024
"""这个股你们也敢追""",1,19,2024
"""SB庄自己去玩吧，多好的一个走势打造妖股的机会，被你搞死了""",1,19,2024
"""天气寒冷，让我们报团取暖，静待春暖花开！曾经参与过的大牛股，怕高都是苦命人，要有""",1,19,2024
"""拉高引诱拉萨进块跑全散户啊""",1,19,2024
"""买盘挺强，奈何老庄一直在砸，脑子有泡""",1,19,2024
"""圣龙股份10.12走势也是洗，拿好坐稳就行""",1,19,2024
"""庄家在做T，出货为主，因为量能没有控制住，放得太大，场内筹码没有锁仓。4板被卡位""",1,19,2024
"""向深中华A学习""",1,19,2024
"""我就说上天还是眷顾我这类好人的，新股的理性分析贴帮了那么多人躲避亏损，感恩[拜神""",1,19,2024
"""昙花一现收盘跌停不相信看骗人买赶紧跑""",1,19,2024
"""小挣了一点。对冲了一点亏损。[坏笑]这就是实力。""",1,19,2024
"""点赞""",1,19,2024
"""周一周二都是涨停""",1,19,2024
"""今天是股指期权交割日，0成本做空，真金白银做多，这漏洞还不补上，外资继续做空收割""",1,19,2024
"""明牌了，我就是要学你晨光新材回首掏?谁来都拉不住[旺柴]，但是位置不一样，现在的""",1,19,2024
"""板块全看你的脸色，没有一个小弟敢帮忙""",1,19,2024
"""10.10对子顶？""",1,19,2024
"""感觉在边拉边出啊！下周一危险""",1,19,2024
"""我靠，早上水下我还没敢加仓，主要就是还在昨天主力拉升的位置，想了想主力不会砸跌停""",1,19,2024
"""主力大幅出货""",1,19,2024
"""假买快跑""",1,19,2024
"""都说了是带龙指数新龙新周期因为大家都在预期大涨中阳线所以拉金融预热""",1,19,2024
"""[大笑][大笑]""",1,19,2024
"""佩服早上抄底的大哥大姐们""",1,19,2024
"""是不是t飞了""",1,19,2024
"""昨天没买，今天也没买，错过了""",1,19,2024
"""主力今天空腹喝了一整瓶红西凤现在发酒疯了""",1,19,2024
"""连续两天分歧，一旦转一致，就漂亮了""",1,19,2024
"""过山车""",1,19,2024
"""没了，拉了这么几次都没拉上去""",1,19,2024
"""拉高出货。没意思。""",1,19,2024
"""涨停吧，早上9块，8.81分秕满仓干了，说你能有八板，才进的""",1,19,2024
"""家人们协议接盘，搞毛！""",1,19,2024
"""吐血没买""",1,19,2024
"""有心脏病的看看热闹就好，都震出脑震荡了[大笑][大笑][大笑]""",1,19,2024
"""这个盘面干不过空头啊一个五千多的砸盘就萎了""",1,19,2024
"""感谢主力，我先跑了""",1,19,2024
"""融券错不了""",1,19,2024
"""好奇这种单子怎么搞的""",1,19,2024
"""今天大盘翻红，他就是涨停的面！""",1,19,2024
"""这得多少货啊。还没出完""",1,19,2024
"""清仓了[微笑]，感谢""",1,19,2024
"""日久一个德行，最起码3个跌停板""",1,19,2024
"""这种不快速拉磨磨唧唧的基本都骗人的""",1,19,2024
"""这个股就得10点30才发力的！！！""",1,19,2024
"""牛逼了""",1,19,2024
"""厉害了，妥妥的妖怪""",1,19,2024
"""上车""",1,19,2024
"""华金资本地天反包带""",1,19,2024
"""拉升时候玩手核都没出现，肯定是刷流氓，下来别装""",1,19,2024
"""还是那句话，等5板，我不信金融结束了。这可是龙头。""",1,19,2024
"""让我看看有多少人被套了""",1,19,2024
"""JSG第一名""",1,19,2024
"""急跌慢涨是洗盘""",1,19,2024
"""出货""",1,19,2024
"""要涨停了，赶紧抄底买入""",1,19,2024
"""喔喔，坐等吃上一碗大肉，端上来！""",1,19,2024
"""你早这样子打压谁跟""",1,19,2024
"""9.12买10000股试试""",1,19,2024
"""大盘起要靠谁？券？银？光伏？总要有个站出来！""",1,19,2024
"""大长腿""",1,19,2024
"""老乡别走我还能涨！""",1,19,2024
"""早上跑慢了先做个t吧""",1,19,2024
"""太快了吧""",1,19,2024
"""做T的没有用赶紧跑骗人接盘""",1,19,2024
"""不科学啊""",1,19,2024
"""能不能追？""",1,19,2024
"""又在出货了""",1,19,2024
"""被洗了""",1,19,2024
"""冲天炮""",1,19,2024
"""9.07成本，部分仓位""",1,19,2024
"""快跑""",1,19,2024
"""帝天""",1,19,2024
"""$新力金融(SH600318)$""",1,19,2024
"""龙头首阴必抄底？？？""",1,19,2024
"""$新力金融(SH600318)$""",1,19,2024
"""吐血，没买""",1,19,2024
"""本周旗反弹指数新龙""",1,19,2024
"""地天""",1,19,2024
"""冲高新再融券[呲牙]""",1,19,2024
"""主力在出货""",1,19,2024
"""不能拉就躺下！别像儿一样，让人觉得恶心！""",1,19,2024
"""别买了，横盘出货了。""",1,19,2024
"""今天不会红[大笑]""",1,19,2024
"""下午跌停""",1,19,2024
"""都是du明显a杀的还敢进""",1,19,2024
"""抄底小心哦，大千生态是个榜样""",1,19,2024
"""量放的好大""",1,19,2024
"""市场这么差，不靠金融靠什么，金融责任重大""",1,19,2024
"""指数阳谋，不怕你不起来！""",1,19,2024
"""一口气下杀10个点，谁敢去突破你这个价位呢？你说一天下杀的还行。还有丝丝机会。""",1,19,2024
"""下一个华力，下一个金龙羽，你们慌什么，龙头哪有那么容易死""",1,19,2024
"""深中华A再度涨停，录得9连板！严重关注他还涨！牛逼！""",1,19,2024
"""中关村善于做弱转强，昨天做一泼，今天竞价大概率就是他核的。没买的谨慎吧，有底仓的""",1,19,2024
"""很有可能随时暴力直线拉涨停，公司股性活跃，三板定龙头，四板龙头渡劫，而且水下5个""",1,19,2024
"""圆满拜拜""",1,19,2024
"""分歧看承接看承接考验能力的时刻到了记得给我点赞""",1,19,2024
"""今天三进四两只成功，一只跌停，这只半四不火""",1,19,2024
"""估计是地天板""",1,19,2024
"""观战""",1,19,2024
"""耐心等大盘跌到2680，拿不住的可以清仓了!个人观点记录请勿当真后果自负""",1,19,2024
"""小散吃完肉为什么不跑？太贪了""",1,19,2024
"""托单必跌，""",1,19,2024
"""还不跑""",1,19,2024
"""原来又是减持""",1,19,2024
"""买入""",1,19,2024
"""金融属性，深中华打出连板高度，热议的票都有情绪溢价，可轻仓博弈""",1,19,2024
"""换手够了""",1,19,2024
"""呵呵。""",1,19,2024
"""完了，我yy了，我看龙虎榜yy是gjd占用量化席位，没想到真是量化苟！""",1,19,2024
"""核而不死，不知道会不会有起飞概率，本身晨光这种四板完全看不懂，宏达新材都在跌停板""",1,19,2024
"""祝留下的各位发财""",1,19,2024
"""承接不错，可以低点轻仓博弈""",1,19,2024
"""长白山、深中华太好做了，龙头从不套人[大笑]""",1,19,2024
"""竟价涨停价进的，怎么办？""",1,19,2024
"""昨天主力硬吃了很多货，主力今天被量化率先按了，它没跑出去，悲催了。""",1,19,2024
"""我买了，今天必死""",1,19,2024
"""难堪大用啊，早知道集合就出掉了，太差了""",1,19,2024
"""给机会上车，就不是好车，""",1,19,2024
"""跌停""",1,19,2024
"""吸取历史教训，不贪[大笑]""",1,19,2024
"""反攻号角吹起来，新年新龙新金力，冲""",1,19,2024
"""开盘没跑，少赚8个点，可恶""",1,19,2024
"""给你一张单8.7你看着办""",1,19,2024
"""厉害了，开盘直跌""",1,19,2024
"""新力金融地天板""",1,19,2024
"""离大谱我都显示撤单成功了现在去看居然还成交了[滴汗]""",1,19,2024
"""太弱了，跌停收场，明天还一个，抄底亏20个点。""",1,19,2024
"""挣钱的不必感谢我，也不会感谢我，亏了的一定会说我托，这个吧就是这样，我说过，不值""",1,19,2024
"""三连板新力金融提示风险，早盘股价跌超6%""",1,19,2024
"""战争在外面。城镇化是自己的事情。买""",1,19,2024
"""感觉是在骗炮么？""",1,19,2024
"""别急兄弟们，跌停加仓就好，因为昨天有拉萨今天下杀震荡很正常[旺柴]""",1,19,2024
"""对于短线选手来说，今天的亏损不可避免！涨的都是闻所未闻的票？难道是国家队进场了？""",1,19,2024
"""开盘急跌卖不出去？叫你们一招，29的时候挂跌停，如果急跌直接跌停卖，它会自动比当""",1,19,2024
"""昨天早盘大环境这么差，新力金融逆势涨停，无论如何都要支持一下""",1,19,2024
"""就这？""",1,19,2024
"""三进四pk已经输掉了，跑吧""",1,19,2024
"""这货还有城镇化概念""",1,19,2024
"""分歧进场爽""",1,19,2024
"""运道不好，没有一个连板能成功的[哭][哭][哭]""",1,19,2024
"""圣龙10月12号的走势""",1,19,2024
"""你们都走吧！我到15元后再看情况[微笑][微笑]""",1,19,2024
"""开盘不及预期，直接跑了""",1,19,2024
"""真的是我不卖你不上吗""",1,19,2024
"""干就完了""",1,19,2024
"""谢谢给机会上车""",1,19,2024
"""要想救大盘新力必须起来，所以我9.06建的仓""",1,19,2024
"""做个简单的总结吧！本周关注频率大幅下降，这个也是针对当下的市场及时优化调整的策略""",1,19,2024
"""小弟不助攻，龙头就阮，看看华子辈小弟""",1,19,2024
"""根本没有大资金进""",1,19,2024
"""10块不是顶""",1,19,2024
"""就冲你昨天的表现，你今天就算跌停我都不走""",1,19,2024
"""这是给俺机会呀，9.03""",1,19,2024
"""兄弟们别怕，我捏指一算没事[得意][毛估估][想一下]""",1,19,2024
"""903一个字：干""",1,19,2024
"""也该起来了，时间和换手都差不多了，大智慧都起来了""",1,19,2024
"""应该会拉起来""",1,19,2024
"""筹码都给散户了，得好几个跌停吧""",1,19,2024
"""gameover""",1,19,2024
"""真的是卖啥啥跌，卖了长白山来你这接盘，你赶紧跌停吧烦死了""",1,19,2024
"""幸亏昨天出了""",1,19,2024
"""要跌7.92补缺口""",1,19,2024
"""【新力金融：公司股票存在市场情绪过热、非理性炒作风险】""",1,19,2024
"""竞价强转弱，玩完[下跌][下跌][下跌][下跌][下跌][下跌][下跌]""",1,19,2024
"""边抬边出的阶段，去留随意，我减半格局。""",1,19,2024
"""金融龙头想拉指数你看着办""",1,19,2024
"""这票还能进不""",1,19,2024
"""今天就买你了""",1,19,2024
"""竞价不及预期，直接按了。""",1,19,2024
"""有人在不计成本的打压啊，目的就是要把大盘拖下去！其心可诛啊！""",1,19,2024
"""昨天历史天量，接得住才怪！""",1,19,2024
"""不跌停肯定反包""",1,19,2024
"""融券做空的已经到了无法无天的地步了""",1,19,2024
"""跌停！我买！速度！""",1,19,2024
"""别上当大家别给吓跑了""",1,19,2024
"""000""",1,19,2024
"""只买不卖，收盘涨停""",1,19,2024
"""一开盘又～服了阿""",1,19,2024
"""这就是龙头吗？笑晕了""",1,19,2024
"""估计还有涨停""",1,19,2024
"""有种的继续干涨停""",1,19,2024
"""$新力金融(SH600318)$""",1,19,2024
"""吃了三个涨停，今天应该择时清了。""",1,19,2024
"""给你机会你也不敢买的""",1,19,2024
"""涨停""",1,19,2024
"""金融强国六大核心要素明确2024年01月18日00:25来源：经济参考报股友U2""",1,19,2024
"""阿珍啊，你还来真的啊[哭][哭][哭][哭]""",1,19,2024
"""赶紧撤啊，要大跌""",1,19,2024
"""只买不卖，收盘涨停""",1,19,2024
"""呵呵哒""",1,19,2024
"""竞价跑了，不及预期""",1,19,2024
"""大面一碗！""",1,19,2024
"""刺激，8.88已满仓！""",1,19,2024
"""吃相太难看吧[捂脸]""",1,19,2024
"""券3个点""",1,19,2024
"""洗洗就好，不要来真的""",1,19,2024
"""竞价严重低于预期，没有一字板，直接就出货了。""",1,19,2024
"""哈哈哈，撤了""",1,19,2024
"""垃撒一地鸡毛""",1,19,2024
"""跑不跑，不跑跌停""",1,19,2024
"""7.2元买进的，早上开盘已落袋，感谢，做好事不留名，9.88已落袋！再见""",1,19,2024
"""1.19日早盘｜炒股巨亏，昔日“股神”金盆洗手？石化巨头20亿大举抄底？三连板牛股紧急声明""",1,19,2024
"""能继续封板吗？今年的收益率就能提前完成了。""",1,19,2024
"""明天必须跌停""",1,19,2024
"""快，快，一字横必拉弓？百万跌停诱空加仓。绿茵生态净资产7块，底部堆量，闭眼调仓，""",1,19,2024
"""满仓干""",1,19,2024
"""最典型的庄股[微笑]，还是10年老庄[旺柴][旺柴]""",1,19,2024
"""这个不连板就低于预期了，代表的是大金融罗普斯金代表光伏剑桥科技代表算力""",1,19,2024
"""大腿疼""",1,19,2024
"""等待5板7板[呲牙]""",1,19,2024
"""情绪实在太弱""",1,19,2024
"""恭喜看我贴的人在7.2附近买进的，今天不板即可落袋为安，但凡做好事，都不留名，在""",1,19,2024
"""不要再涨了昨天被洗出来了""",1,19,2024
"""10个涨停，看好爱康科技和延华智能，再也不想穷了，让我发财吧""",1,19,2024
"""明天依旧看大金融新力金融站稳周线9.35（题材上看九鼎投资华金资本周线压力位鸡骨""",1,19,2024
"""吐血昨天没买""",1,19,2024
"""早盘计划（多元金融+昨日连板+机构重仓）（纺织服装+户外露营+昨日连板）看好华字""",1,19,2024
"""金融板块：新力金融+华金资本+大智慧（预案）""",1,19,2024
"""0118|大盘出现反转信号，明天重点关注4只龙头！""",1,19,2024
"""1，深华发A：昨天下午洗盘，尾盘大长腿，妖股分时换手回封，跟长白山分离，接力了长""",1,19,2024
"""三板定龙头，今天会一字板吗？各位怎么看？""",1,19,2024
"""放量了嘛说天量天价，缩量嘛说换手不够，要炸板，""",1,19,2024
"""$深中华A(SZ000017)$$晨光新材(SH605399)$$新力金融(SH""",1,19,2024
"""看了我的帖子，应该抓到了这30厘米！""",1,19,2024
"""今天绝对拉稀""",1,19,2024
"""这个胜率怎么样啊？""",1,19,2024
"""舆情线索：今日新闻评分最高和最低的十只股票名单[24/01/19]""",1,19,2024
"""不出所料，今天要大跌开盘就跑""",1,19,2024
"""强金融打出标号来，附合国家强金融政策，必须9连板""",1,19,2024
"""高开就到顶了，不贪心。走人""",1,19,2024
"""放量太大了，17亿的成交，谁接的住啊，今天危险。""",1,19,2024
"""御银股份今天跟你补涨？""",1,19,2024
"""七块钱接回""",1,19,2024
"""新力金融：融资净偿还4518.37万元，创近一年新高（01-18）""",1,19,2024
"""今天一字涨停板！""",1,19,2024
"""猜到多少板？我猜10个！当初也3板上的长白山，5板出局，结果。。。""",1,19,2024
"""有句老话说，人生不如意事常八九。可见尽如人意，并非生活常态。修行人修的是心宽，这""",1,19,2024
"""今天够呛了""",1,19,2024
"""实在猜不透，大单流出这么多，是怎么封板的呢？难道资金状态是假的？""",1,19,2024
"""正宗央企机器人，列入国家高新技术创新示范企业，前景值得期待。""",1,19,2024
"""1月19日：最具有潜力的四大板块及个股""",1,19,2024
"""早知道：清源股份、新力金融、华立股份、恒信东方、剑桥科技、光洋股份""",1,19,2024
"""卧龙解读，今日股票公告""",1,19,2024
"""$华立股份(SH603038)$$哈森股份(SH603958)$$新力金融(SH""",1,19,2024
"""今天星期五，具有潜力的四大板块，值得收藏研究！""",1,19,2024
"""AI服务器超160万台！苹果MR今天预售！深中华A，华林证券，剑桥科技，华控赛格，罗普斯金""",1,19,2024
"""复盘及1.19号周五操盘计划""",1,19,2024
"""1.19早盘寻龙：深华发A，宏达新材，新力金融，华升股份，万安发展""",1,19,2024
"""1月19日早评，指数如同遍地黄金，光伏能否持续？天晟新村，新力金融，深中华""",1,19,2024
"""早评：新力金融，亚世光电，歌尔股份，网宿科技，传智教育，鸿博股份，京山轻机，清源股份，常山北明""",1,19,2024
"""1.19早盘：底部已现，新力金融，德业股份，华立股份，新易盛""",1,19,2024
"""御银股份地位补涨不香吗？""",1,19,2024
"""1.19早盘：底部已现，TCL中环、华立股份、深中华A、新易盛、新力金融、亿道信息""",1,19,2024
"""新力金融，上午卡着指数放量下杀，先于指数拉升，卡着节点拉起来的板，做的是大盘放量""",1,19,2024
"""新力金融有新能源概念？光伏？""",1,19,2024
"""晚上大部分群都不看好新力金融晋级，也许是因为明牌的原因，这里面就存在预期差了""",1,19,2024
"""从各个方面来讲，现在医疗器械的投资空间巨大，具备科技前沿属性。可以看看医疗器械E""",1,19,2024
"""1月18日复盘，明日连板梯队分析和预判""",1,19,2024
"""有可能是第二个长白山 ！""",1,19,2024
"""1.19早盘量化策略；新力金融，华立股份，翔港科技，信达证券，哈投股份，华林证券""",1,19,2024
"""我想知道这货今天带了什么涨啊""",1,19,2024
"""1.19早盘量化策略；翔港科技，信达证券，哈投股份，华林证券，新力金融，华立股份""",1,19,2024
"""主力暗资金流入3个多亿""",1,18,2024
"""明天必须缩量一字""",1,18,2024
"""新力金融(600318.SH)：目前不存在应披露而未披露的重大信息""",1,18,2024
"""3连板新力金融(600318.SH)：目前生产经营活动一切正常""",1,18,2024
"""不要看大盘拉起来谁涨了，要看大盘拉胯的时候谁敢涨！""",1,18,2024
"""大家都忽略了它的锂电池概念属性了吗？""",1,18,2024
"""1.18周五留意这个方向""",1,18,2024
"""怎么感觉安徽的三只羊公司和新力金融会有合作呢""",1,18,2024
"""转发""",1,18,2024
"""我准备明天打板进五层仓。""",1,18,2024
"""如果明天来个缩量板就牛逼了！""",1,18,2024
"""今天放量深V，2800点失而复得，成交量8648亿，放量2272亿！毫无疑问今天""",1,18,2024
"""600318主要业务包括融资担保、小额贷款、典当、融资租赁、网贷信息中介服务""",1,18,2024
"""北交所华信永道发来贺电，恭喜新力金融荣登大冰龙""",1,18,2024
"""关于新力金融的看点及解析""",1,18,2024
"""2000目标20w继续努力""",1,18,2024
"""题材的预期还在，有走强发酵潜质。明天竞价不能可以不如华斯，但绝对不能不如晨美""",1,18,2024
"""硅产业、光伏产业链、CPO相关概念股梳理+1.18数据复盘""",1,18,2024
"""才三板就过热了？那长白山是不是糊了？""",1,18,2024
"""半路进场""",1,18,2024
"""各位还好跑了""",1,18,2024
"""新力金融就大盘于危难之际！必须奖赏他，放开涨""",1,18,2024
"""傻杯公司，你看看深中华净资产0.41元，市净率是多少？""",1,18,2024
"""死亡换手不跌，真不知道极限在哪！""",1,18,2024
"""2024年1月18日连板数据（如果这不是底部又当如何？）""",1,18,2024
"""各位说说，我的这个胜率能算得上中等吗？都是瞎买的！""",1,18,2024
"""明天博弈空间板，所以4个三进四竞争会很激烈，大概率4个进2个，拭目以待！""",1,18,2024
"""$新力金融(SH600318)$""",1,18,2024
"""1.18日核心个股点评1、深中华A：8连板，市场周期龙，市场空间龙。今天扛住了爆""",1,18,2024
"""不管仓位多少，都希望新力可以走妖，在如今混乱的大环境里，急需一针强心剂，让2亿股""",1,18,2024
"""关于“大奇迹日”不赚钱的问题，以及当下到底处于下跌的哪个阶段？""",1,18,2024
"""上涨就是上涨最好的理由[呲牙]""",1,18,2024
"""香溢庄家到底是实力问题呢，还是心地宽宏大度？一般低价股拉涨停就不给散户买入的机会""",1,18,2024
"""[胜利]明天成功收割你们，开盘就按倒你们五位大哥[呲牙]""",1,18,2024
"""新力金融，昨天尾盘漏单，今天预期平开后先于大盘回暖完成三连，下午指数深v加大智慧""",1,18,2024
"""情绪管理的6个办法发掘兴趣，丰盈生活有时候，快节奏的生活会让人感到焦虑。发展有益""",1,18,2024
"""今天有超级大资金出逃，明天且行且珍惜！！""",1,18,2024
"""瞎炒""",1,18,2024
"""明天继续涨停，虽然我今天被洗出去了，但是还是祝福车上的明天吃大肉，完事活埋游资够""",1,18,2024
"""金融管理总局""",1,18,2024
"""明天还能买到吗？！！！""",1,18,2024
"""死之换手率36.34是不是主力都跑光了？""",1,18,2024
"""清源股份，新力金融，通润装备，亚华电子，江苏华辰，传智教育""",1,18,2024
"""多维竞价选股第5天，再抓涨停""",1,18,2024
"""成交量过大16亿，明天都卖谁能接住，预计明天一字地板！""",1,18,2024
"""看看深中华A，大家就知道几个板""",1,18,2024
"""再个涨停价正好是缺口的下岩""",1,18,2024
"""换手龙，定了！""",1,18,2024
"""行情来了？""",1,18,2024
"""今天漏单不少，明天有溢价，可能要断板了""",1,18,2024
"""今夜突发，光伏、城中村、鸿蒙消息在列，利好还是利空？""",1,18,2024
"""周四舆情热度118""",1,18,2024
"""只要是连板股。后面必有跌停板。所以还是见好就收吧。宁愿现在去抄底超跌反弹的股""",1,18,2024
"""《党和国家机构改革方案》公布。《方案》显示，组建国家金融监督管理总局。统一负责除""",1,18,2024
"""每天一个风险提示，其它连板公司也没见这么关心股民，就你脸大，跌的时候在哪里""",1,18,2024
"""金融出政策了，金融公司的管理机构升级了，由”中国人民银行”修改为“国家金融监督管""",1,18,2024
"""这次真不能怪内资""",1,18,2024
"""多元金融加供销社逻辑。第二板是不是一字板，而且量很少对不对。这种情况下我能不能判""",1,18,2024
"""卖比买多，还能涨停，确实有点离谱""",1,18,2024
"""1.18复盘：大盘急跌之后放量修复，光伏回流科技试图反弹""",1,18,2024
"""三只羊借壳上市""",1,18,2024
"""六个板是起步价，不排除9个板可能性。格局要大！""",1,18,2024
"""新力金融舆情热度1.18""",1,18,2024
"""金融强国第一股，买买买。现在不是看价值的时候了，需要一只龙头带情绪。""",1,18,2024
"""放量大反转！暴打！""",1,18,2024
"""人性的阴暗，在股市里体现的淋漓尽致，看啦那些评论区盼着大跌的，说着大家是韭菜的，""",1,18,2024
"""今天封板后。。指数涨了3%。明天有溢价""",1,18,2024
"""见证历史，老胡尴尬了!""",1,18,2024
"""20240118复盘：如果反弹怎么做""",1,18,2024
"""死在黎明前的回来看看[怒]""",1,18,2024
"""明天收盘还能涨我倒立洗澡。""",1,18,2024
"""热点聚焦""",1,18,2024
"""这货有新能源概念？""",1,18,2024
"""今天把化学制品走了，保险又板了，还拿着，早上入手了通用设备。""",1,18,2024
"""如果股市想来一波牛市反转的行情，那么这个先锋股必须来一波轰轰烈烈的上涨""",1,18,2024
"""新力金融｜龙虎榜主力交易明细图（0118）""",1,18,2024
"""明天估计凉了""",1,18,2024
"""炒好华字辈！开始炒金字辈了！新力金融龙头股！""",1,18,2024
"""明天没进来的不要接，观望就好[旺柴]接不住的[摊手]""",1,18,2024
"""新力大哥，明天要挺住啊，不然我的华金就跑不出去了[哭][哭][哭]""",1,18,2024
"""沪深交易所2024年01月18日公布的交易公开信息显示，新力金融因成为当日换手率""",1,18,2024
"""2024年一号文件是保持金融稳定。""",1,18,2024
"""1a当你感到困惑时，不要作出任何交易决定不要勉强进行交易！""",1,18,2024
"""长白山，亚世光电，深中华等都是九板十板的""",1,18,2024
"""$新力金融(SH600318)$""",1,18,2024
"""厚积薄发，才是最佳方式。""",1,18,2024
"""明天你敢直接板？""",1,18,2024
"""1.18晚盘：新力金融、金刚光伏、广博股份、长白山、西陇科学、""",1,18,2024
"""有一号文件的""",1,18,2024
"""主力出货""",1,18,2024
"""感谢主力大哥[献花]留下的朋友发财！""",1,18,2024
"""1月18号：热门股点评：""",1,18,2024
"""1.18晚盘：逆势反转，新力金融、金刚光伏、广博股份、长白山、西陇科学、晶澳科技""",1,18,2024
"""明天又是一字涨停板了，高兴""",1,18,2024
"""吹响反攻号角""",1,18,2024
"""短分析一下""",1,18,2024
"""该说不说，我研究了这票的历史，发现这标的股性非常好！走过趋势，走过连板。但不论趋""",1,18,2024
"""奇芭的规定，涨幅大要公示，告诫！那么多跌幅的个股，为什么不核查告知没利空，告诫大""",1,18,2024
"""降温了""",1,18,2024
"""3连板新力金融：市净率指标显著高于同行业平均水平 公司股票存在市场情绪过热、非理性炒作风险""",1,18,2024
"""这次至少六个板，才三个你们跑什么跑""",1,18,2024
"""三连板新力金融：公司股票存在市场情绪过热、非理性炒作风险""",1,18,2024
"""明天低开到顶""",1,18,2024
"""看看小弟华金的表现，再看看中关村，3进4不可能的""",1,18,2024
"""高标个股分析""",1,18,2024
"""一个破新低的反弹就激动成这样，这里是反弹，不是反转，见2700点是迟早的事。""",1,18,2024
"""新龙初现在风口力度强到没朋友你一手来我一手一起顶到年后走""",1,18,2024
"""今天被洗了，明天一字加速买不到了[哭]""",1,18,2024
"""亏鬼们，不要过度迷信龙虎榜，重点是里面暗庄的实力和明天的情绪决定方向感，为什么有""",1,18,2024
"""天量天价""",1,18,2024
"""新龙头从新（力）开始""",1,18,2024
"""管他啥庄，散户合力一起抬""",1,18,2024
"""金融板块龙头！连续3个涨停板！今天的龙虎榜显示，北京中关村大街买入4000多万！""",1,18,2024
"""43块的还在么""",1,18,2024
"""1.18:今日连板""",1,18,2024
"""1月18日闲聊""",1,18,2024
"""新力金融:安徽新力金融股份有限公司股票交易风险提示公告""",1,18,2024
"""龙虎榜买卖双方互道一声SB""",1,18,2024
"""柚子要接力的，你来我往不很正常。还不能一个柚子锁仓吃独食？""",1,18,2024
"""不要意了，明天集合竞价就知道强不强了""",1,18,2024
"""$新力金融(SH600318)$""",1,18,2024
"""东方财富证券拉萨团结路第二营业部今日净买入4878.6万""",1,18,2024
"""东方财富证券拉萨东环路第二营业部今日净买入8703.77万""",1,18,2024
"""七板起步。过年靠你了""",1,18,2024
"""强势股挖掘机！今日涨停板数据线索，融资融券、新材料、跨境电商板块现涨停潮[24/01/18]""",1,18,2024
"""新力金融换手率36.34% 上榜营业部合计净卖出5805.60万元""",1,18,2024
"""教科书说有三必有五，有五必有八""",1,18,2024
"""还想明天开一字，真真是疯了，今天的实际换手率（除了5%的）是50.95%，筹码早""",1,18,2024
"""温州帮的桥真的没啥高度""",1,18,2024
"""明天加速四板的话高看一眼，大胆打板上！""",1,18,2024
"""  光伏板块强势股领涨，深中华A8连板""",1,18,2024
"""加杠杆买的，爆拉翻倍就爽了""",1,18,2024
"""感觉榜非常不好""",1,18,2024
"""新力金融(600318)龙虎榜数据(01-18)""",1,18,2024
"""新力金融录得3连板 东方财富证券拉萨东环路第二营业部买入1812万元""",1,18,2024
"""$新力金融(SH600318)$""",1,18,2024
"""拜拜""",1,18,2024
"""不咋地""",1,18,2024
"""不咋地""",1,18,2024
"""没有榜。？""",1,18,2024
"""1.18笔记：指数深V后怎么走？""",1,18,2024
"""盘前计划又是双涨停！多空对决已然展开，明天继续冲""",1,18,2024
"""今年主观不看好的题材，好几个都走出大龙，这金融又主观看走不出来，但是今天还是打板""",1,18,2024
"""今天能涨停真是奇怪了""",1,18,2024
"""1.18晚盘：开始见底了吗？新易盛、新力金融、深中华A、龙头股份、清源股份""",1,18,2024
"""今天看这封板肯定有量化""",1,18,2024
"""看好，必上15""",1,18,2024
"""$新力金融(SH600318)$""",1,18,2024
"""一群憨憨没见过钱，到处晒图，丢人现眼，明天主力直接给它核跌停。[加油][加油]""",1,18,2024
"""1.18晚：清源股份，TCL中环，长白山，深中华A，新力金融""",1,18,2024
"""净流出2.55亿？""",1,18,2024
"""1.18晚：华立股份，TCL中环，长白山，新力金融，深中华A""",1,18,2024
"""突破前高""",1,18,2024
"""1月18日41只股票涨停 附涨停名单""",1,18,2024
"""如果你也打了这个二进三，那我承认你是小高手""",1,18,2024
"""今天为什么没有猫狗榜""",1,18,2024
"""2760焊死！新周期开启！你吵底了吗？深中华A，华控赛格，罗普斯，金新力金融，大智慧""",1,18,2024
"""南宁能姐居然缺席了这场盛宴""",1,18,2024
"""猜猜：新力金融能走多远？""",1,18,2024
"""都晒单。明天死翘翘""",1,18,2024
"""前天涨停板被洗出，今天又吸了回来，少了10个点。哎""",1,18,2024
"""乖离率过大之后的反抽。""",1,18,2024
"""$新力金融(SH600318)$""",1,18,2024
"""$新力金融(SH600318)$""",1,18,2024
"""这波应该七板吧。""",1,18,2024
"""跑跑跑跑跑跑跑跑""",1,18,2024
"""这票除了今天最后3分钟没有出货其他都在出，还封住牛。""",1,18,2024
"""明日秒板[上涨][上涨][上涨][上涨][上涨][上涨][上涨][上涨][上涨]""",1,18,2024
"""到处挨打，唯有新力给了我一颗糖。""",1,18,2024
"""明天小幅低开或者小幅高开，换手太高了，明天看承接，有承接年底新龙""",1,18,2024
"""过来玩一下，目标12元。东方浩""",1,18,2024
"""01月18日收评：市场绝地上涨！今天重仓出击！新力金融三板扛起反攻大旗，清源股份，隆基绿能拉起光伏反弹！""",1,18,2024
"""蛇猫榜呢。""",1,18,2024
"""跑早了""",1,18,2024
"""新力金融没什么好说的.这行情券商都不好意思不出手了，综合性多元金融，做个提前预判""",1,18,2024
"""和深中华一起锂电池双雄""",1,18,2024
"""明天跑吗？""",1,18,2024
"""盘后市场走势""",1,18,2024
"""今天指数大跌，我愿意为股市尽点微薄之力""",1,18,2024
"""完蛋，晒单必跌停。。亘古不变的道理""",1,18,2024
"""明天不开一字板就是弱""",1,18,2024
"""看到一群韭菜装逼，我很生气，今天赚的其实没用，短线只看第二天能不能成功落地""",1,18,2024
"""最近不是喊话不少吗，金融若是继续炒的话则可能还会涨，这个方向目前也没有其他龙头，""",1,18,2024
"""转发""",1,18,2024
"""这波能看到多少""",1,18,2024
"""看我的sb战法""",1,18,2024
"""落袋为安，祝福大家吃大肉""",1,18,2024
"""这票明天如果不是一字板，就低于预期了""",1,18,2024
"""我也赛过单哦""",1,18,2024
"""$新力金融(SH600318)$""",1,18,2024
"""大金融带领大盘反攻，明天不是一字板都不算预期内的了。""",1,18,2024
"""是我不够格局，剩利润在里面奔跑了""",1,18,2024
"""昨天没机会搞了华金这个毛今天马上切换过来""",1,18,2024
"""还能说什么呢？""",1,18,2024
"""[鼓掌][鼓掌][鼓掌]吃到肉""",1,18,2024
"""明天看谁跑的快了""",1,18,2024
"""晒单的太多了。明天我都慌了[好困惑]""",1,18,2024
"""今天本不是最牛逼的股　最后有成了最牛逼的　　率领大金融救市""",1,18,2024
"""爆力金融够朋友，今天成功换庄，""",1,18,2024
"""大智慧趋势助攻，狠一下心，这回玩儿把大的[呲牙]""",1,18,2024
"""初衷是不翻倍不走，奈何往往事不能随愿。只要我看盘，不是一字板真的拿不住，禁不住震""",1,18,2024
"""大金融龙头，明天一字板焊死""",1,18,2024
"""恭喜恭喜[大笑][大笑]""",1,18,2024
"""$新力金融(SH600318)$""",1,18,2024
"""$新力金融(SH600318)$""",1,18,2024
"""$新力金融(SH600318)$""",1,18,2024
"""减持公告哈哈哈""",1,18,2024
"""散户资金周四净流入额为70.96亿(附净流入净流出比例最大的30只股)[24/01/18]""",1,18,2024
"""明天继续板""",1,18,2024
"""全是一些韭菜晒单的！明天看谁跑得快！[滴汗][滴汗][滴汗][滴汗]""",1,18,2024
"""深中华八连板了，这么多连板股中，我看唯有新力金融有资格挑战深中华了，流通盘小，价""",1,18,2024
"""新力金融周期性炒作（四季围猎）""",1,18,2024
"""$新力金融(SH600318)$""",1,18,2024
"""$新力金融(SH600318)$""",1,18,2024
"""收盘，暂时保住了上证日线底部结构预期，尾盘的拉升，现在主要看反抽，没法判断为筑底""",1,18,2024
"""明天一字板预期。虽然个指数共振契合度最高的是光伏，但是金融盘中发拉升不容小觑，护""",1,18,2024
"""预测今天龙虎榜都是家人们""",1,18,2024
"""北向资金成交情况概览(01-18)""",1,18,2024
"""$新力金融(SH600318)$""",1,18,2024
"""$新力金融(SH600318)$""",1,18,2024
"""好消息我上午对大盘的预判全对，和小伙伴们说的全对，坏消息我又栽在大盘手上了，每次""",1,18,2024
"""明天开始起飞""",1,18,2024
"""$新力金融(SH600318)$""",1,18,2024
"""转发""",1,18,2024
"""明天加速了，预期6-7个板""",1,18,2024
"""今天放这么大的量，明天是不是不顶一字就该走了？""",1,18,2024
"""有六块建仓的吗[为什么]""",1,18,2024
"""目前整个市场就这一个3板吗？""",1,18,2024
"""赶紧跑""",1,18,2024
"""今天流出2个多亿，什么意思？？""",1,18,2024
"""吐血啊，跌1个点没买你，还以为你还会跌""",1,18,2024
"""收盘看看有几位家人们[奸笑]""",1,18,2024
"""你只管妖，明天再来二个小弟""",1,18,2024
"""今天是清仓的最佳时机，买了吧，韭菜""",1,18,2024
"""$新力金融(SH600318)$""",1,18,2024
"""恭喜昨天凌晨一起挂涨停板买入的小伙伴，不但躲过昨天今天百点大跌，还小有收获，今天""",1,18,2024
"""2点半上班""",1,18,2024
"""明天能涨停么""",1,18,2024
"""如果不是大金融，基本上指数反弹和你的关系不大""",1,18,2024
"""马前炮看到的都会吃肉""",1,18,2024
"""18号涨停风格，涨停低开回踩洗再拉？绿茵生态底部一字涨停跳空低开怎么走？看看这些""",1,18,2024
"""看着是漂亮可是.....""",1,18,2024
"""明天再板""",1,18,2024
"""$中邮科技(SH688648)$物流,中字头次新6个亿，中国邮政大股东.中字辈.""",1,18,2024
"""板洗？看图，涨停低开30%换手率95%变盘？绿茵生态底部一字涨停跳空低开怎么走？""",1,18,2024
"""量太大，明天结束""",1,18,2024
"""真的有望成龙了，昨天买了跟风的华金，今天水下跑了就不敢进了，现在看到大智慧都上板""",1,18,2024
"""大智慧助攻你了，牛逼飞起""",1,18,2024
"""市场总龙头，新力金融""",1,18,2024
"""明天一字了""",1,18,2024
"""今天活跃股点评：清源股份：光伏板块人气龙，因为光伏板块基本面见底，产品价格见底，""",1,18,2024
"""明天还会涨吗""",1,18,2024
"""老龙头断板之日，新龙头崛起之时！""",1,18,2024
"""牛逼""",1,18,2024
"""运气不错""",1,18,2024
"""早盘根据自编指标买了此票""",1,18,2024
"""主力资金全线流出，持仓的必须出货，明天看跌！""",1,18,2024
"""就看你了，没你市场更惨""",1,18,2024
"""还卖了吧，明天应该是低开了，大盘这里还有一杀！走了，留下的发财""",1,18,2024
"""一个个的为什么不能向长白山看齐，非计划着明天就出[滴汗]""",1,18,2024
"""清仓！100股都不留！""",1,18,2024
"""有机构大佬们，来看看居然之家哈，低价股，可以来玩玩呀！尤其是香港汇金大佬来看看呀""",1,18,2024
"""马上开板，收盘跌停！""",1,18,2024
"""你们这帮苟笔们今天都赚钱了吧，明天都活埋一个都别想跑，哈哈哈哈哈""",1,18,2024
"""我就不信，你不下来[得意]""",1,18,2024
"""今天刚买，炒年报？才发现三季报增长这么多，那年报肯定好看，期待走妖""",1,18,2024
"""好吧，唱空的多，那我来唱多！""",1,18,2024
"""今天看这架势应该是机构进了，不止一个机构[滴汗]""",1,18,2024
"""目前换手30多，涨停板后换手3.6。有人说涨停板出货？大量的换手都是在之前的分歧""",1,18,2024
"""拿好吃肉""",1,18,2024
"""午间1.18：反弹一触即发！""",1,18,2024
"""前面的全是小单，，""",1,18,2024
"""广西南宁人呢？你出来""",1,18,2024
"""新力金融600318 三板了，不开不走。开了即走。""",1,18,2024
"""一次性到位""",1,18,2024
"""明天一字跌停，我说的，全部砸掉""",1,18,2024
"""大盘如此，更应该要有妖股出来带动人气。""",1,18,2024
"""这么大的量，明天谁来接盘""",1,18,2024
"""今天跌停谁都跑不了。""",1,18,2024
"""是我就今天晚上直接大股东减持了""",1,18,2024
"""强者恒强抓龙头！市场总龙头来了！""",1,18,2024
"""只有你在红""",1,18,2024
"""行情要想反转，必须拉金融。新龙头诞生""",1,18,2024
"""今天把空头打爆？""",1,18,2024
"""16号的榜一，17号又进了2千多万，跟着作一有肉吃""",1,18,2024
"""卧槽这也行""",1,18,2024
"""快，底部一字涨停低开诱空法，绿茵生态5CM金针93%换手率。底部一字涨停跳空低开""",1,18,2024
"""个股策略分享""",1,18,2024
"""血亏""",1,18,2024
"""抓紧撤单下午天地！""",1,18,2024
"""这票老庄股了，只要今天封住，明天就是加速预期，这庄实力很强的，庄家手里筹码不卖，""",1,18,2024
"""冲！""",1,18,2024
"""1.18午间，带量反弹，修复在即""",1,18,2024
"""错过再次涨停！""",1,18,2024
"""我去""",1,18,2024
"""这么大的量，当心尾盘核按钮，呵呵呵""",1,18,2024
"""今天主力是在出货，今天打板的，主力好的话，明天让你出来，主力不好，明天直接一字跌""",1,18,2024
"""明日三进四""",1,18,2024
"""今天不开板，明天必核，明天直接按跌停""",1,18,2024
"""没有站上7.3，各位注意吧！""",1,18,2024
"""按说是该放量，但量也太大了，封单还都是我们小散在顶，这[笑哭]""",1,18,2024
"""见好就收吧""",1,18,2024
"""各位大佬，请求救救西典新能，我成本50元，一连几天爆跌，跌得我眼泪汪汪""",1,18,2024
"""追涨杀跌股市生存之道""",1,18,2024
"""换手板明天就是加速板""",1,18,2024
"""有一位名叫刘畅的投资者，她对股市异常兴奋。她1月15号重仓了一只被誉为绝世牛股的""",1,18,2024
"""被移出去了""",1,18,2024
"""过了今晚，想穷都难""",1,18,2024
"""开盘走了，再去哪找这么好的股？""",1,18,2024
"""散户疯了顶""",1,18,2024
"""为啥还要炒垃圾""",1,18,2024
"""我还能说什么""",1,18,2024
"""除了5%的不能够随便卖出，现在中午收盘时实际换手率是50.21%。""",1,18,2024
"""套好久了，没想到大盘2800点能解套出去了。[大笑][大笑]""",1,18,2024
"""AI金融相信我""",1,18,2024
"""为啥涨""",1,18,2024
"""这个票，总结就是，想卖，又不想大跌，想出货就只能多拉出空间缓冲""",1,18,2024
"""A股多元金融概念探底回升 新力金融3连板""",1,18,2024
"""实际换手率快5成了，下午开板，就是跌停板伺候""",1,18,2024
"""可惜对方没执行，不然现在真的可能解套了。""",1,18,2024
"""比吃了一斤还难受""",1,18,2024
"""被洗出去了，靠""",1,18,2024
"""这出货量，很难保证下午不破板""",1,18,2024
"""这个和深中华都属于锂电池""",1,18,2024
"""不错喔""",1,18,2024
"""后悔卖了""",1,18,2024
"""出现门当户对的经典形态。""",1,18,2024
"""竞价买入，就是博弈下午大盘转强预期""",1,18,2024
"""没有成本优势就不要追涨了！""",1,18,2024
"""龙虎榜估计就是拉萨和上塘路""",1,18,2024
"""今天不会开吧？[哭][哭]""",1,18,2024
"""出货也难涨停啊，妖股吗""",1,18,2024
"""早盘散户资金净流入流出比例最大的30只股票[24/01/18]""",1,18,2024
"""好票不套人谢谢主力""",1,18,2024
"""我管你去恐慌？反正我不恐慌，进场先""",1,18,2024
"""历史天量，怎么搞？""",1,18,2024
"""好家伙高位减持[摊手][吃瓜]再见[旺柴]""",1,18,2024
"""今天是很好的抄底机会！短期是机会！""",1,18,2024
"""下午开板""",1,18,2024
"""AI引领新一轮科技浪潮的趋势已经确立，市场空间广阔，现在AH溢价新高，感觉投资港""",1,18,2024
"""听说新力金融是牛市的启动器""",1,18,2024
"""新力金融进入无消息（指资产重组等）情况下的高风险区间！""",1,18,2024
"""看板上出货，出了一部分，看来卖错了""",1,18,2024
"""天亮天价""",1,18,2024
"""周二进的，短线赚了10多个点今早盘出了，今天放这么多散户进来看不懂，除非有资金接""",1,18,2024
"""竞价介入""",1,18,2024
"""板上出货了。""",1,18,2024
"""涨停不跑的等着被套，好心提醒。""",1,18,2024
"""真的很服气，半年没涨，一涨就3个涨停！""",1,18,2024
"""股东都减持了还指望明天涨""",1,18,2024
"""这才是打底应有的走势！""",1,18,2024
"""每天带您了解一家上市公司——新力金融(SH:600318)""",1,18,2024
"""今天能顶住不卖的才是高手""",1,18,2024
"""估计封不住啊""",1,18,2024
"""先峰龙，大盘大跌一动不动。。""",1,18,2024
"""百分之五十了[鼓掌][鼓掌]""",1,18,2024
"""这才是打底应有的走势！收长下影今天见底！""",1,18,2024
"""这个操盘是以“年”为单位的！服！""",1,18,2024
"""广西人还没来，新力还不是顶！""",1,18,2024
"""今天分歧转一致，明天又是一字板，周末发酵，下周大金融带动大盘反抽，这里继续板。""",1,18,2024
"""一手新力，一手华生，啦啦啦，啦啦啦，啦啦啦，啦啦啦""",1,18,2024
"""全市场最亮的标的，借大盘下杀洗盘，真狠""",1,18,2024
"""这么早就收工？""",1,18,2024
"""8.92清了，没有实力""",1,18,2024
"""建议卖出，换成潜力股ST华铁，谢谢，因为我是研究生学历背景炒股[微笑][微笑][""",1,18,2024
"""早盘明显有资金在吃货，独木难支预期不高""",1,18,2024
"""66的，早盘成功把我洗走。""",1,18,2024
"""大盘想要反抽还是得靠大金融，大盘越跌，资金继续报团，继续妖。""",1,18,2024
"""一把回本""",1,18,2024
"""三板天量换手[摊手]后面怎么办[吃瓜]""",1,18,2024
"""大单全部撤回排到后面来了""",1,18,2024
"""主力有钱，卖多少接多少，跨年牛股[大笑][大笑][大笑]""",1,18,2024
"""这个是新龙""",1,18,2024
"""这么大的量明天怎么办，顶一字？""",1,18,2024
"""牛13了，换手率那么高，此股没有套牢盘了""",1,18,2024
"""新力金融盘中涨停，已连收3个涨停板，截至10:38，该股报9.58元，换手率33""",1,18,2024
"""可能要开""",1,18,2024
"""跑路了兄弟们""",1,18,2024
"""主力是霸王硬上弓啊[大笑][大笑][大笑][大笑][大笑][大笑][大笑]""",1,18,2024
"""主力玩赖呀，大单封散户挂单撤，然后排在散户后面让散户接筹码当炮灰呀，降低自己风险""",1,18,2024
"""基本上废了！[摊手]残酷""",1,18,2024
"""早盘介入恭喜同车的股友[发财][发财][发财][上涨][上涨]洪兴股份，西安旅游""",1,18,2024
"""封不住""",1,18,2024
"""涨停板清仓了，8万股，守了半年，6.3买的，谢谢你们了""",1,18,2024
"""吧排单撤到后面去了，估计随时派发，十一点派发""",1,18,2024
"""这么大换手还能砸？""",1,18,2024
"""就你了！""",1,18,2024
"""1.19看好华天酒店，剑桥科技""",1,18,2024
"""不得不拉的板[偷笑]""",1,18,2024
"""啊啊啊[惊吓][惊吓][惊吓]""",1,18,2024
"""18,不到18不卖！""",1,18,2024
"""新力金融连收3个涨停板""",1,18,2024
"""砸，明天跌停开盘""",1,18,2024
"""涨停板出货，主力太牛了，下午又是妥妥跳水收跌""",1,18,2024
"""明天出得来么？""",1,18,2024
"""明天给我溢价就跑了""",1,18,2024
"""外面腥风血雨，感谢主力送钱！""",1,18,2024
"""妖股狗一样""",1,18,2024
"""本来想涨停卖了，还是害怕了[晕][晕]""",1,18,2024
"""好猛，""",1,18,2024
"""哈哈今天把那些搞投机取巧的给吓唬出去了，""",1,18,2024
"""晚了一天直接亏了好几亿""",1,18,2024
"""翻倍了""",1,18,2024
"""前天早上追的少，今天8.85又进了不少，大胆敢赌才会赢！""",1,18,2024
"""天下第一卖飞卧曹""",1,18,2024
"""怪不得今天涨停了，原来我吃肉了""",1,18,2024
"""吃龙头喝龙头不做短1.19""",1,18,2024
"""13的还在吗？去年买的""",1,18,2024
"""橘子们早晨！！[吃瓜]昨天空头放量释放恐慌盘之后，多头反击。在赛道光伏、大金融和""",1,18,2024
"""我适合大盘暴跌才能赚钱[可怜]""",1,18,2024
"""妖股是牛""",1,18,2024
"""分歧转一致，恭喜车上的""",1,18,2024
"""我卖了，板上走了。怕它明天成为今天的富临运业。""",1,18,2024
"""板砸了，明天不看好了！""",1,18,2024
"""涨停了""",1,18,2024
"""气死了，我居然跑了半仓""",1,18,2024
"""我够不够格局，兄弟们""",1,18,2024
"""新龙头从新开始""",1,18,2024
"""要套闹20亿""",1,18,2024
"""$新力金融(SH600318)$""",1,18,2024
"""好在有买一成。这就是技巧。怕可以少买，但不买就会错过。""",1,18,2024
"""草，卖飞了，7.17买的，今天全卖飞了""",1,18,2024
"""三板定龙头""",1,18,2024
"""今天开盘没跌停，就肯定要冲一冲的""",1,18,2024
"""盯了一小时，一转身就涨停""",1,18,2024
"""多元金融概念探底回升 新力金融3连板""",1,18,2024
"""今天整体开这么差本来都不想玩了，看到你主动低开湿润，承接也不错就打了一笔，明天没""",1,18,2024
"""板洗？看，涨停跳空低开洗盘再拉法，绿茵生态一字横涨停回踩死量，参照前面涨停新高回""",1,18,2024
"""下班了""",1,18,2024
"""T个鬼，手贱，T飞了[大哭]""",1,18,2024
"""厉害""",1,18,2024
"""新龙头诞生""",1,18,2024
"""左侧缺口补完再看看，至少还有一个板的空间""",1,18,2024
"""昨天就挂涨停价了。""",1,18,2024
"""兄弟们，我撤了3个板够了。也许还会涨，但我不吃最后一口肉，早上就说了必然涨停。""",1,18,2024
"""给我洗了，亏死了""",1,18,2024
"""涨停出了～感谢新力～买的太少""",1,18,2024
"""牛，明天还板？""",1,18,2024
"""减仓一半，虽然今天涨停，但是明天可能没人接力""",1,18,2024
"""市场要感谢敢于做中位股的大佬。不然。。。。感谢大佬。""",1,18,2024
"""我居然跑了""",1,18,2024
"""33换手，日换庄了！看着你涨停不敢买！""",1,18,2024
"""买入新力金融""",1,18,2024
"""成功把我洗出一半""",1,18,2024
"""卧槽，就等我啊？""",1,18,2024
"""上板""",1,18,2024
"""卡位成功了，废话不用说！""",1,18,2024
"""营收3亿""",1,18,2024
"""错过了11个点，跌1个点的时候没买""",1,18,2024
"""漂亮，十个点到手。""",1,18,2024
"""15亿""",1,18,2024
"""这个板，点个赞，洗的够狠""",1,18,2024
"""让我看看谁被洗出去了""",1,18,2024
"""恭喜逆市收获第三版[上涨][上涨][上涨]""",1,18,2024
"""，我也是看笑了，十二月高管增持才十一万三多股，这个月就减持一千多万股，""",1,18,2024
"""能不能护盘，别砸了？""",1,18,2024
"""新力跟九鼎两个pk""",1,18,2024
"""二进三成功晋级""",1,18,2024
"""早上走的后悔去吧，最起码可以涨停再走""",1,18,2024
"""课代表出来说几句""",1,18,2024
"""华金厉害""",1,18,2024
"""一鼓作气去打个板，连续涨五天""",1,18,2024
"""老庄这里的货买不完，真的买不完，到了这个换手率还是铺天盖地的砸盘""",1,18,2024
"""问题不大，继续封板。""",1,18,2024
"""谢谢主力，给机会出来。准备资金，给机会就做个2浪，不给机会就祝车上的兄弟们发财！""",1,18,2024
"""买买买""",1,18,2024
"""记住你是来股市赚钱的！要永远相信自己，加油！""",1,18,2024
"""也只有报团了，其它票跌成shi了""",1,18,2024
"""完犊子了，十点半不涨停就得跑了""",1,18,2024
"""还不滚？""",1,18,2024
"""做多意愿这么强，老庄出的没数了。构是""",1,18,2024
"""百花齐放，好股太多可惜没钱了""",1,18,2024
"""今天板定了！！！""",1,18,2024
"""涨停了呀""",1,18,2024
"""买了一点，希望涨停""",1,18,2024
"""今天这种环境不涨停必死！""",1,18,2024
"""三板必须有[国家队][国家队][主力][主力][福][福][赞][赞][梭哈][""",1,18,2024
"""三生万物涨停板了""",1,18,2024
"""拯救股市的新力量。得靠他""",1,18,2024
"""16号就减持完了""",1,18,2024
"""没量""",1,18,2024
"""吐血没买你""",1,18,2024
"""资金得拐头流入，这样才能做，祝好运。""",1,18,2024
"""金融保卫战，概念[笑哭]""",1,18,2024
"""一遇风雨便化龙""",1,18,2024
"""向长白山深中华学习[看多][看多][看多]""",1,18,2024
"""2024-1-18 明日思路""",1,18,2024
"""不舔刀口，怎么见红""",1,18,2024
"""量能充分如果能急跌下来我就进，涨起来性价比不高""",1,18,2024
"""龙头被华金多夺取了，换华金资本了""",1,18,2024
"""今天还是要涨停""",1,18,2024
"""同志们，拜拜咯，搞了三十个点""",1,18,2024
"""拉高减持。""",1,18,2024
"""放量顶级天线！谁的跑？？？""",1,18,2024
"""我问问你们都是什么时候入的手啊""",1,18,2024
"""新力，新力，大力出奇迹？""",1,18,2024
"""新力金融赚了20％卖了！留下的发财！太Tm可怕了！刀口贴血啊！""",1,18,2024
"""麻痹没看到减持公告进了""",1,18,2024
"""估计下午龙虎榜是拉萨五虎上将霸屏！！！""",1,18,2024
"""怎么看着是出货了还是洗盘啊""",1,18,2024
"""又是卖公司的""",1,18,2024
"""转发""",1,18,2024
"""这股没有多少流动筹码了，是砸还是拉全看主力资金想怎么做了""",1,18,2024
"""7.52二成8.81二成11.24六成，亚华52跑了茂业跌停也跑了，难玩啊[微笑""",1,18,2024
"""你们卖公司吗？不卖的话，我今天入一些股票""",1,18,2024
"""兄弟们上，今天不涨停，你们来揍我""",1,18,2024
"""放巨量了，不能参与[捂脸][捂脸][捂脸]""",1,18,2024
"""换手率这么高公司都卖了""",1,18,2024
"""30%换手率，主力跑了，家人们""",1,18,2024
"""卖了能买什么？？？谁能告诉我""",1,18,2024
"""走了，昨晚在电脑上看这票筹码有些不对劲。""",1,18,2024
"""仲景食品，打折出售了，52合理市值，现在40亿了，香菇酱葱油排调味品榜单第二名了""",1,18,2024
"""这大盘……出了，如果卖飞也无可奈何""",1,18,2024
"""又来套了""",1,18,2024
"""跑了，留下的发财""",1,18,2024
"""龙江交通，新力金融，龙头，量放出来，下午上班会比较好""",1,18,2024
"""干就完了！""",1,18,2024
"""最后逃命的机会了，，，，，，""",1,18,2024
"""赌徒聚会！""",1,18,2024
"""追高了郁闷""",1,18,2024
"""量太大了""",1,18,2024
"""新力金融明日走势预测""",1,18,2024
"""看样子九鼎要替代他了""",1,18,2024
"""涨6个点买了，[哭]""",1,18,2024
"""绿买了点此股""",1,18,2024
"""还不滚？""",1,18,2024
"""大盘不好，还是空仓比较安全""",1,18,2024
"""瓜皮，都1亿多了！""",1,18,2024
"""进来啊。换庄了""",1,18,2024
"""套人，别追，言尽于此""",1,18,2024
"""你弟弟辉隆股份都要不行了，你不救一下？""",1,18,2024
"""抱团取暖""",1,18,2024
"""加仓！""",1,18,2024
"""刚冲高，一成券。""",1,18,2024
"""封个毛线，这个庄前天就板上出货，昨天纯属意外，今天早就跑没了，散户拉涨停？""",1,18,2024
"""大面积爆仓了要，留点钱回家过年吧""",1,18,2024
"""结束了，9.29出来了""",1,18,2024
"""满足了，今天流出太多了止盈了。感谢主力""",1,18,2024
"""干！""",1,18,2024
"""承接太差了，全在出货""",1,18,2024
"""留下的发财，格局不了""",1,18,2024
"""去弱留强""",1,18,2024
"""加仓了，回封后面就是两个一字板。""",1,18,2024
"""就这样砸绿了？早上那么多万手买单？都是散户，胡扯呢吧，买盘比卖盘大多了""",1,18,2024
"""靠，867给我洗出去了。还是不坚定啊""",1,18,2024
"""筹码低吸回来了，今天涨停没问题""",1,18,2024
"""正要涨呢，来个减持9千万？""",1,18,2024
"""妖股是你吗""",1,18,2024
"""高位放量，跑。""",1,18,2024
"""支持""",1,18,2024
"""支持""",1,18,2024
"""买买买，收盘涨停""",1,18,2024
"""感觉爱康要板""",1,18,2024
"""华斯股份取代深中华？""",1,18,2024
"""止盈""",1,18,2024
"""垃圾""",1,18,2024
"""这个市场现在只有抱团取暖""",1,18,2024
"""发桃桃了""",1,18,2024
"""卖出""",1,18,2024
"""强""",1,18,2024
"""跑""",1,18,2024
"""没有妖股潜质""",1,18,2024
"""上新龙""",1,18,2024
"""瞄一眼""",1,18,2024
"""快跑，今天清仓式甩卖，一股不留，一股不买""",1,18,2024
"""1，指数新低，核心龙头长白山再次涨停，抱团的龙头股份两连板。2，深中华A继续看好""",1,18,2024
"""快跑""",1,18,2024
"""今日必拉稀，我说的""",1,18,2024
"""可以长期关注了，走牛了""",1,18,2024
"""短线思路&备选牛：太感人了""",1,18,2024
"""今天要开板了""",1,18,2024
"""起飞的那一刻我走了，然后其他股跟随大盘跌了15个点，命啊命苦啊""",1,18,2024
"""二选一没有选你诶""",1,18,2024
"""又要减持了""",1,18,2024
"""今天绝对要开""",1,18,2024
"""牛""",1,18,2024
"""宏柏新材。先锋电子。新力金融。这三个票注意9:15~9:25之间的数据变化。今天""",1,18,2024
"""1月18日盘前策略：多看少动！""",1,18,2024
"""垃圾""",1,18,2024
"""@@@@@开盘就走后面的不要了""",1,18,2024
"""融资融券的股，卖空也可以赚钱！""",1,18,2024
"""德福科技301511涨停板""",1,18,2024
"""挺住""",1,18,2024
"""今天新力又是大单一字，华金散户们瑟瑟发抖[大笑][大笑][大笑]""",1,18,2024
"""再不济也得走下去！""",1,18,2024
"""直接上干货！""",1,18,2024
"""华金是大家硬怼上去的，大家都怕，在到处拉人头了""",1,18,2024
"""今天看看你和华金""",1,18,2024
"""继续看戏吧，多看少动吧，安全第一""",1,18,2024
"""0117|深中华A面临8板考验，明天重点关注4只龙头！""",1,18,2024
"""人气被华金赶超了""",1,18,2024
"""小心1040万股的减持，千万不能头铁硬顶啊""",1,18,2024
"""继续一字马，啦啦啦，啦""",1,18,2024
"""大尾巴狼""",1,18,2024
"""有跟我一样周一跑的吗""",1,18,2024
"""2024年同样不会是一段风平浪静的航程，各种力量的博弈将更加激烈。但可以肯定的是""",1,18,2024
"""今天能涨点吗？""",1,18,2024
"""新力金融：融资净偿还1153.39万元，融资余额3.06亿元（01-17）""",1,18,2024
"""华金资本华联股份新华百货华字头接力龙字头十个涨停板，中华有为""",1,18,2024
"""关注金融吧，如果开启反弹它一定是主力，新力金融 ，华金资本龙头股份 龙版传媒 新力金融 华金资本 江特电机 爱旭股份 清源股份 """,1,18,2024
"""转发""",1,18,2024
"""1.18早盘：情绪反弹，长白山、清源股份、江特电机、龙头股份、新易盛""",1,18,2024
"""高位减持""",1,18,2024
"""关注金融吧，如果开启反弹它一定是主力，新力金融 ，华金资本龙头股份 新力金融 龙版传媒 华金资本""",1,18,2024
"""关注金融吧，如果开启反弹它一定是主力，新力金融，华金资本龙头股份龙版传媒 新力金融华金资本江特电机 爱旭股份清源股""",1,18,2024
"""1月18日早评：今天否极泰来？长白山，深中华A继续抱团还是新力金融，华金资本扛起金融大旗拉涨大盘？""",1,18,2024
"""1.18早: 新力金融，长白山，龙头股份，华金资本，华立股份""",1,18,2024
"""扯淡票！但是希望一百个涨停板！！""",1,18,2024
"""1.18早盘：弱势修复，广博股份、金刚光伏、新力金融、西陇科学、长白山""",1,18,2024
"""章盟主：卖出新力金融方X侠（含朱雀大街）：加仓龙头股份2600万，合计持有750""",1,18,2024
"""章盟主：卖出新力金融方X侠（含朱雀大街）：加仓龙头股份2600万，合计持有750""",1,18,2024
"""今日阴 历腊八，免费午餐，排队吃。 阳历，1,18，要要发，大牛市开始了！""",1,18,2024
"""二板一字，三板分歧？！拭目以待！""",1,18,2024
"""1.18早盘：广博股份，新力金融，西陇科学，长白山，龙头股份""",1,18,2024
"""重申金融强国的重要性 ，国家意志概念龙头 新力金融""",1,18,2024
"""1.18早：长白山，深中华A，龙头股份，新力金融，ST左江，华立股份""",1,18,2024
"""哪位大佬发一下涨停挂单排到多少了？""",1,18,2024
"""美股摇摇欲坠！只有抱团！2800保卫战？长白山，广博股份，龙头股份，新力金融，清源股份""",1,18,2024
"""知行合一，拿下潜在新龙！""",1,18,2024
"""现在挂涨停价进""",1,18,2024
"""三板一字缩量，四板放量，五板爆量，六板爆量全天烂板，七板缩量，八板一字，九板无量""",1,17,2024
"""极端行情，昨天已提醒风险！大A何时能放心玩耍？""",1,17,2024
"""早盘给昨晚隔夜挂单的人奖励就够了尾盘不该漏让那些早上挂单的人进来进来那么多人太闹""",1,17,2024
"""大盘不好，资金继续报团。大盘好，大金融护盘。好像明天怎么也还得涨停。""",1,17,2024
"""两市4000只股都是绿的，提示3天的万方发展提示+10%止盈，提示7天绿吸红T长""",1,17,2024
"""什么鬼，华金的排名竟然比新力高了，难道华金才是龙头，换手的原因吗""",1,17,2024
"""又闹幺蛾子，大跌原因是这个！1月18日""",1,17,2024
"""我赚够3000万就收手""",1,17,2024
"""要说起来，事实上就例如股票也好房子也罢，都是需要找卖家与买家的，故而我南城释小龙""",1,17,2024
"""多维竞价选股第四天，逆市涨停""",1,17,2024
"""新力金融(600318.SH)：员工持股计划股票出售完毕""",1,17,2024
"""简析K线图-新力金融""",1,17,2024
"""你还能涨多高呢！明天就出落袋为安""",1,17,2024
"""格局！坚守2800，一月十七日复盘（新力金融，世纪华通）""",1,17,2024
"""新力金融，金融最强个股，，指数品种的代表，资金预判指数回暖硬做金融，虽然指数板块""",1,17,2024
"""金融金融金融，难道不需要有人点火引领吗？""",1,17,2024
"""它，会是下一个中通客车吗？""",1,17,2024
"""有什么利好吗""",1,17,2024
"""新力金融是多元金融的带头大哥，明天重点观察""",1,17,2024
"""明天咋办[为什么]还能不能连板""",1,17,2024
"""明天集合竞价挂涨停买入""",1,17,2024
"""9.58单已挂好""",1,17,2024
"""金融如果要炒作一段时间的话。他就很可能是板块龙头，明天正常高开高走，必须放比今天""",1,17,2024
"""都有大资金抢跑了，注意风险""",1,17,2024
"""1.17复盘记录""",1,17,2024
"""这票没有妖股潜力""",1,17,2024
"""抓住高抛的机会""",1,17,2024
"""1月17号： 妖股点评：""",1,17,2024
"""1-17晚盘：有点麻！	""",1,17,2024
"""明天开个口子让进呗""",1,17,2024
"""庄股，涨跌都不可预测的""",1,17,2024
"""化学制品又板了，还拿着，保险也板了。""",1,17,2024
"""2连板。安徽省巢湖水泥厂、东关水泥厂采取新设合并方式组建了安徽巢东水泥集团有限责""",1,17,2024
"""晚盘 1.17 扛不住了""",1,17,2024
"""继续看多""",1,17,2024
"""昨晚挂单没进去，进去的不要怕，至少还有2个板""",1,17,2024
"""注意节奏""",1,17,2024
"""员工持股只能通过集中竞价交易""",1,17,2024
"""爆发搞起来，上市2年了还在破发状态，上市至今未被炒过，业绩好，盘子小，马上爆发，""",1,17,2024
"""[大哭]大盘跌的这个熊样了，该跟谁出警示函，该询问谁？？？""",1,17,2024
"""完了完了！股东减持！明天跌停板了！""",1,17,2024
"""金融是实体经济的血脉，为实体经济服务是金融的天职。党的十八大以来，我国金融部门深""",1,17,2024
"""明日继续连板！""",1,17,2024
"""涨停板！继续涨！如果放量大阴线就见顶了！赶紧清仓逃命吧！个人观点，仅供参考！不喜""",1,17,2024
"""韭菜们都赚钱了吧，哈哈。""",1,17,2024
"""新力金融：股票交易异常波动""",1,17,2024
"""赶快排板吧""",1,17,2024
"""此股绝对不是龙头，龙头都是换手板。""",1,17,2024
"""新力金融除了你""",1,17,2024
"""新力金融你们觉得怎么样""",1,17,2024
"""兄弟们你们去华金股吧看看，那里一群人在yy华字辈主线了，我才知道韭菜可以蠢到这个""",1,17,2024
"""明天开板，当韭菜的不要急，明天可买入""",1,17,2024
"""新力金融不错666""",1,17,2024
"""今天硬顶了一字板，可以继续持有，关注我发财！""",1,17,2024
"""实盘第四天""",1,17,2024
"""能不能来个五连板带动金融救救大盘[大笑]""",1,17,2024
"""这是炒金字吗？不像是炒金融啊""",1,17,2024
"""今天收盘前跑完了，虽然新力一字板很牢固，但是还是决定空仓俩天""",1,17,2024
"""两连板而已[哈欠][哈欠]很强""",1,17,2024
"""机构有优先通道，散户挂再早都没用""",1,17,2024
"""强势股挖掘机！今日涨停板数据线索，新能源汽车、新材料、融资融券板块现涨停潮[24/01/17]""",1,17,2024
"""几点可以排单啊，各位大神""",1,17,2024
"""金融板块会取代旅游跟光伏吗？""",1,17,2024
"""新华消息""",1,17,2024
"""新力金融:安徽新力金融股份有限公司股票交易异常波动的公告""",1,17,2024
"""新力金融:安徽新力金融股份有限公司关于员工持股计划股票出售完毕暨终止的公告""",1,17,2024
"""新力金融:股票交易异常波动询证函的回函""",1,17,2024
"""新力金融:安徽新力金融股份有限公司股票交易异常波动询证函""",1,17,2024
"""月线和周线才刚刚开始，这才到哪。""",1,17,2024
"""周一封板啥事没有""",1,17,2024
"""  服装家纺板块领涨，深中华A7连板""",1,17,2024
"""尾盘漏单怎么回事？大家说说吧""",1,17,2024
"""新力金融(600318)龙虎榜数据(01-17)""",1,17,2024
"""股吧反着来看，一片唱多就赶紧跑……""",1,17,2024
"""今天又没蛇猫吗？""",1,17,2024
"""有走大盘走强预期大盘不起来那就一直预期嘻嘻""",1,17,2024
"""五个一字板干掉华金。华金就是个层概念的""",1,17,2024
"""“低波时代”组合周报（2024.01.08-2024.01.12）""",1,17,2024
"""华金新力两个里面还好选了你，持股体验爽歪歪，华金早上那波洗是个人都会出去[捂脸]""",1,17,2024
"""不错，今天早早下班""",1,17,2024
"""01月17日收评：市场杀崩啦！ 这里还有机会？龙头股份走二波？华金资本，新力金融要扛起金融大旗?""",1,17,2024
"""晚上接着排，不信明天排不到，加油！！""",1,17,2024
"""继续关注。因为市场弱，明天应该有买进机会。""",1,17,2024
"""亏鬼们，不懂不要装懂，什么是遛单，尾盘是庄家要稍微撤一点单去买别的股，要么大资金""",1,17,2024
"""昨天没进以为封不住！结果人家一字板！今天九鼎没进去""",1,17,2024
"""20240118投资日志""",1,17,2024
"""抖音说有3个涨停板[鼓掌][鼓掌][鼓掌]""",1,17,2024
"""金融股的提前涨停预示着大盘即将见底？""",1,17,2024
"""华金和新力肯定新力是龙头，华金本身就是高位了，再一个辨识度不行有跟风深中华的嫌疑""",1,17,2024
"""加自选排队""",1,17,2024
"""新力2年前不是退市了吗？怎么又上市了""",1,17,2024
"""福兮祸兮？凌晨两点多起来排队新力和华金，华金就算集合竞价买都买得进去，新力金融挂""",1,17,2024
"""20个点，走了，留下的你们发财""",1,17,2024
"""今日多元金融业涨幅最高的新力金融股价背后有什么？(2024.01.17)""",1,17,2024
"""昨晚挂单没进去，进去的不要怕，至少还有2个板""",1,17,2024
"""指数或将修复，注重指数方向-""",1,17,2024
"""新力明天还建议入手不[为什么]""",1,17,2024
"""大盘走弱，金融护盘，""",1,17,2024
"""昨天上证指数跌破2022年4月份的大前低支撑2863今天没有弱反弹修复而是选择加""",1,17,2024
"""尾盘漏单不是好事啊""",1,17,2024
"""先卖了半仓，落袋为安，留下的半仓成本已低！不急不忙，主动收敛…………………………""",1,17,2024
"""$新力金融(SH600318)$""",1,17,2024
"""002614 奥佳华""",1,17,2024
"""大家隔夜只要排了的，都进去去了""",1,17,2024
"""今天漏单了""",1,17,2024
"""。。。。。。。""",1,17,2024
"""明天开板搞不搞？""",1,17,2024
"""你们有人排到没有，排了一天了""",1,17,2024
"""今天是真英雄，大盘这样恶劣，你还稳稳的定在涨停板上。不知明天还是不是这样？""",1,17,2024
"""1月17日收盘解析（最坚定的多头！）""",1,17,2024
"""新力金融尾盘漏单，明天要跌停开了，或者低开再闷杀跌停。反正华金资本肯定是一字这不""",1,17,2024
"""长白，新力，这几个妖股抱团了，会一路涨到头。""",1,17,2024
"""[胜利]""",1,17,2024
"""尾盘抢跑，明天威矣……""",1,17,2024
"""新力金融，排单入，多元金融[福][福]""",1,17,2024
"""早点排版吧，[鼓掌]""",1,17,2024
"""明天预测高开8个点秒板""",1,17,2024
"""隔夜单排了一天没进去。尾盘竟然进去了。漏了3W手不知道好事坏事了。""",1,17,2024
"""大盘极端出现！""",1,17,2024
"""护盘必拉金融，它是难得的小盘金融股。""",1,17,2024
"""北向资金成交情况概览(01-17)""",1,17,2024
"""我擦，这谁尾盘砸了两万多手把我给砸进去了[滴汗]""",1,17,2024
"""今天大盘这个样子，那我感觉你的逻辑不""",1,17,2024
"""20块[色][色][色]""",1,17,2024
"""有大盘走好的预期大盘不好那就一直预期嘿嘿嘿""",1,17,2024
"""先撤了，小猪力，留下的发财""",1,17,2024
"""继续持股""",1,17,2024
"""涨停的因素是什么？""",1,17,2024
"""真硬朗[惊吓][惊吓][惊吓][惊吓]""",1,17,2024
"""要开板了，能买不""",1,17,2024
"""又创新低了，这个会不会炸板呢，我想卖掉了""",1,17,2024
"""周四周五跌停起步""",1,17,2024
"""$新力金融(SH600318)$""",1,17,2024
"""[玫瑰]从题材看保险金融，新力金融大单一字，华金资本换手2板，九鼎投资首板助攻。""",1,17,2024
"""可以的！一字进去！其余也封住了！明天肉稳稳的！有图有真相！哪来的P图！这个还不真""",1,17,2024
"""突发！全部崩了！""",1,17,2024
"""一群想进来的笑死""",1,17,2024
"""六天两板，不玩了！""",1,17,2024
"""六天两板，出来了！""",1,17,2024
"""大腿拍烂了""",1,17,2024
"""天天护银行，大家都赚不了钱！赶紧跌下去，早一天见底，反而是好事情""",1,17,2024
"""板也不好，压资金[滴汗]""",1,17,2024
"""快开板了，一但开板，8.2进半仓""",1,17,2024
"""$新力金融(SH600318)$""",1,17,2024
"""新力大妖""",1,17,2024
"""$新力金融(SH600318)$""",1,17,2024
"""即将破板""",1,17,2024
"""明天60亿市值""",1,17,2024
"""新力金融吧""",1,17,2024
"""不及预期""",1,17,2024
"""能行吗？我今天早上0.20挂的都能进去。""",1,17,2024
"""全线缴械投降""",1,17,2024
"""有几个板""",1,17,2024
"""不就是个放贷的吗""",1,17,2024
"""股友们，投资就是赚自己能赚到的钱、应该赚到的钱和自己需要的钱，切不可动妄念要想在""",1,17,2024
"""盘子不算大于6亿，好拉""",1,17,2024
"""昨晚9点多挂单下午开盘终于进去了""",1,17,2024
"""我最明智的就是元旦后把融资票全部都清仓啦！我看大盘跌破了我画的生命线，就知道28""",1,17,2024
"""炒作周期统计""",1,17,2024
"""深纺织A小试一下深*A，炒玄学[福]""",1,17,2024
"""十三块钱稳了！！""",1,17,2024
"""起飞""",1,17,2024
"""好股买不上""",1,17,2024
"""悲哀啊，一月12亏了4个多点，卖了，没想到次日涨，次次日涨停，再就打板！我注定只""",1,17,2024
"""把我震出去你就顶一字。主力你做个人吧""",1,17,2024
"""主力太坏了""",1,17,2024
"""无比的悲怆啊，2023年5月底建仓，重仓持有了半年，12月底卖的，现在来看已经起""",1,17,2024
"""资本獠牙玩的溜你能咋的反正现在也不管利用资金优势操控市场当然你我散户除外这样子干""",1,17,2024
"""转发""",1,17,2024
"""太牛了，没想到大a的价值股居然是st左江——存在即合理——客观对待市场——市场永""",1,17,2024
"""金力和辉隆一个爹，主力也是一个吧？不要这么偏心吗，过来把辉隆也拉几个涨停玩玩。。""",1,17,2024
"""养家心法果然无敌。""",1,17,2024
"""下午收盘在来点硬消息刺激一下""",1,17,2024
"""你们有人排到没有，排了一天了""",1,17,2024
"""吃独食会被噎死[捂脸][捂脸]，气质不行，有进有出才能走的更远，今天排不上就删自""",1,17,2024
"""漂亮！明天继续板板板！""",1,17,2024
"""1月17日 盘中紧急提示！""",1,17,2024
"""最少7个涨停拿稳了""",1,17,2024
"""下午开板，郁闷，追不追呢""",1,17,2024
"""金融强国5个板""",1,17,2024
"""哎呦，不错哦""",1,17,2024
"""为啥涨停？有什么利好吗""",1,17,2024
"""厉害了""",1,17,2024
"""1月17日市场午评：龙头晋级，继续缩量""",1,17,2024
"""哈哈！笑笑！""",1,17,2024
"""鲁信创投中粮资本干就对""",1,17,2024
"""周海栋还是比较擅长偏股类的资产投资，他管理的华商盛世成长混合长期业绩""",1,17,2024
"""拥抱核心！""",1,17,2024
"""纽币，不敢碰，我一追就买套，留给哪个什么南宁人。""",1,17,2024
"""终于买对一次了[哭]""",1,17,2024
"""金字辈也启动了""",1,17,2024
"""大金融板块开盘活跃 新力金融2连板""",1,17,2024
"""西陇科学低价互联金融概念。""",1,17,2024
"""二板就人气那么高不是好事，你看看过往能走成龙头的，前面几板都是不显山不漏水""",1,17,2024
"""良心价""",1,17,2024
"""明日3.3满仓，3.7把底仓满仓T出去3.5不破不动动了执行上面计划个人记录请勿""",1,17,2024
"""从以往的经验来看，这票每次上涨都是五个板[鼓掌][鼓掌]""",1,17,2024
"""1月17日午盘走势拆解（坚定看多！）""",1,17,2024
"""心碎了""",1,17,2024
"""新力金融：金融板块的今日龙头！""",1,17,2024
"""都是安徽供销社，你弟弟辉隆股份不带一下？""",1,17,2024
"""全网满仓进城一道空仓看涨""",1,17,2024
"""排队排队------""",1,17,2024
"""还有谁[惨!关灯吃面]""",1,17,2024
"""卖了就两个涨停，真的服了""",1,17,2024
"""再也不想穷了，来20个涨停""",1,17,2024
"""妙可蓝多参股券商，银行，是不是金融概念？""",1,17,2024
"""$中邮科技(SH688648)$中字头小盘次新物流配送机器人，中国邮政大股东。""",1,17,2024
"""国内金融牛起来""",1,17,2024
"""这个一字是我吃的最心痛的，我昨天六个点卖了大半仓位""",1,17,2024
"""有人买到没有，说说看看""",1,17,2024
"""六大核心金融要素包不包括资本市场？""",1,17,2024
"""跟了这么久，踏空了""",1,17,2024
"""刚买进新力哈哈！刚成交的""",1,17,2024
"""昨天说过了，会一字，给机会我会去抬轿子，没给机会，明天要么继续一字，但是不会走远""",1,17,2024
"""两个涨停了哟""",1,17,2024
"""人气第一？哪里来的这么多人，散户疯狂冲？""",1,17,2024
"""二板就一字的还想走多远[滴汗]""",1,17,2024
"""看看你孙子辉隆""",1,17,2024
"""阿西吧，一段时间没看你你就给我来这个。ca""",1,17,2024
"""不可能倒车，七板起步，目标价翻五倍""",1,17,2024
"""莫名其妙地涨""",1,17,2024
"""昨天被甩下车，只能等下一次机会了""",1,17,2024
"""要重组的节奏[大笑][大笑][大笑]""",1,17,2024
"""热门板块龙头股""",1,17,2024
"""封单越来越弱怎么感觉要开板的氛围啊……""",1,17,2024
"""什么情况，二个行板？！""",1,17,2024
"""今年的股很多都是一板第二天就跌""",1,17,2024
"""强势的就是好""",1,17,2024
"""好样的""",1,17,2024
"""盘中求是""",1,17,2024
"""牛，自选股唯一红色，还涨停""",1,17,2024
"""今天要不是遇到对手，根本就不会烂板给机会买。明牌的补涨。“华”字辈龙三！理论上是""",1,17,2024
"""后期再怎么跌，收盘也是跌不破3.3的，最多也就去3.2碰一下拿稳没有融券所有下跌""",1,17,2024
"""牛股来了""",1,17,2024
"""指数这是还想新低的节奏，无奈今天金融几个小票还顶上去了，但是不见作用""",1,17,2024
"""不翻倍不走""",1,17,2024
"""互联网金融今天只有弘业期货可以追""",1,17,2024
"""318守住了5000股，还有几个涨停？现价：8.71""",1,17,2024
"""[赞][赞][赞]""",1,17,2024
"""小猪力根根，放我出来[呲牙]""",1,17,2024
"""胆小了""",1,17,2024
"""转发""",1,17,2024
"""今天能不能打开""",1,17,2024
"""转发""",1,17,2024
"""转发""",1,17,2024
"""14.8的本，不要求回本，能到12让我卖了就行""",1,17,2024
"""今天会有开板机会，可以买入半仓试水。""",1,17,2024
"""恭喜昨日进入新力金融的粉丝股友们，今日喜提一字板块，该股后期可继续关注，祝大家股""",1,17,2024
"""越是困难越是急功近利""",1,17,2024
"""还好没有还亏钱，管它呢了。""",1,17,2024
"""按照私募操盘手法，明天可以打板进场。前提是今天不开。""",1,17,2024
"""前年新历金融遇到困境时，辉隆股份多一次分红给供销社给新历去搞并购，如今做实业的反""",1,17,2024
"""又卖飞[大哭][大哭][大哭]""",1,17,2024
"""前年新力金融遇到困境时，辉隆多一次分红给供销社给新历去搞并购，如今做实业的反而跌""",1,17,2024
"""大家冲啊""",1,17,2024
"""昨天9点46发贴明明白白,今天一字板,12以下都是真空,以上成交量才会放大!""",1,17,2024
"""这就是命，得认""",1,17,2024
"""海螺水泥随时发减持公告，坐等""",1,17,2024
"""吃独食的！""",1,17,2024
"""前年新历金融遇到困境时，辉隆股份多一次分红给供销社给新历去搞并购，如今做实业的反""",1,17,2024
"""没拿住你和华金资本，真可惜了。""",1,17,2024
"""转发""",1,17,2024
"""你们两个PK，看谁强谁弱""",1,17,2024
"""难受[惨!关灯吃面]""",1,17,2024
"""左手新力金融，右手华金资本！双赢！""",1,17,2024
"""换手率高，今天开板，现在跑""",1,17,2024
"""一卖就涨停，服了""",1,17,2024
"""建议去证卷公司，让银行开发业务代理卷商""",1,17,2024
"""13元的本，什么时候能解套""",1,17,2024
"""2024年，在AIGC等创新和下游需求向好等因素加持下，半导体行业底部基本已过，""",1,17,2024
"""怎么可能让散户吃到""",1,17,2024
"""先恭喜自己！守了4个月做了1次T，成本从6.8干到6.3，满仓。""",1,17,2024
"""金融强国""",1,17,2024
"""拉鸡""",1,17,2024
"""呜呜呜，昨天走了""",1,17,2024
"""这股唯一好处不会像私企那么恶心，一涨就减持""",1,17,2024
"""我卖空了[哭]""",1,17,2024
"""13.8的成本能回本吗？套四年了""",1,17,2024
"""恭喜发财""",1,17,2024
"""炒概念的，当初比克的恶劣影响，再也不碰这种垃圾股""",1,17,2024
"""$新力金融(SH600318)$""",1,17,2024
"""老天开眼了嘛""",1,17,2024
"""这波没吃到，可惜了[滴汗]""",1,17,2024
"""昨天是最后一洗，把我洗跑了，还好有七个点的收入""",1,17,2024
"""金融两个字，值100块钱""",1,17,2024
"""瞎炒""",1,17,2024
"""恭喜一字，舒服。""",1,17,2024
"""这么涨公司也不发个公告么？。。炒""",1,17,2024
"""昨天不敢买血亏""",1,17,2024
"""这封单太小了，开盘就是最高点了，借利好出货，昨天明显量化打的板""",1,17,2024
"""新力金融600318起飞了。""",1,17,2024
"""倒在黎明前""",1,17,2024
"""应该是大盘到底了""",1,17,2024
"""这难道就是金融龙头""",1,17,2024
"""牛皮，主力牛皮""",1,17,2024
"""互联金融""",1,17,2024
"""【板块解读-光伏概念】单晶硅片价格单周涨超5%，看好行业长期增长空间（利好）""",1,17,2024
"""又是提前消息资金[微笑][微笑][微笑]""",1,17,2024
"""妥妥的借利好出货""",1,17,2024
"""1月17号，今日这些个股有望封板！？[看多]涨停板上，财富纷飞。早上好，愿各位粉""",1,17,2024
"""国资又来骗钱了，上去解完能砸到你们傻眼""",1,17,2024
"""一般般，老规矩，开板就滚，不信试试，小猪力根根[得意]""",1,17,2024
"""啥意思""",1,17,2024
"""昨天打板的新力金融和嘉美包装，啦啦啦，啦，啦啦啦，啦啦啦，啦，啦啦啦，啦啦啦，啦""",1,17,2024
"""昨天不敢冲真的起飞了""",1,17,2024
"""这，拉涨停都是提前知道的吗""",1,17,2024
"""又重组？""",1,17,2024
"""可惜昨天买少了，才追了80手，可惜了！""",1,17,2024
"""举报。要求严查上市公可财务。""",1,17,2024
"""15亿""",1,17,2024
"""管哥厉害""",1,17,2024
"""主力昨天板上刚卖，什么情况啊，我还没上车呢""",1,17,2024
"""热度那么高，才207万买盘""",1,17,2024
"""828历历在目，信心不足难道就是预期差？""",1,17,2024
"""越简单越幸福，越简单越快乐。走好脚下的路，珍惜现在，过好当下。心态好，则事事好，""",1,17,2024
"""开盘就跑，别问为什么""",1,17,2024
"""金融强国，繁花盛开[献花][献花][献花]""",1,17,2024
"""波大侠早盘计划，今天大盘红开，今天有望大收获！""",1,17,2024
"""逆市吃大肉。""",1,17,2024
"""1月17日早盘预案（倒车接人？）""",1,17,2024
"""这股有劲吗？""",1,17,2024
"""7.4买入6.8卖出，没几天涨停了，这就是命""",1,17,2024
"""我亏着钱走的，我进来就下跌，我卖了，他涨停了。服了""",1,17,2024
"""板上有大单撒就没可能走得远了，除非一字板，不然清仓等回落再接""",1,17,2024
"""一字涨停板""",1,17,2024
"""新力金融：寓意新生力量的金融""",1,17,2024
"""这股有劲吗？""",1,17,2024
"""这人气500万手起步""",1,17,2024
"""唯一缺点是融资票""",1,17,2024
"""这股有劲吗？""",1,17,2024
"""卖光了你现在就成妖股啦。无语，一定会把大部分散户洗出去才能拉伸。""",1,17,2024
"""二板定妖股[想一下][想一下][想一下]""",1,17,2024
"""新力金融昨天全市场散户流出前三，流出482个帐户，看股吧评论，有很多人心里不平衡""",1,17,2024
"""新力金融：融资余额3.17亿元，创近一年新高（01-16）""",1,17,2024
"""2800再难见到了""",1,17,2024
"""今天如果能买到，就是套了，大家还是要慎重。""",1,17,2024
"""唯一不好的就是两融标的，走不远""",1,17,2024
"""人气这么好，主力又要跑路了""",1,17,2024
"""转型新能源发电，风力，太阳能发电，电力股反转，业绩暴增，和华电重工光伏制氢。金山""",1,17,2024
"""命啊""",1,17,2024
"""金融强国六大核心要素明确 2024年01月18日 00:25 来源： 经济参考报""",1,17,2024
"""今天要不你就买不到，直接一字涨停，如果能买到多半就是套，重大利好还让你进来，主力""",1,17,2024
"""人气排在第三名了，开盘就跑""",1,17,2024
"""每波金融行情，互联网金融都缺席不了，毕竟是金融方向的弹性股，昨天互联网金融板块涨""",1,17,2024
"""1月17日早盘核心看点:新力金融，清源股份，亚世光电""",1,17,2024
"""看好今天普涨行情，重点关注金融新力金融 华金资本  亚世光电歌尔股份 双象股份 金刚光伏 宏达新材，耀皮玻璃 金刚光伏""",1,17,2024
"""今天又可以融圈做空了！加油啊家人们…""",1,17,2024
"""试错新方向""",1,17,2024
"""1月17号星期三精选个股建议点赞收藏。""",1,17,2024
"""明天一字板了[旺柴]""",1,17,2024
"""金融超级大利好，明天买不着，连续7个涨停板，先翻一翻再说[火箭][火箭][火箭]""",1,17,2024
"""今天割了一半以为还是那个尿性，要吗开板要吗明天下杀五个点，看这个势头好像是卖空了""",1,17,2024
"""1.16复盘，周三两个方向""",1,16,2024
"""有持仓的小伙伴，发买卖点截图刷了个屏""",1,16,2024
"""明天高开涨停""",1,16,2024
"""明天我得减仓了，送给有缘人""",1,16,2024
"""早上看到人气160多，现在干到8了？""",1,16,2024
"""为什么会涨停，还这么大成交量，问题是什么消息都没有[大哭]""",1,16,2024
"""我喜欢新力金融，已经喜欢了好几年了。唉！不得不喜欢呀！13块钱，有救吗？""",1,16,2024
"""人气真是高，，会不会连板呢？？[为什么][为什么]""",1,16,2024
"""赚够了，走了""",1,16,2024
"""A股明日重点""",1,16,2024
"""山河智能 新力金融 及其他看点""",1,16,2024
"""丙火生晚复盘（01/16)""",1,16,2024
"""洗洗睡吧，明天100%一字[旺柴]""",1,16,2024
"""真服了，一个涨停人气就干到第8了。不妙啊""",1,16,2024
"""哪里能看到排单？已挂涨停追""",1,16,2024
"""明日展望""",1,16,2024
"""D""",1,16,2024
"""看昨天同样涨停炸板，按今天开盘竞价绝对是国盛金控龙头，你却秒拉涨停，资金选你肯定""",1,16,2024
"""首板遇风口，明日晋级""",1,16,2024
"""新力金融都是赚少赔多只买1股不行吗谢谢分享""",1,16,2024
"""又是内幕消息，哈哈""",1,16,2024
"""今天低开整得我差点把筹码交出去了""",1,16,2024
"""1.16复盘""",1,16,2024
"""1月16号复盘，这一方向，明天重点关注可能结束乱世。""",1,16,2024
"""明天高开低走！弱势市场利好出货！""",1,16,2024
"""大师那么多，分析起来一套又一套，有那个时间，不如实打实闷声发着你的财""",1,16,2024
"""明天是否有机会？""",1,16,2024
"""大金融口，明天打大盘行不行就看大金融了""",1,16,2024
"""好强""",1,16,2024
"""多维竞价选股，测试第三天""",1,16,2024
"""明天会不会跌停啊？开票买的""",1,16,2024
"""强""",1,16,2024
"""金融加供销社逻辑。今天涨停相对还算强势。这个涨停板只能说暂时把趋势走出来了。如果""",1,16,2024
"""新力今天开盘直接拉涨的盘面走势看，明天开盘会不会又直接拉涨停了""",1,16,2024
"""没有猫蛇榜吗""",1,16,2024
"""明天跌下来，老套路，还是等5快""",1,16,2024
"""还有上车机会不？~""",1,16,2024
"""做了个反T，仓位也少上了一半[好困惑]""",1,16,2024
"""今天把零售和旅游都走了，早上入手了化学制品和保险。""",1,16,2024
"""庄股！！！！！！！！！！！！！""",1,16,2024
"""一涨就涨停，就怕明天一个低开，又开始唱空了，涨了就唱多，跌了就唱空，多空转换太灵""",1,16,2024
"""很好，继续涨停！""",1,16,2024
"""明天涨停了，好不容易逮条大鱼""",1,16,2024
"""看起来很牛，像是龙头，实际上大家都知道今天大盘是华金带红的，你没有号召力""",1,16,2024
"""这么安静，明天应该一字涨停了""",1,16,2024
"""湛江生蚝甲天下，新力金融顶哌哌""",1,16,2024
"""一月十六日复盘，及持股分析（新建仓世纪华通，新力金融）""",1,16,2024
"""明天走势如何？""",1,16,2024
"""转发""",1,16,2024
"""感觉明天要一字板了，新力金融！""",1,16,2024
"""个股分析：宏达新材亚世光电光洋股份新力金融""",1,16,2024
"""明天金融概念股高潮？引领大盘上攻2950""",1,16,2024
"""难受，六个点卖了大部分，就留一点仓还涨停了，涨停之后又出新闻，更难受了。主力太厉""",1,16,2024
"""卖飞啦，卖飞啦，明天一字板""",1,16,2024
"""，华金资本，华林证券，国盛证券金融概念最活跃的几个票，今天最强的是新力，早上直接""",1,16,2024
"""我不说其实老股民都心里明白，即使今天收了涨停板，长期下来你是赚的吗，这个答案不用""",1,16,2024
"""新力的主力果然不一般，提前知道消息了，华金出消息后才涨停，我两个都有""",1,16,2024
"""电气设备行业指数涨幅最大！周二行业表现一览[24/01/16]""",1,16,2024
"""11月16日：，积极信号开始出现，大盘快大涨了（附选股）""",1,16,2024
"""SB战法，我套他猴子，还好追回来了，明天大慨一字了""",1,16,2024
"""果然主力的消息是滞前的""",1,16,2024
"""给个榜吧，打板你了""",1,16,2024
"""今晚挂个单，希望明天能进""",1,16,2024
"""蛇猫榜呢？""",1,16,2024
"""今天没板么？""",1,16,2024
"""金融强国[火箭][火箭][火箭][火箭][上涨][上涨][上涨][上涨]""",1,16,2024
"""今天红盘卖了西安饮食这个跟风垃圾，看到新力金融涨停，立马买入国盛金控赚3个点，哎""",1,16,2024
"""金融强国龙头股起来吧""",1,16,2024
"""[龙头]""",1,16,2024
"""$新力金融(SH600318)$""",1,16,2024
"""6个点甩下车了，你个死庄""",1,16,2024
"""派诺科技，华为+智能光伏+Ai电力+多个算力中心智能电力控制系统+充电桩+年销售""",1,16,2024
"""20240117投资日志""",1,16,2024
"""板上走了[撇嘴]现在心里乱七八糟的""",1,16,2024
"""明天一字了，车上的发财""",1,16,2024
"""玛蒂皮　，卖了一半　　尾盘有小弟了又成龙头了""",1,16,2024
"""进入这个股市，为什么有些人老是赔钱，就是因为你本身的心态就把你给搞的乱了阵脚，抱""",1,16,2024
"""我也塔空了前天720卖飞了[哭][哭][哭][哭][哭][哭][大哭][大哭][""",1,16,2024
"""关注一下新力金融，比较合适交易""",1,16,2024
"""拿了4个半月啦，才25%收益。[怒][怒]""",1,16,2024
"""1月16日 简单复盘""",1,16,2024
"""心里太难受了，怎么就管不住自己的手，唉""",1,16,2024
"""被洗出去了，真2啊""",1,16,2024
"""别一涨就找理由，一下跌就找理由，上涨就是上涨最好的理由[捂脸][捂脸][捂脸]""",1,16,2024
"""新力涨跌都不用理由""",1,16,2024
"""兄弟们，拿好你的筹码，明天8.45见""",1,16,2024
"""新力金融低风险区间的思考！""",1,16,2024
"""我是莫名打的板，请问今天为什么涨停""",1,16,2024
"""之前换手率高，第二天必然跌几个点""",1,16,2024
"""$新力金融(SH600318)$""",1,16,2024
"""$新力金融(SH600318)$""",1,16,2024
"""$新力金融(SH600318)$""",1,16,2024
"""今天比较牛，一直封板，明天继续""",1,16,2024
"""今天这个成交量如果后面可以连板的话那就是真的卖公司了""",1,16,2024
"""哈哈，拉上就给股东减持了，还有员工持股""",1,16,2024
"""感觉昨天今天涨得莫名其妙，啥情况，盘后有公告吗？""",1,16,2024
"""前期高点8.45""",1,16,2024
"""那些总说开板的人是什么心态？""",1,16,2024
"""今天打板新力金融和嘉美包装，啦啦啦，啦啦啦，啦啦啦，啦啦啦，啦啦啦""",1,16,2024
"""涨停开后卖出了，明天低开重仓买入。""",1,16,2024
"""开始作妖了""",1,16,2024
"""华金居然也来助攻了。。。。。。。""",1,16,2024
"""果断离开""",1,16,2024
"""今天挺住就是七个连板""",1,16,2024
"""追买的跑不了""",1,16,2024
"""兄弟们快冲[毛估估][主力][火箭][火箭][火箭][火箭][火箭]""",1,16,2024
"""跑了马跌5个点""",1,16,2024
"""危险了大家看看散户线""",1,16,2024
"""早上9800联排，是佛山？""",1,16,2024
"""下午开板，一路下跌，没戏""",1,16,2024
"""不到十三块钱不卖！！！""",1,16,2024
"""羡慕了！！！恭喜""",1,16,2024
"""6.5黄金坑，只有到了这个价附近闭着眼睛买，放着存钱""",1,16,2024
"""穷亏鬼卖了就是连板涨停，没有卖就是板上出货""",1,16,2024
"""是不是佛山无影脚来了[大笑]""",1,16,2024
"""午饭前卖了一半　　大盘像一堆　　A股像一堆臭不可闻""",1,16,2024
"""冲不让他打开，至少明天还是板。""",1,16,2024
"""这个不好说""",1,16,2024
"""走啰，上面全是小单""",1,16,2024
"""新力金融，实控人为安徽省供销集团 为公司融资提供连带责任担保""",1,16,2024
"""如果真强势明天就必须一字涨停表示诚意""",1,16,2024
"""早盘主力资金净流入流出比例最大的30只股票[24/01/16]""",1,16,2024
"""早盘特大单资金净流入流出比例最大的30只股票[24/01/16]""",1,16,2024
"""经得住煎熬，才能见到彩虹！""",1,16,2024
"""这种情况下午要炸啊""",1,16,2024
"""大盘一泻千里，还指望这票能好？看着庄托发这么多消息，我都累。还五个涨停，一会儿开""",1,16,2024
"""今天金融证券试盘，大盘启动在即！证券将一马当先""",1,16,2024
"""连发三贴说逢高出，又是拉萨军团在接盘，千万不要进了！""",1,16,2024
"""这主力太鸡贼了！已经确定了板上出货！参考12月7日！大家千万不要在涨停板上挂单。""",1,16,2024
"""给我焊死！锁住，等你五个涨停""",1,16,2024
"""庄在板上偷偷出货，明天没溢价""",1,16,2024
"""说实在，我昨天进的，今天7.7就出了，真没拿住，本来想着应该先冲高再回调，再进的""",1,16,2024
"""我减仓了点仓，今天大盘不咋样，明天要找机会再减点""",1,16,2024
"""感觉明天要补跌，先撤了[微笑]""",1,16,2024
"""又有大动作啦?""",1,16,2024
"""明天应该没溢价的，追高小心咯""",1,16,2024
"""快炸板了""",1,16,2024
"""业绩大幅增长，主力建仓完成，涨停板把货送给有缘人了。""",1,16,2024
"""刚才没顶住压力，7.7元跑了，又追了三变科技，可惜了""",1,16,2024
"""啊啊啊，握草，昨天减了一半仓位，想着今天再低位接回来，草，没成想一开盘就急拉，还""",1,16,2024
"""今天终于发飙了，解套了不容易呀！今天能够守住明天可以继续板板了！""",1,16,2024
"""天天下跌，要启动救市了""",1,16,2024
"""我观察了一下盘面这主力很险恶不停的将散户挂的单往前边顶然后前面的挂单成交的同时在""",1,16,2024
"""16号拉板风格：涨停跳空回踩洗完再板，参照绿茵生态图形。底部一字横堆量洗。尚纬股""",1,16,2024
"""做人做事首要的就是诚信问题，而我南城释小龙敢于拿所有的一切来保证是非常值得投资的""",1,16,2024
"""国资改革，持有的绩优股苏常柴也被拉板了""",1,16,2024
"""错过了西安旅游，错过了新力金融，为啥？""",1,16,2024
"""低预期，方能行稳致远（跟踪市场从这里开始，0115更新）""",1,16,2024
"""没几个散户了，这股""",1,16,2024
"""你们成本多少？""",1,16,2024
"""在市场里待了快四年，发现很多年轻人怎么也劝不住，非要跑进来投资，最后亏得头破血流""",1,16,2024
"""还有票吗兄弟们推荐推荐""",1,16,2024
"""入市第一年，我要赚一千万，入市第二年我要赚一百万，入市第三年骗子，把钱还我，我不""",1,16,2024
"""还没上车呢，不讲股徳""",1,16,2024
"""又一次草低，不会穷了""",1,16,2024
"""跨年妖股[大笑]""",1,16,2024
"""看来这只散户走的差不多了拉10个版板""",1,16,2024
"""涨停原因：供销社|实际控制人为安徽省供销合作社联合社。公司以农村金融服务为特色，""",1,16,2024
"""靠的是精准分析，而不是马后炮，看帖都有机会""",1,16,2024
"""从7.7一下子干到涨停，10万手直接吃了，然后开板又洗一手，这货这次要翻倍""",1,16,2024
"""打开涨停被洗出来了""",1,16,2024
"""十几亿的封单，牛""",1,16,2024
"""昨天刚卖，今天居然涨停，我去[哭][哭][哭][哭][哭]""",1,16,2024
"""1""",1,16,2024
"""金融都在拉，国家队入场救市，龙年不可能这么低迷的！""",1,16,2024
"""这是啥情况，涨停了？""",1,16,2024
"""股票这玩意真不是散户能碰的。早起看涨了4个点，正要挂单卖呢，突然接了个客户的电话""",1,16,2024
"""终于解套了，再也不碰你了""",1,16,2024
"""卖了""",1,16,2024
"""今天做t失败的应该不少吧""",1,16,2024
"""8.45能还能过""",1,16,2024
"""上次电池重组买入，终于解套了，留2000股继续，从负55%熬到现在真不容易……""",1,16,2024
"""重组？好了伤疤忘了疼""",1,16,2024
"""今天会炸板，下午变绿""",1,16,2024
"""加仓干！启动了""",1,16,2024
"""还得是你啊，守了几个月了。[鼓掌][鼓掌]""",1,16,2024
"""终于封住了""",1,16,2024
"""好好好卖飞了""",1,16,2024
"""打了个板""",1,16,2024
"""难道又要重组了？""",1,16,2024
"""什么原因导致涨停的，也没个公告""",1,16,2024
"""昨天7.23卖了挣了2000跑了，今天直接给我干涨停了[哭]""",1,16,2024
"""明天一字""",1,16,2024
"""公司做强做大必向前走，不要砸压股价砸干股民，放远眼光""",1,16,2024
"""又要和比克重组了?""",1,16,2024
"""新力一般封板就砸，最近扎炸板率很高""",1,16,2024
"""新力威武""",1,16,2024
"""哇[上涨][上涨][上涨][上涨]""",1,16,2024
"""我就喜欢搞东搞西的小猪力[得意]""",1,16,2024
"""昨天进场，今天这手法一般人拿不住""",1,16,2024
"""去年亏损，今年预盈！利好！""",1,16,2024
"""唉""",1,16,2024
"""新力金融   多元金融-供销社 打板进了 1月16号""",1,16,2024
"""7.7跑太快了，唉……""",1,16,2024
"""业绩增长17倍的锂电池，大金融，资金疯抢！""",1,16,2024
"""本来想涨停卖了炸板在买的结果涨停没卖出去。。。。算了不动了，等业绩出来应该还能拉""",1,16,2024
"""卖掉后两天大涨，命啊""",1,16,2024
"""董秘回复，公司什么题材都没有，为啥股票就涨了？？？？？""",1,16,2024
"""这股可以""",1,16,2024
"""开盘10分，钟涨停算快吗""",1,16,2024
"""别说了血亏""",1,16,2024
"""求解，它为什么要涨停[可怜]""",1,16,2024
"""一卖就涨[怒][怒]""",1,16,2024
"""666""",1,16,2024
"""追了""",1,16,2024
"""不知它要憋什么屁""",1,16,2024
"""上""",1,16,2024
"""昨天被洗出去了，太可怜了""",1,16,2024
"""整""",1,16,2024
"""挂个涨停试试""",1,16,2024
"""我又来追套[得意]小猪力""",1,16,2024
"""关注""",1,16,2024
"""厉害""",1,16,2024
"""涨停收盘""",1,16,2024
"""血亏""",1,16,2024
"""量化交易""",1,16,2024
"""低开高走""",1,16,2024
"""完了，今天暴跌，拉稀""",1,16,2024
"""新力金融：融资净偿还372.53万元，融资余额2.76亿元（01-15）""",1,16,2024
"""没散户了？""",1,16,2024
"""涨停卖了还亏钱""",1,16,2024
"""我有种预感虽然我赚钱走啦，但是卖飞啦""",1,15,2024
"""为什么要这么急呢？上不上就又要下来了[捂脸]。慢慢升5个点多好呢""",1,15,2024
"""今天是最后跑的时候，明天绿油油""",1,15,2024
"""明天涨停""",1,15,2024
"""明后天回调是介入点""",1,15,2024
"""主力今日流进""",1,15,2024
"""明天涨停""",1,15,2024
"""实盘第三天""",1,15,2024
"""量能不够，，。。压力位巨大。估计还要磨两天左右。。。""",1,15,2024
"""后面就这么走吧，我也不贪，19块就行""",1,15,2024
"""走了，赚了一包华子。""",1,15,2024
"""新力最会搞事情，是不是又要搞什么大动作了，一直想转型不知道新的目标是哪个高科技行""",1,15,2024
"""明天必定拉稀""",1,15,2024
"""今天试盘，回调即是介入机会，明天低开低走让我上车""",1,15,2024
"""$新力金融(SH600318)$""",1,15,2024
"""今天试盘两次。后市看涨""",1,15,2024
"""鲶鱼强来了""",1,15,2024
"""拉尾盘做K线画图，明天会冲一下，然后套人""",1,15,2024
"""7.26收盘，今天看看就好，等下杀6.6左右再决定要不要玩""",1,15,2024
"""这个主力很苟，恶心人""",1,15,2024
"""刚出了""",1,15,2024
"""来个一字板看看，等""",1,15,2024
"""不用看，收盘7.22""",1,15,2024
"""卖飞了真无语再把你接回来赌一把气不过来""",1,15,2024
"""全仓进去""",1,15,2024
"""散户不是那么好骗的了。""",1,15,2024
"""出个屁货，主力再调仓，今天就是试盘，明天下杀。6.6左右直接干就行了""",1,15,2024
"""一直在出货，明天危险""",1,15,2024
"""一直都在出货，大单一直在卖，我先走了，君子不立危墙之下，留下的兄弟发财886""",1,15,2024
"""退神：小明这几天踏空，因为他买的是zhuanggu，买zhuanggu完全是一种""",1,15,2024
"""收盘最后一秒涨停""",1,15,2024
"""今天15号发工资套人了""",1,15,2024
"""怎么没有人来拉升[微笑]""",1,15,2024
"""最近振幅加大，扶好坐稳了[捂脸][捂脸][捂脸]""",1,15,2024
"""感谢主力，虽然就卖了5个点，很满意""",1,15,2024
"""这就是命吗""",1,15,2024
"""今天早盘拉涨停，不封板！我觉得，新力金融，要想强势，必须要底部的涨停来确认。上次""",1,15,2024
"""今天高抛了""",1,15,2024
"""不来个重组借壳的小作文都对不起这两天的走势""",1,15,2024
"""只有低吸，绝不追高，7元以下""",1,15,2024
"""我也是早上刚出了万方发展才追了这个股，支持涨停""",1,15,2024
"""在这只起起伏伏几个月了，这只真的拉高就要卖，下午甚至可能会绿，等待机会在买回来""",1,15,2024
"""这股ttttttttttt！必须t！""",1,15,2024
"""一两分钟，这是早谢？""",1,15,2024
"""大家好我是做剃高手大家好才是真的好""",1,15,2024
"""都一再提醒不要乱跟票赚钱出来不容易的还不明白我就没办法了""",1,15,2024
"""最理想的点位是收7.22""",1,15,2024
"""股性活了，要啥都有。""",1,15,2024
"""今天收盘在7.24之上的话，可以加仓待涨。否则的话会继续振荡，就要适当控制仓位。""",1,15,2024
"""向着6元下去了""",1,15,2024
"""明天停牌""",1,15,2024
"""打板敢死队冲冲冲""",1,15,2024
"""还行吧，小亏出了""",1,15,2024
"""有没打板进来的，出来让兄弟们开心一下。[坏笑][坏笑][坏笑]""",1,15,2024
"""新力金融：供应链业务已为公司贡献利润，新能源业务目前处于培育阶段""",1,15,2024
"""第六感涨停""",1,15,2024
"""感觉还是会涨停""",1,15,2024
"""走了""",1,15,2024
"""买买买，下午涨停""",1,15,2024
"""估计山顶又站了一波人。兄弟们谁山顶站岗了。""",1,15,2024
"""我是几个不同板块有辨识度的股反复拉扯，完全不用理会外面的股""",1,15,2024
"""哥走了，你们发财""",1,15,2024
"""看不出来吗，拉高出货[大笑][大笑][大笑][大笑]""",1,15,2024
"""安徽润祥新能源有限公司，目前主要从事那些业务？未来有哪些规划？""",1,29,2024
"""你们今天买这个注定亏钱，经常炒这个的人都知道这股一拉就要跑，绿了才能买""",1,15,2024
"""没有一次不是长长的避雷线，往前看全是拉高最后变绿的都有""",1,15,2024
"""散户能别买吗？主力刚买一点就蜂拥而上，很狂""",1,15,2024
"""卖了，下午必拉稀""",1,15,2024
"""没有一字板，芙蓉王的钱省了""",1,15,2024
"""还以为要涨停呢""",1,15,2024
"""涨停的时候我挂单736成交了，我就知道坏了，要炸[哭][哭][哭]""",1,15,2024
"""转发""",1,15,2024
"""最近百货供销社要火了吗""",1,15,2024
"""7块以下随便买，没人信""",1,15,2024
"""能买到的都是骗人的""",1,15,2024
"""涨停卖了还亏几十块""",1,15,2024
"""现在买，支持涨停""",1,15,2024
"""玩呢""",1,15,2024
"""说到做到[得意]下周再来[得意]""",1,15,2024
"""涨停卖了，还亏几十块[怒]""",1,15,2024
"""单干没有别的股跟上，找高点出了""",1,15,2024
"""老乡快走""",1,15,2024
"""玩完了""",1,15,2024
"""太牛了，高度控盘，有几个卖在最高点了。""",1,15,2024
"""挂好单子等你们了""",1,15,2024
"""来了""",1,15,2024
"""量化灰所有！""",1,15,2024
"""冰冻三尺非一日之寒，当量累积完成，质变就一定会发生。一年有四季，股票有四个阶段""",1,15,2024
"""开板就滚，不信试试""",1,15,2024
"""想穷都难""",1,15,2024
"""差一点扔了[得意]""",1,15,2024
"""说了主力给送钱你们不要""",1,15,2024
"""走了""",1,15,2024
"""今天开盘吃完了，明天开盘再来吃[坏笑]""",1,15,2024
"""小猪力，不要跟我抢哈""",1,15,2024
"""还行吧""",1,15,2024
"""雄赳赳气昂昂，跨过2000点，论最熊，还要看……""",1,15,2024
"""无脑唱多，7根无量小阳线，两根放量阴线，还在忽悠。这是套的多深。""",1,15,2024
"""“合理的意外惊喜”须从量变到质变必须要积累过程""",1,15,2024
"""奇瑞借壳新力上市更名为，，，奇瑞新力""",1,15,2024
"""小妹妹你要挺住，最多跌到1元，那时候就可以轻松翻倍了""",1,14,2024
"""周末停牌两台了，周一开始五个涨停板""",1,14,2024
"""明天建仓""",1,14,2024
"""明天跌停，年前见5块""",1,14,2024
"""$新力金融(SH600318)$""",1,14,2024
"""光伏，换电设备，""",1,14,2024
"""恐慌的票，大神有兴趣。明天大神偷偷的进场。别问我为什么知道。""",1,14,2024
"""一年内最大跌幅加速震荡马上要找方向了！""",1,14,2024
"""底部箱体整理涨跌都难""",1,14,2024
"""今天尾盘进了""",1,14,2024
"""新力金融本周融资净买入2204.36万元，居多元金融板块第一""",1,14,2024
"""【头部网红正式开启海外直播带货，跨境直播或成出海新风口（附股）】据抖音账号“Ti""",1,14,2024
"""一元股""",1,14,2024
"""两元股""",1,14,2024
"""5块多进合适，还得跌""",1,14,2024
"""这货新能源到底是做啥的，蔚来要在安徽建1000座换电站""",1,14,2024
"""哪位老师指导一下，请问跌破三元能进一成仓吗？""",1,13,2024
"""我又回来抄底了，过了今晚想穷都难""",1,13,2024
"""更名为，，新力奇瑞""",1,13,2024
"""下周这股崩了。""",1,13,2024
"""此股一直是热度很高，只要公司本事没有什么问题的话一定会翻倍的""",1,13,2024
"""这就是最贱的走势，你好坏，可是我好喜欢啊""",1,13,2024
"""新力金融：融资净偿还474.46万元，融资余额2.8亿元（01-12）""",1,13,2024
"""走了，还得下杀，到5块多再看看""",1,13,2024
"""星期一地板""",1,13,2024
"""很典型的小庄股，突然的冲高无量，回落的上影线，95%的散户玩不过她，不要想着自己""",1,12,2024
"""下周一字板，我给大家发芙蓉王，见者有份，点赞报名，走过路过不要错过""",1,12,2024
"""今天一根，把好好的趋势打的烂如泥，把一重散户打的魂飞魄散，估计是落幕了，那""",1,12,2024
"""今日有效跌破10周线6.72，20周线6.85。下周可能赶底。""",1,12,2024
"""你好，贵司的名称是新力金融，带了金融两字，顾名思义公司就是金融行业相关的的公司。""",1,29,2024
"""下周一跌停了""",1,12,2024
"""周六周日停牌两天""",1,12,2024
"""调皮的小猪力[呲牙]""",1,12,2024
"""周末有利空？""",1,12,2024
"""早两天不砸，星期五这样搞，别爆雷啊[滴汗][滴汗]""",1,12,2024
"""新力今天录得1年内最大单日跌幅，比较狠！""",1,12,2024
"""偏子""",1,12,2024
"""玩完了全部破线""",1,12,2024
"""暴跌！明天继续！唱多的脸打得啪啪响！！！""",1,12,2024
"""哈哈，破位大跌！后市堪忧？""",1,12,2024
"""两个点也是赚，走啦！开盘即清""",1,12,2024
"""垃圾""",1,12,2024
"""1月16日观点分享：盘后出消息 题材轮动""",1,12,2024
"""一个星期的利润一天跌完牛""",1,12,2024
"""整""",1,12,2024
"""稀巴烂""",1,12,2024
"""漂亮，此股继续大跌起来，破6块钱再说吧！关注西部牧业，龙津药业机会！""",1,12,2024
"""红那么多天不及这一天跌的，大爷的[惊吓]""",1,12,2024
"""单边下跌，没有像样的反弹。可能又会拉一下尾盘到7.03左右，下周一继续跌。挂个7.02看看能不能减点仓。""",1,12,2024
"""股市如菜市场，随便逛随便买，开启买买买""",1,12,2024
"""开了点底仓，主力随意糟蹋，没关系的，反正不多买！""",1,12,2024
"""入货机会来了""",1,12,2024
"""赖格宝吃豇豆""",1,12,2024
"""6.9快来，我要满仓""",1,12,2024
"""是有主力得到消息了，提前抢跑吗，那么多大单和死了请跌一样出货""",1,12,2024
"""有理由也跌，浪流浪奔""",1,12,2024
"""认栽了""",1,12,2024
"""看我乌龟战法，买入后十年一动不动""",1,12,2024
"""深套了。""",1,12,2024
"""这就是个搅棍""",1,12,2024
"""买点来了。同志们准备子弹出发""",1,12,2024
"""目测下午板[得意]""",1,12,2024
"""年报4连亏，可能st""",1,12,2024
"""这个真跌不下去，最多6.5到底啦！""",1,12,2024
"""满杯干""",1,12,2024
"""9号走势，拭目以待""",1,12,2024
"""变态，这么好的行情亏3%走了""",1,12,2024
"""破位走势已成，7根阳线是假牙""",1,12,2024
"""唱多的呢""",1,12,2024
"""废了，6元见""",1,12,2024
"""买强不买弱，跟华金走的""",1,12,2024
"""7元都跌不破，砸总实力不行啊！""",1,12,2024
"""好挫""",1,12,2024
"""啥时候带带华金""",1,12,2024
"""跟跌不跟""",1,12,2024
"""华金资本就是拉涨停了，你都哄不了""",1,12,2024
"""华金不带你玩了，""",1,12,2024
"""还得看华金""",1,12,2024
"""妈喊你回家吃饭""",1,12,2024
"""等庄把托单砸完，钱是自己的。交易急不得""",1,12,2024
"""玛德，有个神经病跑进来乱""",1,12,2024
"""全是无脑唱多忽悠散户高位接盘的股托，大家散了吧！千万不要高位接盘，此股必有累""",1,12,2024
"""真垃圾""",1,12,2024
"""连涨七天有个什么用？不够一天跌的。。。""",1,12,2024
"""快跑吧这回是真砸了""",1,12,2024
"""两百多个博士、专家组成的公司，大家快来买啊！""",1,12,2024
"""看到那些长篇大论唱多的，跑就对了。""",1,12,2024
"""【】不敢赌，出来确保安全！借壳重组、基本面、业绩等等，都是假的，只有破位是真的！""",1,12,2024
"""只要四季度业绩为正，那今年业绩会增长百分之几千，拿着吧，要啥自行车啊！""",1,12,2024
"""断头铡""",1,12,2024
"""被评论忽悠来的，真的要借壳吗？""",1,12,2024
"""++""",1,12,2024
"""之前上影线，现在都是下影线，适合做T[鼓掌]""",1,12,2024
"""别急，这股每天都有操控，今天必有一拉，做T准备，新手注意拉时别跟""",1,12,2024
"""托单必跌，托单一般都会一点点砸开，而且大清早就疯狂出货了""",1,12,2024
"""不懂任何技术分析""",1,12,2024
"""哦豁！想卖出小东子吗？""",1,12,2024
"""废了。。唉。。。""",1,12,2024
"""无语""",1,12,2024
"""垃圾""",1,12,2024
"""此股已废""",1,12,2024
"""此股每天做T还是可以的，想赚大钱是不可能的！关注食品板块大湖股份，国联水产，三江""",1,12,2024
"""又是倒数第一？""",1,12,2024
"""个别的人又唱多""",1,12,2024
"""涨起来涨起来，闭着眼买""",1,12,2024
"""每天恶意砸，砸完拉，算不算操控，准备举报""",1,12,2024
"""我也懒得慢慢跟你们玩了，真挺无聊的，上午今天把所有弹药都打满，扔里两年不管了[吃""",1,12,2024
"""那个一长串英文字母名字的是哪里冒出来的？""",1,12,2024
"""怎么好好的突破有个唱多的""",1,12,2024
"""今天悬了""",1,12,2024
"""疯狂唱多的来了，还好前两天拉伸的时候跑了，唱多来了跌了再进""",1,12,2024
"""突然发表奇瑞汽车借壳还未证实的消息目的何在 此股要跌了""",1,12,2024
"""今日暴跌，狗子们儿""",1,12,2024
"""今天融券余额又多了，今天不秒妙。这两天庄托闹得欢，谨慎谨慎。12月份到现在这波员""",1,12,2024
"""新力金融：融资净买入153.81万元，融资余额2.85亿元（01-11）""",1,12,2024
"""要起飞了""",1,12,2024
"""起风了吗？""",1,12,2024
"""东门来了一个喇嘛，说要借壳奇瑞，来者不善，危险。""",1,12,2024
"""大力发展绿色金融""",1,12,2024
"""快跑""",1,12,2024
"""新力金融，轻资产，节能环保，美丽中国第一股""",1,11,2024
"""这么多发持仓的，说奇瑞借壳。咋感觉有点不妙，有点懵，有没大佬给分析一下。""",1,11,2024
"""明天闷杀吗。""",1,11,2024
"""脉象强劲有力""",1,11,2024
"""欢迎大家踊跃发言，到底何方神圣借壳，600318，这个发财代码""",1,11,2024
"""还有427万多融资余款，明天满仓干新力金融，赌一把，重大重组借壳""",1,11,2024
"""完全特立独行，完全不跟大盘的新力金融，你要干啥我已经满仓了，剩下的422万现金融""",1,11,2024
"""多次停牌重组的新力金融，一次都没成，我感觉，重组时必然，毕竟这是脱虚向实的政策，""",1,11,2024
"""最近中信+高盛两大券商持有的个股频频涨停，再加上该股盘面天天出现异动，必须重点留""",1,11,2024
"""明天能不能七八九，今天就我亏钱了，哭辽[哭]""",1,11,2024
"""满仓了……看来要借壳了""",1,11,2024
"""这么干净的壳不知道老板要装一点什么进来""",1,11,2024
"""生怕别人不知道你跟着华金是嘛。。。""",1,11,2024
"""极品。""",1,11,2024
"""天杀的，这么好的大盘，竟然还亏了1%""",1,11,2024
"""今天7.17明天7.89""",1,11,2024
"""7.16卖了35000股""",1,11,2024
"""这票很强啊！前几天都抗住了！今天补跌很正常啊！""",1,11,2024
"""股吧唱多的太多，跑""",1,11,2024
"""7.13买了23000股""",1,11,2024
"""终于一根阴线了，以后有没有第二根，第三根，第四根，，，，？""",1,11,2024
"""尾盘拉起来""",1,11,2024
"""到底啥概念""",1,11,2024
"""我就喜欢折腾的小猪力根根[偷笑]""",1,11,2024
"""36亿的盘子，上下都是几千手的量化单么，昨天尾盘进的资金今天就砸""",1,11,2024
"""今天应该收在7.17""",1,11,2024
"""$新力金融(SH600318)$""",1,11,2024
"""科技股的时代""",1,11,2024
"""托单必破""",1,11,2024
"""有意思""",1,11,2024
"""垃圾""",1,11,2024
"""大盘越涨你越跌你越跌越狠越垃圾？！最起码要拉红吧孙子""",1,11,2024
"""连收8阳，新力给力""",1,11,2024
"""大盘强劲反弹，你特么在逗我么么哒？！还在水下潜水艇地漏""",1,11,2024
"""小猪力根根，刚扔了小安安，就你了[得意]""",1,11,2024
"""原来这个鸟只是个小跟班""",1,11,2024
"""主力高度控盘外面涨跌我自巍然不动。""",1,11,2024
"""兄弟们，可以玩半导体了""",1,11,2024
"""别要求太高，开年以来大多数股票都是下跌的，此股还小涨了一点。这个票现在的看点就是""",1,11,2024
"""今天7.15吃的，希望横盘保持住，明天我早盘还来吃""",1,11,2024
"""这都不跑，都拉升一波了，还指望着还有？下午这货也就看大盘脸色了，大盘向上能回点血""",1,11,2024
"""会拉红吗""",1,11,2024
"""被霉运跟上了，碰到这股""",1,11,2024
"""前面看似红了几天，其实盘中还是套了好多""",1,11,2024
"""多元金融板块倒数第一，安徽板块垫底，真废！！！""",1,11,2024
"""今天毁在这一股上面了""",1,11,2024
"""为什么要买这个要补跌的票，哎""",1,11,2024
"""跟华金的走势一模一样""",1,11,2024
"""需要一条长阳改变走势""",1,11,2024
"""托单必跌""",1,11,2024
"""哆嗦那一下子啥意思啊。""",1,11,2024
"""7.08买入，大盘反转，金融先行！""",1,11,2024
"""成交量这么大，是大户吸筹呢还是出货呢？搞不清楚，请大侠详解""",1,11,2024
"""自选全部红，只有这个在骗人入套""",1,11,2024
"""反复看点及核心解读""",1,11,2024
"""7块整破""",1,11,2024
"""今天必须收7.25元""",1,11,2024
"""一群213在猜谜语""",1,11,2024
"""$新力金融(SH600318)$""",1,11,2024
"""说真话，我宁愿今天他一直在水下，明天不好说了""",1,11,2024
"""7快以下进""",1,11,2024
"""7.25冲了进来，哎，我错了""",1,11,2024
"""新力金融1月11日快速反弹""",1,11,2024
"""今天不会红了""",1,11,2024
"""这个地方还要磨20年""",1,11,2024
"""6.99能不能抄到底""",1,11,2024
"""自从1月5号套一波之后，主力天天做图诱多出货""",1,11,2024
"""主力呢，主力人呢，起床干活了""",1,11,2024
"""起飞""",1,11,2024
"""量化砸盘了""",1,11,2024
"""给机会加仓了""",1,11,2024
"""6.68等""",1,11,2024
"""真金白银砸下来的，买回""",1,11,2024
"""接着洗""",1,11,2024
"""9号的剧本，一模一样""",1,11,2024
"""这只股票打掉底下的托单7.05元，通知我一下我准备上车，我现在没时间看她""",1,11,2024
"""散户太多，庄家不想拉""",1,11,2024
"""真能磨""",1,11,2024
"""大盘这样拉还不长今天悬了""",1,11,2024
"""跌停吧你个小垃圾""",1,11,2024
"""可以加仓了""",1,11,2024
"""看到股吧全是唱多的，什么利好，就知道是这种下场了。""",1,11,2024
"""拉尾盘的哪个有好下场""",1,11,2024
"""搞""",1,11,2024
"""谢谢小猪力，下次再来[得意]""",1,11,2024
"""今天不知道能不能给个下杀，我要低点的位置再吃，拜托了[拜神]""",1,11,2024
"""新力金融：融资净买入1841.68万元，融资余额2.83亿元（01-10）""",1,11,2024
"""转发""",1,11,2024
"""明天进入下跌通道，打到6.4在拉上来，反复搞个十几二十年[微笑]""",1,10,2024
"""明天多元金融是新的热点""",1,10,2024
"""看周线，此次至少上摸半年线8.16，当然不是明天一天""",1,10,2024
"""横久必跌明天跌停板""",1,10,2024
"""$新力金融(SH600318)$""",1,10,2024
"""新力尾盘有放量抢筹迹象，主力资金净流入2300多万，明天或将拉升""",1,10,2024
"""横久必跌[微笑]""",1,10,2024
"""没理由不涨""",1,10,2024
"""搞东搞西""",1,10,2024
"""九转信号！荣丰控股、新力金融、丸美股份出现触顶特征[24/01/10]""",1,10,2024
"""明天绝对是个卖点不管红还是绿色[笑哭]""",1,10,2024
"""线越好看，砸起来越厉害""",1,10,2024
"""利好消息来了！哪位高手分析一下吧""",1,10,2024
"""横盘了好几年了吧""",1,10,2024
"""这么多唱多""",1,10,2024
"""离地量越来越近了。快的话就在明后天。物极必反！梭哈，再次满了。""",1,10,2024
"""这个位置跌也到不了哪里去，大盘上攻就是机会""",1,10,2024
"""别人哭7天，新力红7日""",1,10,2024
"""明天大涨[主力][主力][主力][看多][看多][看多]""",1,10,2024
"""哈哈明天开盘7块，全部活埋""",1,10,2024
"""前几天我都是尾盘卖一点，第二天早上低吸做T，今天这走势，7.15全仓了，成本7块""",1,10,2024
"""换手和量都有，起不来是不是有雷啊……出了一天货。""",1,10,2024
"""网上说的好，拉尾盘都是主力没实力，拉尾盘可以不用花多大钱，而且还可以吸引散户接盘""",1,10,2024
"""繁花：高抛是为了低吸，第一波的损失要在第二波行情里报销回来，现在好了，他们拿到底""",1,10,2024
"""拉尾盘绝对不能买，隔天都是跌。""",1,10,2024
"""明天涨停""",1,10,2024
"""买入""",1,10,2024
"""新力金融今天复盘来了！""",1,10,2024
"""主力能在7-7.1这个位置玩20年""",1,10,2024
"""这走势真的太6了。""",1,10,2024
"""明后天涨停""",1,10,2024
"""小猪力根根，不板我就撤了""",1,10,2024
"""上压下托，等你们卖呢""",1,10,2024
"""留下发财""",1,10,2024
"""等13号以后吧，别急""",1,10,2024
"""放量不涨，走了，留下的各位发财[上涨]""",1,10,2024
"""疑似换zhuang ,大单翻飞，就是不涨""",1,10,2024
"""上揉下搓，可惜现在的人都是股东了，很难洗掉的""",1,10,2024
"""这个票感觉这几天会涨停板叁考000558走试""",1,10,2024
"""$新力金融(SH600318)$""",1,10,2024
"""全部是量化资金在买卖，没见几个散户单子""",1,10,2024
"""原神，启动""",1,10,2024
"""我算是开了眼了，今天供销社全涨，还有两个涨停的，或许是因为繁花大结局，里面宝说：""",1,10,2024
"""放量滞涨""",1,10,2024
"""个人观点，不喜勿喷2024.1.18""",1,10,2024
"""不涨放大量，非奸即盗""",1,10,2024
"""没得搞都散了吧，5分钟破位了，30分钟也破位了，还得继续往下洗盘。""",1,10,2024
"""怎么每次拉高都被砸，是融券的做的么，太猖狂了，大盘都被做空的干趴下了""",1,10,2024
"""全是假阳线，没有真正涨过一次""",1,10,2024
"""真不是东西。""",1,10,2024
"""垃圾股全部都是散户  收盘还得绿  我们拭目以待""",1,10,2024
"""洗不干净就别洗，直接下来让人割不是更好[滴汗]""",1,10,2024
"""卖了你补仓去呀""",1,10,2024
"""垃圾票，真啥也不是""",1,10,2024
"""这也太弱了吧。。。。。冲一下就是为了发套。""",1,10,2024
"""这种融卷的一周能发4次套""",1,10,2024
"""今天收盘不会又绿下来吧，天天都是长长的避雷线，明明供销社概念起飞，金融有华金""",1,10,2024
"""很纠结的股票因为它的概念很纠结供销社概念这个涨的时候是大盘很差的时候那大盘要是起""",1,10,2024
"""中农联合涨停了""",1,10,2024
"""这股逆大盘走势""",1,10,2024
"""撤""",1,10,2024
"""华金资本涨停板了""",1,10,2024
"""我又进来啦""",1,10,2024
"""咋还不如st股""",1,10,2024
"""华金版了""",1,10,2024
"""大盘好了，可以下来了""",1,10,2024
"""弱，一步三回头，说明筹码不够""",1,10,2024
"""低吸""",1,10,2024
"""你是供销社概念？""",1,10,2024
"""草，老子卖了就涨""",1,10,2024
"""今天的仓买完了，明天再来[鼓掌][吃瓜]""",1,10,2024
"""新力金融：融资净偿还120.13万元，融资余额2.65亿元（01-09）""",1,10,2024
"""垃圾""",1,10,2024
"""实盘及早研报20240110""",1,10,2024
"""密切关注，""",1,9,2024
"""新力金融600318长短期均线“粘合顺上↑”看多跟踪。""",1,9,2024
"""711，便利店还开起来了？""",1,9,2024
"""看看之前的分时走势，就知道这个主力是个什么样的东西了""",1,9,2024
"""这几天全是假阳，拉一下就出货，每天拉一下，诱多一下，如果真是做多，不会走成这个逼""",1,9,2024
"""明天下跌百分之五的可能，大盘暴跌""",1,9,2024
"""【1.9收盘指标分析】今天又是纠结行情从日线看，今天有点单针探底的意味！不过，我""",1,9,2024
"""明天又要埋一批""",1,9,2024
"""看走势，明天开始还要下去一波""",1,9,2024
"""明天闷杀。""",1,9,2024
"""又是一个高点？""",1,9,2024
"""这票这么抗跌，说明主力筹码丰厚呀""",1,9,2024
"""哪来的大哥你不慢慢建仓，两笔就扫1200万，股票不是这样玩的，你得学我一天买一点""",1,9,2024
"""满仓了，这走势得赌一把""",1,9,2024
"""我猜收盘7.11，现在做盘都是这么随心所欲了吗？""",1,9,2024
"""@@@@@我又回来了哈哈哈哈哈哈哈""",1,9,2024
"""两个8000多手是主力失误嘛，前一个卖飞后面买回来嘛？""",1,9,2024
"""还行吧""",1,9,2024
"""洗盘是医治我等小散为判断失误被套最好的心灵鸡汤。但没有一个小散包括我够胆说洗几天""",1,9,2024
"""金融开始动了？""",1,9,2024
"""完蛋了，快跑吧，""",1,9,2024
"""来一个套一个，反复诱多，就怕你不买""",1,9,2024
"""主力就怕你们走了，哈哈哈""",1,9,2024
"""别装了，赶紧下来吧""",1,9,2024
"""前几天大盘不好的时候诱多，主力挺高明的""",1,9,2024
"""诱多了几天，开始出货了""",1,9,2024
"""每天长长的上影线不是好事，此股继续阴跌中，远离此股！关注西安旅游，国联水产，徐家""",1,9,2024
"""$新力金融(SH600318)$""",1,9,2024
"""不错，再搞点这货""",1,9,2024
"""垃圾股，垃圾量化，垃圾狗1庄""",1,9,2024
"""快买啊，我要撤啦""",1,9,2024
"""大资金没参与现时谨慎观望为主""",1,9,2024
"""今天吃货完事，明天再吃[梭哈]""",1,9,2024
"""融券没偿还的那么多，还有三炮往里冲。""",1,9,2024
"""垃圾""",1,9,2024
"""应该会跌到6.7形成双底""",1,9,2024
"""$新力金融(SH600318)$""",1,9,2024
"""去年2月份3月份新闻来置顶，是何居心？""",1,9,2024
"""昨天谁羡慕在里面的？""",1,9,2024
"""挂竞价跌停那哥们呢？挂了吗？""",1,9,2024
"""新力金融：连续3日融资净买入累计1728.73万元（01-08）""",1,9,2024
"""实盘及早研报20240109""",1,9,2024
"""转发""",1,9,2024
"""这种好几天钓鱼线的，后市一定会大跌""",1,9,2024
"""【客观看新力金融】技术上分析：上周四、周五、今天都留下的是长上影线！股价在日线支""",1,8,2024
"""7.20跑了""",1,8,2024
"""完美形态起飞""",1,8,2024
"""小心星期五干到八块""",1,8,2024
"""这么多钓鱼线""",1,8,2024
"""洗盘还是？？？""",1,8,2024
"""明天继续跌""",1,8,2024
"""牛逼，主力都让散户给埋了""",1,8,2024
"""7.16已清""",1,8,2024
"""三炷香，有意思，清仓处理""",1,8,2024
"""距上次重组两周年""",1,8,2024
"""同志们冲鸭冲鸭冲鸭！！！""",1,8,2024
"""大单卖出那么多了，有啥利空消息隐藏""",1,8,2024
"""国元投资""",1,8,2024
"""大金融需要发力了，伙计""",1,8,2024
"""撤了""",1,8,2024
"""一触即发，随时涨停""",1,8,2024
"""揉搓完成！""",1,8,2024
"""卖在最低点，亏了四个多点，什么玩意！""",1,8,2024
"""都别那么激动和亢奋，你们看看板块，新力在里面算了，在没拉出涨停板站住趋势以前""",1,8,2024
"""总感觉这家伙要一波拉上去，是的只是感觉而已""",1,8,2024
"""一天到晚上影线[哭][哭]""",1,8,2024
"""兴业在前，小心点""",1,8,2024
"""不要涨不要涨起来，我仓位还没建完，坚持住再跌三个月，拜托了各位[拜神]""",1,8,2024
"""牛B[大笑]""",1,8,2024
"""今天能7.12收盘吗？""",1,8,2024
"""请问贵公司有没有房屋租赁业务？""",1,29,2024
"""抗跌，不好啊[滴汗]""",1,8,2024
"""下午补跌""",1,8,2024
"""南宁人来的时候知道我是谁了吧""",1,8,2024
"""还有人说一字板，呵呵。""",1,8,2024
"""这票要突破了""",1,8,2024
"""吃货吃的明目张胆""",1,8,2024
"""又在底部吃了今天的筹码，完成今天的建仓了""",1,8,2024
"""一涨就下套，唉""",1,8,2024
"""300w就低开了？一点抵抗力没有靠今天跌停""",1,8,2024
"""V型反转，积极准备反攻，一月十八日复盘（世纪华通，新力金融）""",1,8,2024
"""今天全被埋宝子们""",1,8,2024
"""涨不停""",1,8,2024
"""7.89，8.68别问为什么""",1,7,2024
"""高开涨停""",1,7,2024
"""今天唱空的好多呀，明天稳了，必涨停！！！""",1,7,2024
"""明天跌停""",1,7,2024
"""专心做好小东子哦""",1,7,2024
"""又是漫长的过程""",1,7,2024
"""明天又开始低吸建仓了，好无聊啊每天都吃，要三个月建完仓，希望明天给打出个低点，[""",1,7,2024
"""新力金融本周融资净买入328.39万元，居多元金融板块第四""",1,7,2024
"""周一看集合竞价就知道了 不要被忽悠的产生幻想""",1,7,2024
"""三个涨停""",1,7,2024
"""融券增加了，谨慎，每次融券增加，都是为了砸盘。""",1,7,2024
"""那些踏空了的自己看清楚有这次国家大力支持的房屋租赁资质。资金踏空了跑来和上次游戏""",1,7,2024
"""转发""",1,6,2024
"""如果有一天我也做成小柚子了，第一个砸的就是催收…所有赚的钱亏空也无所谓！2024""",1,6,2024
"""周一直接低开一泡尿浇醒幻想利好的""",1,6,2024
"""这家伙是跟风华金资本的，。。。。。""",1,6,2024
"""周一但愿少跌点，让我跑出来""",1,6,2024
"""关于金融公司管理办法征求意见，和游戏那个管理办法不一样，这个属于长期利好。目前征""",1,6,2024
"""10块钱[捂脸][捂脸][捂脸]""",1,6,2024
"""支持商业银行，金融机构大力发放贷款，这几条足够周一，一字板了吧！""",1,6,2024
"""新力金融：融资净买入910万元，融资余额2.58亿元（01-05）""",1,6,2024
"""$新力金融(SH600318)$""",1,5,2024
"""金融租赁要改革""",1,5,2024
"""完蛋了，周一跌停""",1,5,2024
"""每次人气一高就会往下杀，就不能偷偷的一点一点涨？闷声发大财[旺柴]""",1,5,2024
"""这么辣椒为啥人气这么高[旺柴][旺柴]""",1,5,2024
"""周一顺子[围观]""",1,5,2024
"""没有打到7.12，差评，下周危险了""",1,5,2024
"""$新力金融(SH600318)$""",1,5,2024
"""这走势，下周难了""",1,5,2024
"""$新力金融(SH600318)$""",1,5,2024
"""这几手几手的砸，散户永远玩不过量化""",1,5,2024
"""下周一100%补跌，等着瞧吧""",1,5,2024
"""保本要紧，其他的都是虚的""",1,5,2024
"""收盘7.12，懂得都懂""",1,5,2024
"""[赞]""",1,5,2024
"""欢迎散户接盘站岗""",1,5,2024
"""看不到下面有人买了，就拉一下。有挂单就卖，牛""",1,5,2024
"""买了70个W希望明天吃鸡""",1,5,2024
"""$新力金融(SH600318)$""",1,5,2024
"""老庄不想涨，游资也无奈[怒]""",1,5,2024
"""$新力金融(SH600318)$""",1,5,2024
"""给你们机会跑，你们不跑""",1,5,2024
"""$新力金融(SH600318)$""",1,5,2024
"""主力居然骗我[呲牙]""",1,5,2024
"""谨慎一点没坏处。""",1,5,2024
"""新力技术面确实不错，但业绩连续亏损，还是远离之""",1,5,2024
"""清仓，2600见""",1,5,2024
"""抛压极大！""",1,5,2024
"""2885""",1,5,2024
"""银行在起飞，一旦拉起来，金融先行，可能要来一波大的机会了。（整个大盘都是）""",1,5,2024
"""三天两头上影线[哭]""",1,5,2024
"""我去，这垃圾股什么情况啊，怎么追进来就被套了，已经亏三个点""",1,5,2024
"""7.43高处不胜寒啊[哭][哭][哭]""",1,5,2024
"""拉高出货，谨慎抄底""",1,5,2024
"""就是弱了点。其他都还好[想一下]""",1,5,2024
"""谨慎一点没坏处。""",1,5,2024
"""去年年初炒的金融高股息类，这股业绩增长17倍""",1,5,2024
"""[赞]""",1,5,2024
"""这操作可能是我这两年最牛逼的一次了[滴汗][滴汗]""",1,5,2024
"""虽然进场个拿了最低点，但是很不开心，我喜欢他天天跌的那种，这后面几个月的建仓都是""",1,5,2024
"""6.7减了半仓不然7.4回本了，现在8的本出不出你们说""",1,5,2024
"""缺我这么点钱？卖了就拉直线？[摊手]""",1,5,2024
"""漂亮""",1,5,2024
"""银行保险飙起来了，多元金融跟进。""",1,5,2024
"""698干200手""",1,5,2024
"""怎么样，7元一下了吧，小狗子们""",1,5,2024
"""这个票真没意思""",1,5,2024
"""fei物群体太多，主力还要震仓，而且估计业绩不理想，fei物群体不停买，把主力逼""",1,5,2024
"""五块见""",1,5,2024
"""$新力金融(SH600318)$""",1,5,2024
"""雅文进场无人能挡，低吸开始了，每天的低点都吃点，先吃三个月建个底仓，放长线钓大鱼""",1,5,2024
"""换过来这边继续跌，刚刚换过来那边就升了，这老师是不是割会员韭菜啊，不换还没这么惨""",1,5,2024
"""一大早挂着6.88元，60天和半年线的支撑位等着，赶紧下来给成交，不然看不起你！""",1,5,2024
"""这是在蹦哒什么""",1,5,2024
"""今天该跌了，7元以下""",1,5,2024
"""大概率吃面""",1,5,2024
"""新力金融：融资净买入15.26万元，融资余额2.49亿元（01-04）""",1,5,2024
"""尾盘买了点""",1,4,2024
"""多元金融来了！""",1,4,2024
"""还没有下手呢，在跌下来就进了，观望中[得意]""",1,4,2024
"""蚂蚁金服己满足上市条件（无实际控制人），或迎来大爆发[大笑][大笑]""",1,4,2024
"""密密麻麻的上影线[大笑]""",1,4,2024
"""【】本人12月初进来新力金融，前面赚钱出来，12月底亏损出来，总体小赚。明天企稳""",1,4,2024
"""明天一字板，齐前高7.83""",1,4,2024
"""明天一字板，齐前高7.83""",1,4,2024
"""这么鸡！！！！！！！[怒][怒][怒][怒][怒][怒][怒][怒][怒][""",1,4,2024
"""今天准备加仓！没办法被套了！""",1,4,2024
"""走了，兄弟们，太弱了[哈欠]祝留下的兄弟发财""",1,4,2024
"""供销社控股的最具重组潜力股，你却不涨，没节操啊。""",1,4,2024
"""供销社有什么利好啊？抄的莫名其妙啊！""",1,4,2024
"""板块涨了三个多点了""",1,4,2024
"""异军突起""",1,4,2024
"""全部梭哈，等着""",1,4,2024
"""垃圾怎么变凤凰""",1,4,2024
"""这个位置补仓吗？""",1,4,2024
"""好风凭借力，送你上青云。""",1,4,2024
"""被动跟供销社没用，6元附近等你""",1,4,2024
"""新力在等春风""",1,4,2024
"""天鹅牛逼""",1,4,2024
"""怎么竞价就跌停呢[撇嘴]""",1,4,2024
"""板了[旺柴]""",1,4,2024
"""新力金融：连续4日融资净偿还累计1856.19万元（01-03）""",1,4,2024
"""冲鸭！！！""",1,3,2024
"""速速撤退！""",1,3,2024
"""全阳起爆！""",1,3,2024
"""[买入][买入][买入][买入][涨停]""",1,3,2024
"""游戏股的极端交易机会！极端暴跌时候就是最好极端交易时机！""",1,3,2024
"""期待二八转换，加油干""",1,3,2024
"""新力金融：连续3日融资净偿还累计1523.89万元（01-02）""",1,3,2024
"""跌停跌停""",1,2,2024
"""歹毒的量化交易""",1,2,2024
"""结构上有回踩""",1,2,2024
"""亏了10个点了，咋办啊""",1,2,2024
"""新力原籍巢湖，祖传钓鱼小技，看看都是钓鱼线""",1,2,2024
"""这傻东西有啥业务""",1,2,2024
"""又来直线拉升？""",1,2,2024
"""新年希望回本回本""",1,2,2024
"""随时准备着，感觉要涨停""",1,2,2024
"""新年愿望发财发财发财""",1,2,2024
"""新型城镇化第一股新力金融，坐稳出发了""",1,1,2024
"""2024保佑我天天吃大肉""",12,31,2023
"""横盘的时间不短了，什么时候动呢？还是再挖个金坑？韭菜如果继续死扛，不交出筹码，那""",12,31,2023
"""散户喜欢的股""",12,30,2023
"""价值投机的案例！//@蛰伏SJ :歌尔新的趋势形成了吗？！最悲观的时刻就是最好的""",12,30,2023
"""2024全力突击！""",12,30,2023
"""东方财富APP搜“年账单”，解锁你的2023年投资成就~""",12,30,2023
"""东方财富APP搜“年账单”，解锁你的2023年投资成就~""",12,29,2023
"""东方财富APP搜“年账单”，解锁你的2023年投资成就~""",12,29,2023
"""东方财富APP搜“年账单”，解锁你的2023年投资成就~""",12,29,2023
"""东方财富APP搜“年账单”，解锁你的2023年投资成就~""",12,29,2023
"""东方财富APP搜“年账单”，解锁你的2023年投资成就~""",12,29,2023
"""能不能起来做一下板块龙""",12,29,2023
"""真，这么好的行情还在压盘""",12,29,2023
"""做波段，挣小钱为主""",12,29,2023
"""转发""",12,29,2023
"""主力自唱自演""",12,29,2023
"""量化交易收割忙不停""",12,29,2023
"""6.88或者6.66能否给一个机会""",12,29,2023
"""每次都觉得这次不一样，然后每一次都一样；每当你的大脑越是想冲动的时候，往往是危机""",12,29,2023
"""怎么那么多问题问""",12,29,2023
"""这种票就是寄生虫""",12,29,2023
"""每天都是这个走势，早盘拉高，然后开始出货""",12,29,2023
"""我跑了，你涨吧""",12,29,2023
"""券商不起，无望""",12,29,2023
"""请问公司在助力“三农”，围绕支农、助农、富农、惠农“服务为农”方面如何开展工作的""",1,29,2023
"""新力金融：融资净偿还1025万元，融资余额2.57亿元（12-28）""",12,29,2023
"""没有利好的上涨是最好的""",12,29,2023
"""问个头""",12,29,2023
"""这市场有无利好无所谓了，有利好也是套""",12,29,2023
"""明天要跌？""",12,28,2023
"""新力金融：公司暂不涉及数据要素""",12,28,2023
"""还好次高位走了！一晚上就净发些没用营养的回复，就知道你这niao性十足。""",12,28,2023
"""有好消息吗？""",12,28,2023
"""新力金融(600318.SH)：公司暂无创投业务""",12,28,2023
"""新力金融(600318.SH)：暂无资产管理部门""",12,28,2023
"""新力金融(600318.SH)：与际华集团无合作""",12,28,2023
"""新力金融(600318.SH)：融资租赁客户暂无北交所上市公司""",12,28,2023
"""新力金融(600318.SH)：暂无算力方面的相关业务""",12,28,2023
"""央行：加大已出台货币政策实施力度维护金融市场稳定发展""",12,28,2023
"""被你洗出去了哎""",12,28,2023
"""嘛意思？不想张不让涨呗，明天割肉走""",12,28,2023
"""新力金融(600318.SH)：暂不涉及金融数据要素领域""",12,28,2023
"""啥也不是[惨!关灯吃面][旺柴]""",12,28,2023
"""新力金融：公司暂无成立私募投资基金计划""",12,28,2023
"""新力金融：公司融资租赁客户暂无北交所上市公司""",12,28,2023
"""新力金融：公司暂无资产管理部门""",12,28,2023
"""新力金融：公司与际华集团无合作""",12,28,2023
"""新力金融：公司暂无算力方面的相关业务""",12,28,2023
"""新力金融：公司暂无创投业务""",12,28,2023
"""新力金融：公司暂不涉及金融数据要素领域""",12,28,2023
"""涨的可以今天""",12,28,2023
"""删掉再也不见""",12,28,2023
"""换股吧，这里没意义了""",12,28,2023
"""去光伏""",12,28,2023
"""主力怎么出货了？""",12,28,2023
"""9块本，大家进来给我抬轿子呀""",12,28,2023
"""转发""",12,28,2023
"""请问截止12月20日公司股东人数是多少?""",12,28,2023
"""都说慢涨不卖票，我去你大爷被洗下车了""",12,28,2023
"""赶紧清仓处理""",12,28,2023
"""这么好的机会怎么没人买""",12,28,2023
"""散户群体真是，涨了就买跌了就卖，白吃""",12,28,2023
"""今天必涨停""",12,28,2023
"""又和昨天一样，进来的资金都出了，估计在做T""",12,28,2023
"""同花顺都超过了！""",12,28,2023
"""无量""",12,28,2023
"""今天必须是涨停板[火箭]""",12,28,2023
"""没量不要追""",12,28,2023
"""嘻嘻，感谢新力""",12,28,2023
"""看那些人无脑唱多，我就allin了[俏皮]，回本路漫漫""",12,28,2023
"""真拉稀""",12,28,2023
"""涨停的走势""",12,28,2023
"""还好7.18跑了，小赚好过挨套，太恶心了""",12,28,2023
"""又是量化交易""",12,28,2023
"""7.08补仓""",12,28,2023
"""张婷在等你""",12,28,2023
"""不错好好好好好好好好好好好好好好好好好好好好好好好好好好好好好好好好好好好好好好""",12,28,2023
"""新力金融，新质生产力之“新力“，金融强国之“金融“。你都占了。是不是真正跨年大瑶""",12,28,2023
"""某明网昨天刊文，阐述“新质生产力”相关话题。新力，是否有一波跨年“力“。""",12,28,2023
"""新力金融：连续3日融资净买入累计540.59万元（12-27）""",12,28,2023
"""希望涨吧，盈利18没走，相信它不止这点，加油""",12,27,2023
"""晚上吃大餐，小猪力多谢""",12,27,2023
"""，卖""",12,27,2023
"""补点，涨跌随意！""",12,27,2023
"""千算万算，还是买高了""",12,27,2023
"""没有量了，先清仓，尾盘绿了在回来。。""",12,27,2023
"""华鑫马上涨停封板""",12,27,2023
"""涨停回马枪""",12,27,2023
"""看样子是不是要涨停吗？""",12,27,2023
"""老龙死新龙升妖股会从新的股票里面出来拿住了，""",12,27,2023
"""金刚光伏进""",12,27,2023
"""新力金融：青龙取水成功""",12,27,2023
"""沃日，我解套有望了？还套15个点""",12,27,2023
"""666""",12,27,2023
"""亏了四个多点了，受不了了""",12,27,2023
"""券商太反弹了，新力不会远了""",12,27,2023
"""墨迹""",12,27,2023
"""今天吓我一跳，还以为要涨停开盘，我设置的条件单，涨停价自动打进，不涨停不成交""",12,27,2023
"""如果你不能容忍20%的微跌，你就会错过1%的暴涨[大笑]""",12,27,2023
"""谢谢，蚊子腿也是肉""",12,27,2023
"""垃圾天开天高、一路往下走[哭]""",12,27,2023
"""集合竞价这样，今天是要涨停吗？真好[大笑]""",12,27,2023
"""20分之后才是真的，其他均为诱多""",12,27,2023
"""新力金融：融资净买入46.59万元，融资余额2.66亿元（12-26）""",12,27,2023
"""连续亏十五个点了""",12,26,2023
"""真坤巴垃圾""",12,26,2023
"""垃圾""",12,26,2023
"""啥时候到底部，啥时候买，毕竟这股带融券""",12,26,2023
"""诈骗""",12,26,2023
"""都担心买空，主力也想到了，所以往死里跌""",12,26,2023
"""不进来将再也追不上！""",12,26,2023
"""一触即发""",12,26,2023
"""老铁们，小猪力根根们，我又来了""",12,26,2023
"""趋势已经蹦了""",12,26,2023
"""海螺水泥已宣布减持，股价还得跌""",12,26,2023
"""就怕突然的爆发，跌的这么久，还能坏到哪里""",12,26,2023
"""短期抛压释放得差不多了""",12,26,2023
"""涨就涨2分，跌就跌2毛，好（辣）股（鸡）""",12,26,2023
"""白吃群体天天买入，能不跌吗""",12,26,2023
"""这是要补跌了吗？这么惨""",12,26,2023
"""tama的涨的时候跟浓一样，跌的时候跟瀑布一样""",12,26,2023
"""飞舞东西""",12,26,2023
"""坐等5块""",12,26,2023
"""利用年线诱多，大家小心""",12,26,2023
"""有个小反弹记得先出来""",12,26,2023
"""七块以下都值得买""",12,26,2023
"""新力金融：融资净买入302.5万元，融资余额2.65亿元（12-25）""",12,26,2023
"""感觉要涨停的节奏…""",12,25,2023
"""新力金融：董事长兼总经理孟庆立增持5000股""",12,25,2023
"""新力金融(600318.SH)部分董监高及控股子公司经营层人员完成增持10.83万股""",12,25,2023
"""新力金融(600318.SH)：部分董监高及控股子公司经营层人员累计增持10.83万股""",12,25,2023
"""新力金融:安徽新力金融股份有限公司关于公司部分董监高人员及控股子公司经营层人员增持公司股份完成的公告""",12,25,2023
"""买，梳哈。""",12,25,2023
"""谁会买下他呢？开始押宝了。""",12,25,2023
"""仁东已跌停，你在等什么！""",12,25,2023
"""有毛病吧，拉这么一点点海回落，天天如此，拉上去就守不住，""",12,25,2023
"""只有更低没有最低""",12,25,2023
"""大家别灰心，市场只有报团取暖。攻上去才能有希望。我百利电气被洗下来了，新力加油冲""",12,25,2023
"""三季度中信和高盛进来干嘛""",12,25,2023
"""赚钱的机会来了[财力][财力][财力]""",12,25,2023
"""跨年牛来了""",12,25,2023
"""请问董秘，公司是否参与竞拍""",12,25,2023
"""金融稳定法出台会对贵司产生什么影响？贵司能为金融稳定做什么实际行动？""",12,28,2023
"""高盛对中国经济充满信心，请问高盛为何清空贵司股票？""",12,28,2023
"""就差我那几手""",12,25,2023
"""谁在控盘？""",12,25,2023
"""6.86""",12,25,2023
"""这票真的出生，不涨就算了，每天还故意拉高一下诱多，纯纯割韭菜""",12,25,2023
"""新力金融本周融资净偿还3648.71万元，居多元金融板块第一""",12,24,2023
"""新力，新力，新质生产力。""",12,24,2023
"""明天总该上涨了吧，一根大阳线！""",12,24,2023
"""预测 这波到底时间  参考 ！""",12,23,2023
"""新力金融：连续5日融资净偿还累计3648.71万元（12-22）""",12,23,2023
"""没细看这票是带融券的，星期一卖完走人""",12,22,2023
"""蹲下以为你要跳起来，谁知道你还趴下了，周一喝罐红牛看你表现…""",12,22,2023
"""供销社跌你也跟，游戏股跌你也跟，""",12,22,2023
"""趋势走坏了，别想了。""",12,22,2023
"""股票不要舍不得卖，也不要不敢买，该买就买，该卖就卖。""",12,22,2023
"""请问董秘你认为贵司对统一大市场有什么贡献？""",12,28,2023
"""新力金融也不是做游戏的，怎么跌这么厉害？""",12,22,2023
"""亏4个点了，怎么办啊，兄弟们""",12,22,2023
"""近期都是买没有融资融券，结果搞了这只，真是一次教训，再见，删自选""",12,22,2023
"""真""",12,22,2023
"""彻底走坏了，本来赚钱的股没跑，太惨了""",12,22,2023
"""这主力真恶心，服气了，赚十几个点没走，几天时间好好的指标就搞成这样，还倒亏了""",12,22,2023
"""恶心麻麻抱着恶心哭""",12,22,2023
"""无趣""",12,22,2023
"""留了一点，6.2本，到6.2再满吧""",12,22,2023
"""好像是某名字中建开头的公司将名为国元某公司股权拍卖，新力也是小股东，会不会买，有""",12,22,2023
"""垃圾""",12,22,2023
"""看线线也危险啊""",12,22,2023
"""回踩6.7补仓""",12,22,2023
"""叫你们卖，不信""",12,22,2023
"""我又来了[得意]，看多[偷笑]""",12,22,2023
"""太恶毒了吧""",12,22,2023
"""要跌到年底了""",12,22,2023
"""还好卖的早，元旦后再买点""",12,22,2023
"""好，跌停抄底""",12,22,2023
"""认栽出局""",12,22,2023
"""内裤都洗掉色了""",12,22,2023
"""这玩意没涨过，却天天倒数，真的废""",12,22,2023
"""涨两毛钱难过登天""",12,22,2023
"""今天游资跑路了""",12,22,2023
"""这只没救了，板块大盘都拉，它在出货，还在融券做空，不然做空的就亏了""",12,22,2023
"""洗盘""",12,22,2023
"""这只天天资金流出，看来是融券的在砸，跌倒数，大盘红它没反应""",12,22,2023
"""唉，果然走势，在这里磨了，等到5日线下来，从新站上去，才能有行情了""",12,22,2023
"""香溢融通很强势今，我的分析是新力应该比他有爆发力，为啥软弱？逻辑不应该错的""",12,22,2023
"""一个一个点的小反弹，就能忽悠进一批人在这里嗨涨""",12,22,2023
"""昨天买的华映都拉起来了，你太拉垮了""",12,22,2023
"""呵呵""",12,22,2023
"""新力金融：连续4日融资净偿还累计2852.77万元（12-21）""",12,22,2023
"""国资大涨有利于化解地方债吧…""",12,22,2023
"""我就差一个涨停解脱""",12,22,2023
"""很快升到8""",12,22,2023
"""今天按昨晚计划7.37进了华通线缆，3.99补了飞利信，4.59进了华平股份，1""",12,21,2023
"""我觉得这股被玩坏了，各种抄底晒单，各种唱多涨停，居然还有人说要走7连板，废了废了""",12,21,2023
"""极端交易的魅力！""",12,21,2023
"""砍掉3分之二，尾盘买入音飞存储，国脉文化""",12,21,2023
"""狗肉""",12,21,2023
"""比仁东控股差了不少…""",12,21,2023
"""弱反弹，太拉夸了，跑路了，真菜""",12,21,2023
"""牛股不破20日线""",12,21,2023
"""弱反弹，还没量，毫无做多意愿，估计还得震荡。""",12,21,2023
"""谢谢小猪力的大鸡腿""",12,21,2023
"""漂亮的国企线…""",12,21,2023
"""阳包阴麦""",12,21,2023
"""射一个""",12,21,2023
"""终于止跌了，不知道大盘能挺几天，2600点迹象！""",12,21,2023
"""7.12""",12,21,2023
"""酒还是要酿久一点，慢慢发酵，好酒要等""",12,21,2023
"""仁东的小弟这一波。""",12,21,2023
"""起飞""",12,21,2023
"""已满仓待飞…""",12,21,2023
"""大盘反弹需要大金融，今天可以抄底整点""",12,21,2023
"""赶紧的啊，还在装不行。你是这波供销社概念龙头，今天必然一根直线拉起来""",12,21,2023
"""服气，没法玩""",12,21,2023
"""曲线救市，北向急跳，富人们正在忙着补仓，还有一波急跳，咱们有机会了…""",12,21,2023
"""今天要是到 6.86不动 就是真的到达底部了 ！""",12,21,2023
"""2800守不住""",12,21,2023
"""已经破位了，还在幻想着反弹""",12,21,2023
"""冲""",12,21,2023
"""牛掰直接跌停板""",12,21,2023
"""今天反弹""",12,21,2023
"""今天供销社概念起飞，拉个板，抢龙头吗。""",12,21,2023
"""7.42还在补仓，现在已经破位了，这票到6是底""",12,21,2023
"""发现这只有人一直融券做空，只要大涨日必融券卖空，回调再买回还券""",12,21,2023
"""新力金融：连续3日融资净偿还累计2382.03万元（12-20）""",12,21,2023
"""今天涨五个点以上""",12,21,2023
"""股吧里好多拖啊""",12,21,2023
"""全在臆想[大笑][大笑][大笑]""",12,21,2023
"""明天回踩今天低点6.99不破，然后快速拉起收大阳！研究了半天，确定明天应该是个反""",12,20,2023
"""明天操作计划：6.8左右买进新力金融，3.95左右补仓飞利信，10.9左右买东风""",12,20,2023
"""亏了我0.06元。悲！""",12,20,2023
"""唉，亏的我头疼，早上买逻辑是对的，没想到大盘这么差。期待明天反包了""",12,20,2023
"""明天跌到6.8左右大胆捡筹码，捡到就是赚到。""",12,20,2023
"""这个吧里托真多，都走成这熊样了，还一起喊多，把散户都当成了。""",12,20,2023
"""各位加满仓，哥明天拉个板，让大家过个好元旦！""",12,20,2023
"""卖了，一个个干劲冲天的，还会有一次急跌。走着瞧。""",12,20,2023
"""补早了[怒][怒]""",12,20,2023
"""明天该报复性拉板了…""",12,20,2023
"""买买买，兄弟们和庄拼了，尾盘抄底的资金不少，明后天大阳反包可以期待！""",12,20,2023
"""Gzz，算你狠，割肉走了，明天破2900跌停板再回来[怒]""",12,20,2023
"""差评，还以为5个点""",12,20,2023
"""今天金融杀的狠啊。""",12,20,2023
"""这个价位，你买不了吃亏买不了上当，买到就是赚到。除非大盘去2800，否则明后天大""",12,20,2023
"""不信邪的还有谁，就看你走不走，不走继续亏损""",12,20,2023
"""一买就被套住了，md，希望明天早盘有个反弹吧，多元金融板块很难了，这个票有供销社""",12,20,2023
"""胆大吃肉，胆小，加仓涨停板[怒]""",12,20,2023
"""加仓加仓""",12,20,2023
"""从7.83元到7.04元只能说第一波调整已经完成，但有可能还会来第二波下跌，这样""",12,20,2023
"""目测马上一根直线拉起来""",12,20,2023
"""月线非常好。""",12,20,2023
"""【】对新力金融的个人操作思路我是昨天进来了一部分，昨天收盘是盈利的。今天跌下来又""",12,20,2023
"""跌成这样了了你们准备什么价买""",12,20,2023
"""时刻准备着！机会已悄然临近！""",12,20,2023
"""请了好多托哦""",12,20,2023
"""这么多买的啊，有的好折腾了，庄家想抬也抬不动了""",12,20,2023
"""买""",12,20,2023
"""赶紧买新力金融，要大涨里，马上立刻3个涨停，立帖为证""",12,20,2023
"""下午要反弹下才好。""",12,20,2023
"""相信个股""",12,20,2023
"""不错""",12,20,2023
"""破7必入""",12,20,2023
"""有没有可能性下午破7""",12,20,2023
"""7.99给你""",12,20,2023
"""新力金融，坐等拉升大反攻！""",12,20,2023
"""今天买入，不香吗？""",12,20,2023
"""买了你这个月白玩了[捂脸]""",12,20,2023
"""前天让走，不信的打脸了吗""",12,20,2023
"""以后不能追高了，隆哥对情绪把握不到位，隆哥擅长的是低吸，那就干低吸的事，今天低吸""",12,20,2023
"""随便砸我就不卖""",12,20,2023
"""观察了一周了，早上最后一洗，满仓进，等吃肉""",12,20,2023
"""不是证券跟着证券跌[大笑]""",12,20,2023
"""涨停还有吗，昨天谁说涨停的""",12,20,2023
"""我不卖""",12,20,2023
"""+++++++""",12,20,2023
"""盘的差不多就行了，再盘就加入""",12,20,2023
"""怎么天天跌？""",12,20,2023
"""[拜神][拜神][拜神]""",12,20,2023
"""新力金融：融资净偿还771.68万元，融资余额2.85亿元（12-19）""",12,20,2023
"""明天是不是又该发套子了，冲高回落高开低走""",12,20,2023
"""明天要涨停了""",12,19,2023
"""现在的行情真难做，只能玩超短了，第二天不管赚多少就得跑。""",12,19,2023
"""首创信达跌停，明天大跌吗""",12,19,2023
"""大盘目前看还没有止跌""",12,19,2023
"""明天回到6.9腰线震荡看后事，大盘还没起就顺势往下跌，大盘震荡稳住就拉一下下稳盘""",12,19,2023
"""拉萨军团，家人们，在做t""",12,19,2023
"""明天冲高我就跑，主力给个机会""",12,19,2023
"""散户集中营？""",12,19,2023
"""明天终于可向上了""",12,19,2023
"""明天涨停8.02…""",12,19,2023
"""融资盘爆仓掉了，明天从头再来[捂脸][捂脸][捂脸]""",12,19,2023
"""大家说这个尾盘拉的怎么样，腿子长不长，总感觉这个腿露的心不甘情不愿，明天如果有个""",12,19,2023
"""首创证券那个主力啊，把我融资盘打爆仓躺下了[哭][哭][哭][拜神][拜神""",12,19,2023
"""赶紧收完盘明天继续跌""",12,19,2023
"""我最可怜的散户啊，我已爆仓解脱，你们迟早也到来[拜神][拜神][拜神]""",12,19,2023
"""能收回不""",12,19,2023
"""我已爆仓，你们想怎么上都行了[哭][哭][哭][拜神][拜神][拜神]""",12,19,2023
"""$新力金融(SH600318)$""",12,19,2023
"""我又来了[得意]""",12,19,2023
"""讨论区的小作文比东方甄选的还敢说。""",12,19,2023
"""加油干，下午翻红大长腿，明天重拾升势""",12,19,2023
"""大盘红了，你还在等什么，给老子红""",12,19,2023
"""破位诱空，下午指数共振，这周挑战888线""",12,19,2023
"""主力没格局，是因为散户太有格局了，格局的吧主力出的货全都格局了""",12,19,2023
"""恒银科技""",12,19,2023
"""保证资金安全是第一位的！""",12,19,2023
"""没意思，走了""",12,19,2023
"""撤退，祝留下来的同志们好运！""",12,19,2023
"""你好，请问公司怎样看国家出台的建设统一大市场，谢谢！""",12,28,2023
"""太弱太弱了""",12,19,2023
"""庄太弱了""",12,19,2023
"""彻底凉了，暴跌开始""",12,19,2023
"""今天的大市场的利好完全没有用啊，下午能探底回升吗？""",12,19,2023
"""速度撤，庄家已跑""",12,19,2023
"""快撤，速度撤""",12,19,2023
"""下跌趋势出来了，撤""",12,19,2023
"""加餐干了战友们""",12,19,2023
"""跌破五日线，先走了""",12,19,2023
"""7.43收盘""",12,19,2023
"""新力金融：融资净偿还552.98万元，融资余额2.93亿元（12-18）""",12,19,2023
"""趋势很好，耐心等待""",12,18,2023
"""$新力金融(SH600318)$""",12,18,2023
"""出利好了，明天能不能来个反包大阳，即使不能，起码收个十字星，止跌企稳，后天敢不敢""",12,18,2023
"""赚1万没走，亏4000走了。太烦人了，看你能跌到哪里。""",12,18,2023
"""今天晚上很安静，说不定明天可以止跌，收个十字星，但愿[拜神][拜神][拜神]""",12,18,2023
"""今天尾盘加仓三成，还是那话，不涨停不走！""",12,18,2023
"""明天挂6.98接点玩一玩""",12,18,2023
"""新力金融:安徽新力金融股份有限公司2023年第二次临时股东大会决议公告""",12,18,2023
"""新力金融:安徽承义律师事务所关于安徽新力金融股份有限公司2023年第二次临时股东大会的法律意见书""",12,18,2023
"""进攻""",12,18,2023
"""买了，还是买了，要是能坚持到星期五就坚持到星期五。""",12,18,2023
"""大盘没有企稳，明天还要向下，新力明天也一样，放弃幻想[下跌][叹气]""",12,18,2023
"""今天在7.42买了明天出得来吗""",12,18,2023
"""家人们最后的上车机会，神奇2点半马上开始。""",12,18,2023
"""神奇俩点半""",12,18,2023
"""始终在20线等你，加油""",12,18,2023
"""已经算善庄了，给了很多机会逃，再不逃只能怪自己""",12,18,2023
"""重组了重组了""",12,18,2023
"""冬至过后再来…""",12,18,2023
"""收盘还未站上5日线的话趋势就变了""",12,18,2023
"""今天开会，会有什么事情""",12,18,2023
"""下午继续跌""",12,18,2023
"""有本事跌停，我全仓入""",12,18,2023
"""请砸盘谢谢""",12,18,2023
"""新力交出筹码我走了""",12,18,2023
"""该涨不涨，必有大坑""",12,18,2023
"""庄家筹码还没吸够还得跌""",12,18,2023
"""7.25-7.30加仓，快走完了""",12,18,2023
"""根本买不完""",12,18,2023
"""老铁，我又来了[得意]""",12,18,2023
"""兄弟们不要急，我把上星期五上车的洗走就拉升。""",12,18,2023
"""，给老子来起来""",12,18,2023
"""调仓调仓，这个今天是不行了""",12,18,2023
"""拉高横盘出货""",12,18,2023
"""这周没得救了""",12,18,2023
"""今天够呛""",12,18,2023
"""兄弟们满上冲冲冲""",12,18,2023
"""大盘恢复了。要补跌了""",12,18,2023
"""完犊子了，快跑""",12,18,2023
"""散户 就是反向指标""",12,18,2023
"""不行了  走对了""",12,18,2023
"""你好，请问公司是否有数据要素，谢谢""",12,28,2023
"""今日计划…低吸""",12,18,2023
"""明天会涨价""",12,18,2023
"""认真思考了一下，下周大盘破2900，这股走独立行情可能性不大，大概率还是要跌回7""",12,17,2023
"""上周五，走了，不知道对不对啊，希望能下来给我个上车的机会。""",12,17,2023
"""这个股18号开什么会谁知道。""",12,17,2023
"""明天敢不敢拉个板？""",12,17,2023
"""新力金融本周融资净买入2768.94万元，居多元金融板块第一""",12,17,2023
"""散户反向指标大家了解一下""",12,17,2023
"""$新力金融(SH600318)$""",12,17,2023
"""现在为了提振信心，应该重组大概率都能通过""",12,17,2023
"""以前重组都失败了，希望这次成功，成为妖股！""",12,17,2023
"""周一高开，就有可能涨停！低开就要洗盘了，快跑！""",12,17,2023
"""新力和国元证券重组快落地了""",12,17,2023
"""人民币升值，利好金融吗？""",12,17,2023
"""底部量价齐升还是那句话；熬过了熊市大部分阶段，就千万不要倒在熊市的“最后一公里”""",12,17,2023
"""周一打十线洗盘，然后涨停！""",12,17,2023
"""交投活跃，看涨""",12,16,2023
"""如果新力金融签约董宇辉注册丈母娘甄选，进军电商业直播带货。股价会飞多久？""",12,16,2023
"""这周全是跟金融有关系的新闻，就凭你名字里有金融两个字，下个星期肯定大涨""",12,16,2023
"""大家分析的很对，周一开盘应该是低开低走。""",12,16,2023
"""新力金融～金融总龙头～8板～10板。""",12,16,2023
"""不深洗不会主升，小心拉高有套牢的风险！""",12,16,2023
"""随着公司剥离水泥资产转型小贷等类金融业务，以及拟收购第三方支付公司海科融通，新力""",12,16,2023
"""凉凉了全部散户看多主力做空""",12,16,2023
"""凉凉了""",12,16,2023
"""看见唱多的，开盘跑就对了，不要幻想""",12,16,2023
"""这么多上影线，明显的就是诱多""",12,16,2023
"""想多了，先下来打个底仓""",12,16,2023
"""周一悬了""",12,16,2023
"""央行：引导金融机构加大对科技创新、绿色转型、普惠小微、数字经济等方面的支持力度！""",12,16,2023
"""拿了一年半13的本有机会回吗""",12,16,2023
"""老子7.61接了10300股，放量大涨吧""",12,16,2023
"""全民都做T，想涨停势比登天！周一不跌就不错了！量化来讲，周一跌幅应该在3%左右。""",12,16,2023
"""在来个涨停就清仓，天天开盘挂板卖[坏笑][坏笑][坏笑]""",12,16,2023
"""新力金融：融资净买入1505.31万元，融资余额2.99亿元（12-15）""",12,16,2023
"""13的本什么时候能回""",12,16,2023
"""箭在弦上不得不发""",12,15,2023
"""刚起步就来个小三香，是惧怕上方的套牢盘吗？现在的位置有点尴尬，不放量上不去，放量""",12,15,2023
"""趋势没问题，，但是压力位太大了。""",12,15,2023
"""小庄，不用你瞎折腾，不拉涨停板，就是不走！不信你会改了脾气！""",12,15,2023
"""上次买你赢了十二点没买，第三天赢二个半点卖了，气死我了，还好后来买了内蒙新华""",12,15,2023
"""[哈欠][愉快][围观]""",12,15,2023
"""[摊手]""",12,15,2023
"""[滴汗]这股玩的操心来回t才行""",12,15,2023
"""下周一回撤至10日线可入""",12,15,2023
"""算是利好吗""",12,15,2023
"""今天果断出局小肉。留下发财""",12,15,2023
"""尾盘显示，周一该跳高开了""",12,15,2023
"""这都算？说明A股太难做了。""",12,15,2023
"""KDJ,MACD各种指标都该到顶了，调整在所难免。明天全被埋。""",12,15,2023
"""这货往死压盘，没戏""",12,15,2023
"""今天你成功的引起了我的注意""",12,15,2023
"""买买买买买""",12,15,2023
"""K线会骗人，但量能不会骗人，总不可能永远买在低点卖在高点，半路能上车赚到钱下车的""",12,15,2023
"""无惧唱空A股。无惧庄家减持。无惧量化交易。无惧空头打砸。无惧空头销户。无惧外资离""",12,15,2023
"""赶紧跑，没时间了""",12,15,2023
"""卖单太多了，压的我闯不过气来。根本买不完，买不完……""",12,15,2023
"""供销社这么大的涨幅都带不动它，太恶心了""",12,15,2023
"""7.497.50收盘""",12,15,2023
"""新力金融量能不足，需要放量""",12,15,2023
"""主力在说：根本买不完""",12,15,2023
"""一买就跌[哭]""",12,15,2023
"""标记一下，有望成妖。""",12,15,2023
"""不够强，撤了""",12,15,2023
"""想溜的，赶紧溜，晚了就没机会了""",12,15,2023
"""建仓期""",12,15,2023
"""能逆势起航吗，兄弟萌，感觉股性没有被激活啊，老冲高回落不是个事啊""",12,15,2023
"""这货跟供销社板块的，和金融板块无关""",12,15,2023
"""作为从2021年14的成本持股到现在，成本已经到7块并且全仓买入，我看好它。""",12,15,2023
"""板""",12,15,2023
"""买不完啊！""",12,15,2023
"""[涨停][涨停][涨停][买入][买入]""",12,15,2023
"""压力山大""",12,15,2023
"""贵公司是否涉及供销社概念""",12,28,2023
"""冲高兑现利润了，大盘暴跌连续大跌破2950了危险了，卖出清仓休息了""",12,15,2023
"""冲啊，兄弟们，冲涨停，冲不上涨停就废了""",12,15,2023
"""走了  留下的发财""",12,15,2023
"""不给力撤了""",12,15,2023
"""快815快快快""",12,15,2023
"""套人了，太磨叽了""",12,15,2023
"""涨停才能成为龙，不然都是屁[666][666][666]""",12,15,2023
"""庄家的节奏被打破了？""",12,15,2023
"""本来可以当新金融强国的跨年龙头[加油][加油][加油]不争气[怒]""",12,15,2023
"""湖南发展[兴奋][兴奋][兴奋]""",12,15,2023
"""这种拉法，越拉越危险。越拉越死翘翘。就像让你一夜搞个几次。第二天玩完!""",12,15,2023
"""中农联合[上涨][兴奋]直接封板，你磨蹭啥[怒]""",12,15,2023
"""丢人呀""",12,15,2023
"""真是垃圾啊，供销社没你，多元金融也没你，那你玩锤子？""",12,15,2023
"""再往上冲几下，明天全玩完""",12,15,2023
"""涨是暂时的，肯定得下来！""",12,15,2023
"""兄弟们一起买买买买买""",12,15,2023
"""中农联合涨停   	中华全国供销合作总社""",12,15,2023
"""最近这票应该要启动了，连续多日主力在试盘。""",12,15,2023
"""和昨天一样，但是今天收盘会绿""",12,15,2023
"""完犊子了！""",12,15,2023
"""现在这个大市没有办法，赚钱就得走，要不然第二天利润就回吐，甚至亏钱！""",12,15,2023
"""等跌3%左右再入场。""",12,15,2023
"""还有三分之一的仓位，这票回调再买。""",12,15,2023
"""我也出来了！总感觉得跌一下再大涨！""",12,15,2023
"""你好，请问公司是否有和华为的花瓣支付合作，谢谢""",12,28,2023
"""一拉就有机构砸，根本买不完""",12,15,2023
"""这个股天天被人T[笑哭]T上瘾了""",12,15,2023
"""拉起来就得跑""",12,15,2023
"""买高了，下午救我家人们""",12,15,2023
"""买不完，卖不完""",12,15,2023
"""主力在出货！幸亏跑了""",12,15,2023
"""这么多散户吗""",12,15,2023
"""供销社新力金融""",12,15,2023
"""或许一个板块只能一个龙头，新力涨停基本希望不大，除非板块持续向好""",12,15,2023
"""这么多砸盘的，买不完，根本买不完""",12,15,2023
"""香溢、新力二选一，结果，唉……""",12,15,2023
"""散户太多，看看香溢融通""",12,15,2023
"""我走了，害怕了""",12,15,2023
"""主力在吸筹是为了砸盘？""",12,15,2023
"""加仓""",12,15,2023
"""每天一根上影线，玩儿呢？！今天再不上去，下周就要往下砸了。""",12,15,2023
"""就试了下高位马上掉头，有大哥给个胶带吗""",12,15,2023
"""啥也不是，看到香香起来，你竟然装死""",12,15,2023
"""明天拉一下诱多，在缓跌出货""",12,15,2023
"""垃圾，天天如此""",12,15,2023
"""这货有病""",12,15,2023
"""根本卖不完，量化恶意做空！""",12,15,2023
"""这恶心谁呀""",12,15,2023
"""一拉就有人砸每天都一样出货出的厉害""",12,15,2023
"""压力大，前期套牢盘太多""",12,15,2023
"""再来一波哟！张婷姐姐""",12,15,2023
"""我点火的""",12,15,2023
"""香溢股份才是龙头""",12,15,2023
"""新力金融12月15日快速回调""",12,15,2023
"""兄弟们，还得是我吧，真就我走了才拉，搞不懂""",12,15,2023
"""又来？走了。妹的，你还上瘾了""",12,15,2023
"""连续一个星期爆量，我不不信就是为了这几个点出货，今天必须冲击涨停。""",12,15,2023
"""又是拉高出货做T""",12,15,2023
"""型选手""",12,15,2023
"""垃圾玩意儿，被洗掉了""",12,15,2023
"""新力金融12月15日盘中涨幅达5%""",12,15,2023
"""看近期的量能股价，可能要板""",12,15,2023
"""要涨停了，赶紧抄底买入""",12,15,2023
"""加餐干涨停来了""",12,15,2023
"""秒板，不进千万别后悔！""",12,15,2023
"""忍不住卖了，估计涨停了，一般我卖了的票就暴涨""",12,15,2023
"""关于洗盘1、庄家洗盘一般有两个目的，一个是通过洗盘让愿获小利就走者和容易动摇不坚""",12,15,2023
"""[涨停][涨停][涨停][买入][买入]""",12,15,2023
"""板块起来了，它可以出货了""",12,15,2023
"""五雷轰顶""",12,15,2023
"""这货到底想干嘛。""",12,15,2023
"""建仓""",12,15,2023
"""其实现在一天的走势基本上就能定下来了!""",12,15,2023
"""等着孑炒地图还未轮到你""",12,15,2023
"""现在还没有到顶部 个人观点 ！""",12,15,2023
"""转发""",12,15,2023
"""全是绿注""",12,15,2023
"""每天一冲高，今天的已结束""",12,15,2023
"""这货每天都来几下""",12,15,2023
"""今天异动那么早？""",12,15,2023
"""新力金融12月15日快速上涨""",12,15,2023
"""优秀""",12,15,2023
"""板不""",12,15,2023
"""不够强先走了""",12,15,2023
"""今天熄火了""",12,15,2023
"""深圳手付通科技有限公司在粤港澳深度合作区发展当中，为客户提供多种模式信息交互方式""",12,28,2023
"""新力金融：融资净偿还1691.29万元，融资余额2.83亿元（12-14）""",12,15,2023
"""总有绝地翻盘日[大笑][大笑][大笑]""",12,15,2023
"""这条长天线，被套了痛不欲生！""",12,14,2023
"""现在还不是顶 个人观点 ！""",12,14,2023
"""这股喜欢讲故事，特别是并购重组的故事。""",12,14,2023
"""明天跌2点可以买回来""",12,14,2023
"""跑慢了一点，赚了两个点，走了，大盘太吓人，估计奔2900去了，等新力下来5个点，""",12,14,2023
"""转发""",12,14,2023
"""新力金融下周停牌！大股东优质资产注入！国资改革！价格在底部盘整二年！开启龙年龙头""",12,14,2023
"""令人窒息的天线。明天不反包即可离场。小t三个点[坏笑]""",12,14,2023
"""手付通科技提供的云平台建设服务是多模态技术。多模态技术是指通过不同的感知方式和信""",12,14,2023
"""12月15，5日线开盘，涨至7.59,然后跌到10日线震荡""",12,14,2023
"""新力金融猜""",12,14,2023
"""主力有动作，奈何大盘不给力啊！""",12,14,2023
"""今天有赚没出，明天来割肉""",12,14,2023
"""中线建仓新力金融，目标15个点""",12,14,2023
"""60万实盘短线，新力出了。以后新买不给看成本了，你们抄作业就算了，抄我底赚钱也不""",12,14,2023
"""$新力金融(SH600318)$""",12,14,2023
"""哎，后悔拉高没跑，气死了""",12,14,2023
"""明天早上低开买点""",12,14,2023
"""这次钓了不少鱼应该。死庄跑了""",12,14,2023
"""今天7.65卖了，明天大跌再买回来，做差价[想一下][想一下][想一下]""",12,14,2023
"""7.1左右买回来""",12,14,2023
"""这个主力不错，今天已清仓，去了摩恩电气[捂脸][捂脸][捂脸]。感谢新力金融的主""",12,14,2023
"""厉害，好久没来了""",12,14,2023
"""明天板""",12,14,2023
"""[旺柴]都怪我，这两个卖点我都不知道该说什么好。""",12,14,2023
"""这个头似曾相识，要暴跌了""",12,14,2023
"""蠢货明天拉个涨停""",12,14,2023
"""主力撤了，我也先溜了，留的发财""",12,14,2023
"""仙人指路，明天涨停板。""",12,14,2023
"""锁仓不动，支持主力""",12,14,2023
"""套的牢牢的""",12,14,2023
"""上影线这么长，要大跌的节奏""",12,14,2023
"""你个lj想套我？""",12,14,2023
"""感觉最近应该要启动了，洗盘洗了那么多天""",12,14,2023
"""今天大盘上3000""",12,14,2023
"""你要做大盘逆子吗""",12,14,2023
"""搞一波，我交筹码你接盘，多好""",12,14,2023
"""这是对追高最好的惩罚。主力今天基本上出完了。明天""",12,14,2023
"""垃圾没有未来""",12,14,2023
"""谁解释一下五千手为什么没动静""",12,14,2023
"""安徽无牛股，撤了！""",12,14,2023
"""不会大跌，确实快走完""",12,14,2023
"""这么收盘的话，明天五日线下开盘，最高拉到750左右，然后收绿。""",12,14,2023
"""为什么不t+0啊""",12,14,2023
"""情况不妙""",12,14,2023
"""卖不完，真的卖不完""",12,14,2023
"""兄弟们赶紧撤，主力虚晃一枪已跑，正面战场已溃败""",12,14,2023
"""今日跌停""",12,14,2023
"""吃了不少药""",12,14,2023
"""新力金融""",12,14,2023
"""叫你们慎重，庄家出货了，你们不跑""",12,14,2023
"""涨停""",12,14,2023
"""图形很好看，涨停呼声不断，多年被套的经验告诉我，越好看的图形越危险，高端的猎手往""",12,14,2023
"""今天继续持有。""",12,14,2023
"""试了两次，还横盘。难有什么作为啊。""",12,14,2023
"""今天收盘前涨板！""",12,14,2023
"""高盛加仓进行时""",12,14,2023
"""根本卖不完，量化恶意做空！""",12,14,2023
"""短期头部了""",12,14,2023
"""主力筹码不够大家帮忙砸一下""",12,14,2023
"""啊？""",12,14,2023
"""就在我卖的地方，反复横跳？？？？""",12,14,2023
"""这几天发神经，挺强！""",12,14,2023
"""主力边打边撤，连续拉高发套""",12,14,2023
"""巢东股份！！继续上涨！。。。。。""",12,14,2023
"""点火""",12,14,2023
"""能不能击穿7.76""",12,14,2023
"""国企重组！！！到计时，陈小群闪亮登场！！！""",12,14,2023
"""主力已经是边打边撤了""",12,14,2023
"""仙人指路，满仓买进发财""",12,14,2023
"""今晚重组""",12,14,2023
"""发套了，注意排队领套，队形不能乱""",12,14,2023
"""张婷姐姐还没来？""",12,14,2023
"""什么庄家边拉边卖""",12,14,2023
"""震仓效果不错""",12,14,2023
"""这走势，清仓了""",12,14,2023
"""昨天早盘卖的，吐血[大哭]""",12,14,2023
"""安徽股还是差点气，今天就这样了！""",12,14,2023
"""小破鼓妖风还挺大。""",12,14,2023
"""是不是有什么利好啊，这么给力""",12,14,2023
"""，一不小心主力就拉高出货了""",12,14,2023
"""今天一定涨停涨停涨停涨停涨停涨停涨停""",12,14,2023
"""还没吃饱不许拉""",12,14,2023
"""现在的高点已经冲过了 阻力位 7.71""",12,14,2023
"""送给自己，高抛低吸，不能重仓，快走完了""",12,14,2023
"""压力太大，一而再三而竭""",12,14,2023
"""最近几天异动频繁出现，引起注意后的某个时间点内突袭吗？""",12,14,2023
"""感谢主力，清仓了""",12,14,2023
"""你们玩吧我走了""",12,14,2023
"""骗子，我刚刚卖，你就拉""",12,14,2023
"""16那会儿出来那个大卖单，的不知道咋想的""",12,14,2023
"""卖了，太能磨""",12,14,2023
"""清洗中，筹码上移，能量增多，耐心等待""",12,14,2023
"""新高指日可待""",12,14,2023
"""多条件同时成立：MA5＞MA10，MA10＞MA20，MA20＞MA30，MA3""",12,14,2023
"""还没有行成四方形 现在还没有看到 顶部的影子 个人关点 ！""",12,14,2023
"""走了，祝留下的发财""",12,14,2023
"""上周四故技重施""",12,14,2023
"""看回落""",12,14,2023
"""88""",12,14,2023
"""上影线太多了，多头力量薄弱""",12,14,2023
"""冲冲冲啊啊啊啊啊""",12,14,2023
"""多谢，小猪力""",12,14,2023
"""干""",12,14,2023
"""今天要被揍了，哈哈""",12,14,2023
"""今日下跌，我说的""",12,14,2023
"""您好，董秘，请问横琴粤澳深度合作区总体发展规划，是否与公司支付端有关联涉及？""",12,28,2023
"""新力金融：融资余额3亿元，创近一年新高（12-13）""",12,14,2023
"""转发""",12,13,2023
"""新力金融：截至本公告披露日 本次新增担保后公司及控股子公司对外担保总额约4.71亿元""",12,13,2023
"""卖出了，明天低开在买回来[握手]""",12,13,2023
"""卧槽，2点25分2毛7的5手是我卖出的，主力就盯着我那点筹码了""",12,13,2023
"""国企控股""",12,13,2023
"""这是只好票，很快会迎来大涨，恭喜有缘人""",12,13,2023
"""国企重组提前走漏消息，庄家提前了。""",12,13,2023
"""完蛋了[哭]""",12,13,2023
"""外边的亏成什么样，全都在哭，还是这里安全，有人护盘，暖和""",12,13,2023
"""就问问大家牛不牛，点个赞哦""",12,13,2023
"""挂了个7.25没想到中间最低打到7.26，小亏，但大家一定小心。祝愿大家发财""",12,13,2023
"""今天是钓鱼线还有那么多看多的无语""",12,13,2023
"""跳空低开，回补缺口收阳线，洗盘结束，明天启动上升模式，涨停板""",12,13,2023
"""明天后天涨停""",12,13,2023
"""这股要么调整一涨就直接是翻倍的哦""",12,13,2023
"""俺掐指一算:明天涨停板""",12,13,2023
"""新力金融:安徽新力金融股份有限公司关于公司为下属公司提供担保的公告""",12,13,2023
"""短期看到9附近""",12,13,2023
"""压力位巨大，，，明天跌，，，，""",12,13,2023
"""一帮意y的明天低开全傻""",12,13,2023
"""人气明天进前10""",12,13,2023
"""人气上来了""",12,13,2023
"""临近尾盘的拉升，几个意思？""",12,13,2023
"""我最牛叉买在山顶7.50元助力一下，没想到又下来了，明天涨停""",12,13,2023
"""跟踪!""",12,13,2023
"""四川金顶概念哈哈""",12,13,2023
"""最高点都是7.59，控的一手好盘""",12,13,2023
"""明天吃肉肉了，向上突破了""",12,13,2023
"""60万实盘短线，今天彻底没脾气了，看明天有没有小修复。""",12,13,2023
"""辣级只会浪费时间""",12,13,2023
"""贡又点卖罗，拉1-2个嘿点，好似没见过钱是的，最少的涨停过了，老鼠嘿毛""",12,13,2023
"""尾盘买入，明天有长阳？？？""",12,13,2023
"""洗盘结束""",12,13,2023
"""7.59几天了过不去""",12,13,2023
"""拉尾盘，非奸即盗[大笑][大笑][大笑]""",12,13,2023
"""收盘7.42""",12,13,2023
"""这个主力太坏了，我也太蠢了，每次都被骗[哭][哭]""",12,13,2023
"""出货了，一红一绿，今天勉强收个红，明天好蒙杀""",12,13,2023
"""使劲""",12,13,2023
"""哈哈卖了你就跌够意思""",12,13,2023
"""把你割了就涨""",12,13,2023
"""量一天比一天低""",12,13,2023
"""你们是不是都割肉跑了[大笑]""",12,13,2023
"""好股，还有点底仓。""",12,13,2023
"""真的要涨吗""",12,13,2023
"""涨的是AMC概念？？？""",12,13,2023
"""神奇2:30""",12,13,2023
"""搞偷袭，我两个点走了，不知道对不对[想一下][想一下][想一下]""",12,13,2023
"""全仓进，恭喜""",12,13,2023
"""尾盘拉升非奸即盗""",12,13,2023
"""犹豫了""",12,13,2023
"""看看就好[吃瓜]""",12,13,2023
"""啥意思啊""",12,13,2023
"""macd已到位，下跌开始""",12,13,2023
"""你爹割肉了，你还赶紧拉啊""",12,13,2023
"""全仓买进，明天涨停""",12,13,2023
"""久盘必跌[捂脸][捂脸][捂脸]""",12,13,2023
"""基本没量了，左手倒右手""",12,13,2023
"""洗盘结束加仓明天发财""",12,13,2023
"""我来了""",12,13,2023
"""60万短线复盘""",12,13,2023
"""国企重组""",12,13,2023
"""这票真垃圾""",12,13,2023
"""下午直板""",12,13,2023
"""出货完了破5天线了""",12,13,2023
"""题材比较特别的国企，豪赌一把""",12,13,2023
"""临时股东大会前必有一波行情，消息越模糊，投机心思越大。""",12,13,2023
"""融了不少……是真能玩真能耗……""",12,13,2023
"""明天一个涨停，加仓抄底""",12,13,2023
"""不愧是G0U桩，老庄股""",12,13,2023
"""拒绝上涨概念股龙头""",12,13,2023
"""大盘不好，金融发力""",12,13,2023
"""有中信+高盛大家可耐心持股，惠发和圣龙等多支大牛股都有它们的组合。""",12,13,2023
"""哈哈哈哈，买了就跌，账户真被监控了吗[滴汗][滴汗][滴汗][滴汗]""",12,13,2023
"""大家想给他个皇冠，可惜他只是个普工。""",12,13,2023
"""7.15加仓""",12,13,2023
"""又是完犊子的一天""",12,13,2023
"""这个、没好过""",12,13,2023
"""加仓""",12,13,2023
"""浪费时间""",12,13,2023
"""别以为我不知道，45万手蠢蠢欲动""",12,13,2023
"""老铁，我又来了""",12,13,2023
"""庄牛逼，前一天涨一点融券，第二天压低价格跌还券""",12,13,2023
"""这位兄弟这么精准吗？""",12,13,2023
"""新力金融：融资净买入78.2万元，融资余额2.87亿元（12-12）""",12,13,2023
"""看好新力金融，近期大涨""",12,13,2023
"""8.06""",12,12,2023
"""稳健的货币政策要灵活适度、精准有效。保持流动性合理充裕，社会融资规模、货币供应量""",12,12,2023
"""外面妖股满天飞，没有逻辑就是最好的逻辑。""",12,12,2023
"""这么多散户看好，明天继续大跌[看空][看空][看空][看空][看空][看空][看""",12,12,2023
"""明天，涨停""",12,12,2023
"""祝持仓的明天涨停，[旺柴]""",12,12,2023
"""新力是老妖股，要么不拉，一拉翻倍""",12,12,2023
"""高点越来越低，明天可能只是支撑。""",12,12,2023
"""横有多长竖有多高。""",12,12,2023
"""感觉很有规律性，，，。""",12,12,2023
"""妹""",12,12,2023
"""明天估计爆涨，今天好多大单进""",12,12,2023
"""明天一根小阴线""",12,12,2023
"""新力金融:安徽新力金融股份有限公司2023年年第二次临时股东大会会议材料""",12,12,2023
"""60万实盘短线，今天止盈一只，留下了可上可下的三只明天再看。至于国企改革，这条暗""",12,12,2023
"""明天有大阳""",12,12,2023
"""出货四天了""",12,12,2023
"""洗盘的手""",12,12,2023
"""趋势没变，跑啥""",12,12,2023
"""喜欢跟大盘反着来""",12,12,2023
"""近期会有涨停""",12,12,2023
"""一半四川金顶一半你个垃圾愁死我了卖也不是买也不是看着就恶心""",12,12,2023
"""7.8是压力位么""",12,12,2023
"""国企改革金融龙头，上""",12,12,2023
"""加，直线拉升，明天涨停""",12,12,2023
"""风大雨大，鱼也大。会水还要会划船""",12,12,2023
"""有谁跑的比我快吗，兄弟们""",12,12,2023
"""出货了[下跌][下跌][下跌][下跌][下跌][下跌][下跌][下跌][下跌][""",12,12,2023
"""出货了吗？""",12,12,2023
"""现在加仓，明天大赚8个点""",12,12,2023
"""废柴""",12,12,2023
"""你们有人融到券了吗？我怎么融不到券呢[捂脸][捂脸][捂脸]""",12,12,2023
"""加仓""",12,12,2023
"""哎呀呀，今天红盘冲进来了，又是冲动的惩罚啊[怒]""",12,12,2023
"""前一天庄家融券多了，第二天拉高就要卖，庄家还是会压低价格来还券的""",12,12,2023
"""四川金顶为什么涨↖湖涂难的就是湖涂""",12,12,2023
"""只有主力自己在玩，太弱了，换股走了""",12,12,2023
"""没有一个月消化新力不可能涨[大笑]""",12,12,2023
"""跑了""",12,12,2023
"""就是一个渣渣""",12,12,2023
"""为啥不买天天在涨，一买就跌啊，真特么的难受""",12,12,2023
"""12月12日早9点分析与思路""",12,12,2023
"""这种恶意做空能举报吗？这庄每次拉高就会融卷20万股然后第二天就还进去""",12,12,2023
"""新力金融：融资净买入1590.49万元，融资余额2.87亿元（12-11）""",12,12,2023
"""内外贸一体化，新力金融正宗供应链金融，第三方支付和信雅达同题材。""",12,12,2023
"""跟了新力金融这么多年了，除了去年有重组传闻上涨非常强，在就是今年了，今年估计也得""",12,12,2023
"""新力金融近期会有涨停板出现，拭目以待""",12,12,2023
"""我来了""",12,11,2023
"""【】2023.12.11个人观点！不同观点者勿喷！此股上周四封板后开板了，开板后""",12,11,2023
"""我打板进的，有本事别让我解放""",12,11,2023
"""这种标准庄股远离，而且不是机构股，那天拉板被砸就是埋游资呢，游资跑了估计就拉伸了""",12,11,2023
"""那1.4万手是什么意思，是卖出这么多吗""",12,11,2023
"""【军师笔记1211晚公开版】""",12,11,2023
"""这种位置不拉就是套""",12,11,2023
"""今天这走势，太弱了""",12,11,2023
"""图挺好，就不知道涨不涨""",12,11,2023
"""涨势明显，跟""",12,11,2023
"""明天上涨走了。""",12,11,2023
"""我觉得你是四川金顶的跟屁虫""",12,11,2023
"""今天感觉会涨停，才进场追高，有点低于预期，明天不突破今天最高，直接走人。""",12,11,2023
"""加仓加仓，看来要涨一波了""",12,11,2023
"""太热闹的的地方咱不去，今天早上低开进了8000股，明天继续加仓""",12,11,2023
"""还有个低位，值得关注""",12,11,2023
"""再次验证，能否开启主升浪就看交给市场了""",12,11,2023
"""牛逼""",12,11,2023
"""60万短线实盘，三只锁仓明日再看，新开一只看突破。""",12,11,2023
"""慢慢来，带点人气，""",12,11,2023
"""我尾盘走了，不知道对不对""",12,11,2023
"""可能是因为我买了，所以他涨不上去吧""",12,11,2023
"""什么主力操盘的啊""",12,11,2023
"""你想抄它底，它想抄你家""",12,11,2023
"""走了，这周券商的天下，去抄信达，这个股主力太弱""",12,11,2023
"""跑吧，新力又回来了！""",12,11,2023
"""总有人趁机出货""",12,11,2023
"""7.43收盘吧。7.47也行。""",12,11,2023
"""加仓发财""",12,11,2023
"""这几个交易日应该被洗出去很多人吧，洗白白才容易拉升[坏笑][坏笑][坏笑]""",12,11,2023
"""趋势再，看高一线""",12,11,2023
"""割吧割吧不是罪""",12,11,2023
"""仁东涨停啦！新力加油""",12,11,2023
"""家人们已经清仓""",12,11,2023
"""7.43走了，渣男本性难改……""",12,11,2023
"""回落买入""",12,11,2023
"""已清仓，祝福家人们""",12,11,2023
"""太弱了。今天不包住7.43走人了""",12,11,2023
"""三个点够你吃的了，散户快下车吧，我知道你已经想卖了""",12,11,2023
"""其实弘业才是真正的情绪龙头，历史上就带过两次""",12,11,2023
"""恒银都板了，你也冲个涨停""",12,11,2023
"""[傲]上蹿下跳的，明天还能再来根绿柱？那后天继续阳柱不是起飞[捂脸]意多了，不意""",12,11,2023
"""7.3进的，稍微有点高，早上没来得及买""",12,11,2023
"""7.76能不能过""",12,11,2023
"""辞旧迎""新""""",12,11,2023
"""买买买""",12,11,2023
"""新力金融12月11日快速上涨""",12,11,2023
"""多元金融还是得看仁东""",12,11,2023
"""高盛有眼光""",12,11,2023
"""学学恒银科技""",12,11,2023
"""还在洗盘 ，庄家筹码还在集中 ，没有分散 ，行情看好  个人关点 ！！！""",12,11,2023
"""双头走势，这个山头比上次的还低，参与风险较大""",12,11,2023
"""都想抄底大盘还要跌不杀到唱多的死啦死啦的难见底所以多看少动有利快跑明年在战明年的""",12,11,2023
"""次股勿动，看看去年三月底走势""",12,11,2023
"""这2分钱玩一天吗。无语。看盘都要睡觉了""",12,11,2023
"""横在这里没有好事""",12,11,2023
"""标准出货模式""",12,11,2023
"""国资继续强化""",12,11,2023
"""横久必跌""",12,11,2023
"""这种分时，下午拉板概率很大""",12,11,2023
"""量化交易的""",12,11,2023
"""行情还的 横盘 3天 左右 ！""",12,11,2023
"""您好董秘，请细说一下贵公司的互联金融业务，谢谢！""",12,28,2023
"""新力金融12月11日快速反弹""",12,11,2023
"""新力金融，大米已藏好了，点火在即""",12,11,2023
"""乞丐股，，涨一两个点就蜂拥而至的卖盘""",12,11,2023
"""多谢了，下来来""",12,11,2023
"""最后上车机会！双倍梭哈买！！""",12,11,2023
"""今天就是一个字：买买买！能买尽买！！！""",12,11,2023
"""这波操作漂亮，新庄家食之无味弃之可惜""",12,10,2023
"""七块一下，适合建仓，明天必定跌到7元""",12,10,2023
"""新力金融本周融资净买入3977.34万元，居多元金融板块第一""",12,10,2023
"""只需要相信一件事，大盘不好，会拉金融""",12,10,2023
"""很显然是套人的节奏，周一低开低走！涨停板进入的不割肉，庄家不可能拉！""",12,10,2023
"""大盘低位震荡，个股趋势为王""",12,10,2023
"""好怕呀，周五开仓了，昨天量太大了，应该明天进的合适，回调在缩量一下最好，弟兄们怎""",12,10,2023
"""周一不板就走，什么时候走都是对的""",12,10,2023
"""下周就没有进的机会了。""",12,9,2023
"""很明显，拉升阻力太大，主力已经弃庄逃跑了，周五不反包已经废了，下周一开启加速下跌""",12,9,2023
"""好多机会你不买的他就一直涨，你一买就被套，就比如这个，涨停日买的，按理说第二""",12,9,2023
"""五日线，五周线都是沿着上行，筹码中度集中，成本均值在7.3左右，前期的套牢筹码该""",12,9,2023
"""兄弟们我在七元等你们""",12,9,2023
"""说说新力金融""",12,9,2023
"""强庄洗盘[怒]""",12,9,2023
"""提前买入金融，期待指数跌破前低[大笑][大笑][大笑][大笑]""",12,9,2023
"""7元是底线，注意把握！！！""",12,9,2023
"""新力金融：融资净偿还771.19万元，融资余额2.71亿元（12-08）""",12,9,2023
"""强庄洗盘""",12,9,2023
"""短线加速上行。""",12,9,2023
"""今天收盘7.177171老庄：气不气，气你气你""",12,8,2023
"""今天进了3只，有2只涨停，就你是跌的""",12,8,2023
"""顺势而为，把握时机""",12,8,2023
"""从顶点7.76后 横盘6K或6日天 前后左右  上涨 ，个人关点 ！！！""",12,8,2023
"""7.89—8.68""",12,8,2023
"""7.89稳了""",12,8,2023
"""一个破水泥厂你们还前赴后继往里砸钱，真是钱多烧得慌""",12,8,2023
"""回撤有点多""",12,8,2023
"""下周大盘大跌新力会怎样难说管住观望还是对的""",12,8,2023
"""请问这是上升趋势还是下降趋势""",12,8,2023
"""看见融就怕，一群苟玩意，天天融券割，坑人不停""",12,8,2023
"""12.8收盘记录""",12,8,2023
"""精准命中成本""",12,8,2023
"""717？7171？什么暗号？？？""",12,8,2023
"""难受，逼人割肉是吧，券商带动一下啊""",12,8,2023
"""昨天涨停回本为啥没卖了搞了个白玩[滴汗]""",12,8,2023
"""一日游，底仓清了删自选[旺柴]""",12,8,2023
"""跟主力一起砸，金融就是大空头吧，今天现形了！""",12,8,2023
"""抢筹码了，上""",12,8,2023
"""7.11没买到[哭]""",12,8,2023
"""废柴""",12,8,2023
"""真是个拉拉货""",12,8,2023
"""新力金融的主力在跟国家队掰手腕，不知道谁能赢？""",12,8,2023
"""都没有压单，能涨就见鬼了""",12,8,2023
"""早盘7.56已清仓""",12,8,2023
"""尾巴拉升了""",12,8,2023
"""吃相难看""",12,8,2023
"""主力太琐""",12,8,2023
"""这样看来是走的差不多了""",12,8,2023
"""散户靠庄家赏口饭吃""",12,8,2023
"""主力继续出货""",12,8,2023
"""护盘护盘，你有责任""",12,8,2023
"""搞风搞浪不旁观，吃肉就在这几天""",12,8,2023
"""今天高开低走，放量下跌，主力收获筹码！持股待涨""",12,8,2023
"""连一个板都拉不起来[为什么]""",12,8,2023
"""为下周准备""",12,8,2023
"""这是搞啥玩意，过山车吗""",12,8,2023
"""金融股不拉下护大盘吗""",12,8,2023
"""下周必见8元""",12,8,2023
"""我遭不住了，昨天涨停没跑，受不了了""",12,8,2023
"""7.05-7.06的缺口要补""",12,8,2023
"""开盘即涨停""",12,8,2023
"""下周一会有长阳""",12,8,2023
"""过年钱赚到了[微笑]""",12,8,2023
"""这个折腾劲，玩我是吧""",12,8,2023
"""卖了华锋新力和数码选了数码新力圧力大了一点慢慢等就怕大盘反抽完下周在打""",12,8,2023
"""收盘竞猜，7.33""",12,8,2023
"""打板进的，有多少还没割肉""",12,8,2023
"""垃圾""",12,8,2023
"""这波就此结束，庄赚不了钱。保持耐心，等它操作""",12,8,2023
"""谁给你的勇气让你拉涨停""",12,8,2023
"""可以买了，妖股展现开始了。""",12,8,2023
"""昨天涨停板卖了，赚了1万，""",12,8,2023
"""哥哥的内蒙新华已经涨停了，就等你拉了！""",12,8,2023
"""昨天板上跑了[大笑]""",12,8,2023
"""请问，公司的多个全资和控股子公司2022年的利润之和过亿，为什么公司去年年报还亏""",12,28,2023
"""AMC一下子全倒了""",12,8,2023
"""不错，再来。""",12,8,2023
"""无量拉升，放量下跌，主力都在跑，散户会接盘吗？""",12,8,2023
"""咋天拉高出货？""",12,8,2023
"""今非昔比，今非昔比，廉波老矣""",12,8,2023
"""相同的故事，每次都在上演，前一天炸板，后一天大阴线？？？""",12,8,2023
"""昨天没走今天还不走""",12,8,2023
"""目前这个价位是一个可上可下的价位，如果散户进的多价位就会下来直接破7.00元方向""",12,8,2023
"""买不完，根本买不完，这是要卖公司的节奏！""",12,8,2023
"""有序离场，不然踩踏事件要来了""",12,8,2023
"""今天是低吸机会""",12,8,2023
"""老夫率抄底游击队员杀到""",12,8,2023
"""新力金融12月8日快速回调""",12,8,2023
"""加仓发财""",12,8,2023
"""蚊子腿也是肉""",12,8,2023
"""光大嘉宝、新力金融、摩恩电气，四方精创、高伟达、天阳科技""",12,8,2023
"""上海自贸区跟他有没有关系呢？""",12,8,2023
"""整个全部看调整啊。[滴汗][滴汗][滴汗][傲][傲][傲][滴汗][傲][滴汗""",12,8,2023
"""新力金融：融资净买入3373.04万元，创近一年新高（12-07）""",12,8,2023
"""小盘多元金融帅先启动。""",12,8,2023
"""换手率太高了，筹码分散，这是要卖公司啊""",12,7,2023
"""开始加速了[微笑][抱拳]""",12,7,2023
"""今天指数预测涨跌方向都是正确的，市场基本上还是比较弱的。今日股票池相较于市场还可""",12,7,2023
"""7.36～7.47是该票的压力位，今天开板一直该区域震荡，短期有回调风险，7.0""",12,7,2023
"""炸板不回封，次日吃大面[哭]""",12,7,2023
"""今天收7.43元，明天涨停价算是8.17。前面最高价是8.45。涨停也破不了前高""",12,7,2023
"""短期看到10""",12,7,2023
"""金融反腐最近热火朝天啊""",12,7,2023
"""手贱，7.37买了1000股，明天看样子要低开杀了[捂脸]""",12,7,2023
"""新力金融的老套路了""",12,7,2023
"""不错""",12,7,2023
"""明天王3个点我走""",12,7,2023
"""这个应该是摩恩电气的补涨小弟""",12,7,2023
"""今天涨停板2万手出货成功，明天低点再接回来。""",12,7,2023
"""明天调整吧，给个机会接回来[坏笑][坏笑][坏笑]""",12,7,2023
"""今天有割肉昨天高标地板，来新力金融打板的吗？出来报个到吧[捂脸][捂脸][捂脸]""",12,7,2023
"""好股，好股。我爱""",12,7,2023
"""今天这长长的上影线明天吃面""",12,7,2023
"""你们知道什么叫庄股吗？""",12,7,2023
"""明天一根阳K线后 回调 !!!""",12,7,2023
"""分时图见斗争""",12,7,2023
"""今天试盘，明天开始先来五连板，过了今晚，想穷都难！""",12,7,2023
"""想发个我开盘就买的，但又怕主力看我买了砸盘……算了我是吹牛的[坏笑]""",12,7,2023
"""今天走出这种趋势，明天有可能反包，甚至涨停或者说连续几个涨停，都是有可能的，起码""",12,7,2023
"""少动多看，等待时机""",12,7,2023
"""明天低开抢一点""",12,7,2023
"""今天只是试盘""",12,7,2023
"""明天吃肉""",12,7,2023
"""今天进了很多追涨韭菜""",12,7,2023
"""最近一堆天天炸板票，不管你一大早还是中午下午什么时间段。""",12,7,2023
"""明天有人看涨停吗？""",12,7,2023
"""打西风搞金融[捂脸][捂脸][捂脸]""",12,7,2023
"""涨停板打开跑了[大笑]""",12,7,2023
"""有惊无险""",12,7,2023
"""明天一字涨停""",12,7,2023
"""$新力金融(SH600318)$""",12,7,2023
"""和海欣食品，五方光电走势有点像，期待明天。""",12,7,2023
"""$新力金融(SH600318)$""",12,7,2023
"""没回封明天核吧""",12,7,2023
"""谁打板接走了我的筹码，明天还给我行不""",12,7,2023
"""这个量是把公司卖了吗""",12,7,2023
"""风急浪高，练胆魄""",12,7,2023
"""不及预期，，明天止盈！""",12,7,2023
"""7.11买的看你套我""",12,7,2023
"""博被套游资自救脱身，看能否如愿""",12,7,2023
"""7.4买了点明天会不会套""",12,7,2023
"""明天哀嚎一片[旺柴]""",12,7,2023
"""里面怎么这么多""",12,7,2023
"""不管是谁，都要感谢今天的行情，让我顺利的做踢成功[握手][握手]""",12,7,2023
"""收盘7.41""",12,7,2023
"""收盘价7.6信不信:？""",12,7,2023
"""这个是庄股不能碰""",12,7,2023
"""有庄走 有庄进 ！！！""",12,7,2023
"""肯定有利好""",12,7,2023
"""均线下走，上不回去""",12,7,2023
"""重组了，今晚公告，明天一字板""",12,7,2023
"""尾盘涨停 ！！！""",12,7,2023
"""7.70元又追高了，唉。""",12,7,2023
"""等缩量调整两天可以杀进去""",12,7,2023
"""今天炸板，明天必然是一根大阴线？？！""",12,7,2023
"""$新力金融(SH600318)$""",12,7,2023
"""没有20%亏损预期，就不要买这种庄股""",12,7,2023
"""融券做空""",12,7,2023
"""我终于知道什么逻辑了现在什么板块都不要看，大资金都在赌接下来的金融会议大概肯定是""",12,7,2023
"""格局了  没出   主力真怂""",12,7,2023
"""打板套，""",12,7,2023
"""龙头地位要不保了""",12,7,2023
"""真狗拉高就砸""",12,7,2023
"""捅了""",12,7,2023
"""全清了，保住了6%的利润。""",12,7,2023
"""主力跑了""",12,7,2023
"""开板洗，明天一字板。""",12,7,2023
"""新历年，怎么少得了新力金融，比东南西北中发白还好""",12,7,2023
"""三天买俩都炸板了，这是啥点子""",12,7,2023
"""像极了2022年3月30号""",12,7,2023
"""欲哭无泪...""",12,7,2023
"""洗盘，把不傅筹都清理出去""",12,7,2023
"""剩三分一，尾盘不上再清仓""",12,7,2023
"""7.41博弈重点关注""",12,7,2023
"""急涨缓跌""",12,7,2023
"""今天不封，明天吃大面""",12,7,2023
"""看一下22年3月30号大家经历了什么，这家公司真黑""",12,7,2023
"""没卖后悔了""",12,7,2023
"""谢谢主力，见好就收""",12,7,2023
"""走人了谢谢主力""",12,7,2023
"""再不走二毛的利润都没了""",12,7,2023
"""陕西金叶参股券商+职业教育+烟草龙头，金字头，超低价小盘""",12,7,2023
"""我涨停板出了的，这个市场能赚钱都是王者贪不得。""",12,7,2023
"""我来追""",12,7,2023
"""你看看不会卖的，收盘有多少利润，收盘有可能绿了你。一群后知后觉的小散!""",12,7,2023
"""看样子，是有人不想让金融涨吧[捂脸][捂脸][捂脸][拜神][拜神][拜神]""",12,7,2023
"""血亏""",12,7,2023
"""打板血亏[哭][哭][哭][哭][哭][哭]""",12,7,2023
"""收盘变绿!立贴为证!""",12,7,2023
"""幸好跑了[微笑]""",12,7,2023
"""$新力金融(SH600318)$""",12,7,2023
"""猜猜收盘会不会变绿!""",12,7,2023
"""被老庄爆头了""",12,7,2023
"""下套吗？""",12,7,2023
"""今天让你们感受一下什么叫埋伏出货!哈哈哈哈，埋伏的资金不少啊!哈哈哈哈哈，全都跑""",12,7,2023
"""直接来一个长方形K线""",12,7,2023
"""剧烈震荡。风浪越大，鱼越大。整""",12,7,2023
"""主要我跑的够快，永远套不着[坏笑][坏笑][坏笑]""",12,7,2023
"""市""",12,7,2023
"""，满足了，出货了，拜拜了，小散过来接盘了。哈哈哈哈哈哈""",12,7,2023
"""直接爆头""",12,7,2023
"""首班拿好""",12,7,2023
"""到了年底多元金融和供销社概念是一定有一波的。这两个板块盘口都不大，只要形成了龙子""",12,7,2023
"""下午开盘就清仓，虽然不多，就买了一天，不给机会让我多买就换别的[坏笑][坏笑][""",12,7,2023
"""排板新力金融""",12,7,2023
"""继续追""",12,7,2023
"""被洗出来了""",12,7,2023
"""满仓了[大笑]""",12,7,2023
"""打板就是接盘的""",12,7,2023
"""这个股轻易不要碰""",12,7,2023
"""新力金融7.65的关键位看能不能有效突破""",12,7,2023
"""不是沪市票，不敢追高打板？？""",12,7,2023
"""集合竞价跑了两个亿，完犊子了""",12,7,2023
"""这货涨停了，赶紧去九鼎投资，马上涨停""",12,7,2023
"""兄弟们，卖了后跟我去搞冠昊""",12,7,2023
"""为什么涨停""",12,7,2023
"""SB战法少赚了七个点""",12,7,2023
"""$新力金融(SH600318)$""",12,7,2023
"""下午要开板了，注意点""",12,7,2023
"""封单太小，盈利了，该撤了""",12,7,2023
"""没力量了，跑吧。""",12,7,2023
"""开会必提化债，先炒了，也许是个跨年妖呢""",12,7,2023
"""$新力金融(SH600318)$""",12,7,2023
"""卧槽打脸7.18挂单成交了""",12,7,2023
"""我拿了好久，昨天原价卖了[哭]""",12,7,2023
"""这股历史上喜欢作妖""",12,7,2023
"""脑壳一拍，该我涨停了""",12,7,2023
"""还有多少大佬还在""",12,7,2023
"""一波来之不易的涨停""",12,7,2023
"""高于7.5逾期了，感谢庄家，拜拜咯""",12,7,2023
"""还有多少大佬还在？""",12,7,2023
"""我吐血了上个厕所回来飞了我都没加仓干。要是连板了我要吐血""",12,7,2023
"""给力""",12,7,2023
"""什么原因涨停的""",12,7,2023
"""拍断大腿""",12,7,2023
"""买了就涨停，给力""",12,7,2023
"""发生啥了，我就建点仓啊，还没买满那[大哭]""",12,7,2023
"""涨停上卖了1/3，感谢""",12,7,2023
"""老庄股""",12,7,2023
"""早上7.11卖的，7.24又买进来，7.o8想买偷偷搜搜的，我也真是服我自己了""",12,7,2023
"""赚了就跑[大笑]""",12,7,2023
"""券商板块拉不动，就拉升多元金融，反正是大金融板块首板，必须打了？？？""",12,7,2023
"""千万不要炸啊这操作炸板就凉了""",12,7,2023
"""t飞了""",12,7,2023
"""今天的涨停。是出来。还是在拿着呢""",12,7,2023
"""重组[鼓掌][鼓掌][鼓掌][鼓掌]""",12,7,2023
"""什么情况？升停！""",12,7,2023
"""本来想带大家一起玩的，可喷子太多，以后不再发自己研究的票了。""",12,7,2023
"""最低点卖了""",12,7,2023
"""麻将股炒完了，轮到炒金木水火土了""",12,7,2023
"""没有赚钱的命""",12,7,2023
"""打板进的，不要开板？？！""",12,7,2023
"""板上洗盘，拿三个板吧""",12,7,2023
"""一身冷汗""",12,7,2023
"""多元金融龙一吗？""",12,7,2023
"""新力金融12月7日打开涨停""",12,7,2023
"""牛逼""",12,7,2023
"""最好开几次板放走一部分""",12,7,2023
"""晕，刚走就板。""",12,7,2023
"""必破今天""",12,7,2023
"""突发利好了吗？""",12,7,2023
"""保险及其他板块异动拉升 新力金融涨停""",12,7,2023
"""守得云开见日出恭喜一起坚持持有的友友""",12,7,2023
"""这种股谁买得到？""",12,7,2023
"""为啥？""",12,7,2023
"""我们老师说数钱数到手抽筋""",12,7,2023
"""城市化债，相对于大金融板块，应该化债才是最大的看点吧""",12,7,2023
"""是不是还有二板三板？[大哭][大哭]""",12,7,2023
"""卖吧，明天不一定有溢价，炒的是“金”""",12,7,2023
"""早盘以为追高了还好""",12,7,2023
"""只要五分钟内3%大涨然后5%就会板，又吃到肉了""",12,7,2023
"""又是一个几天前加到自选没买的[哭]""",12,7,2023
"""金融三剑客：中迪投资/新力金融/香溢融通""",12,7,2023
"""量化交易""",12,7,2023
"""能封住吧[拜神][拜神][拜神]""",12,7,2023
"""等涨停""",12,7,2023
"""涨停板就是卖点""",12,7,2023
"""[拜神][拜神][拜神][拜神]""",12,7,2023
"""发生啥事了""",12,7,2023
"""昨晚研究了三小时，工作没白费。""",12,7,2023
"""心痛，卖飞了""",12,7,2023
"""终于没有辜负我的期望，半仓在里面""",12,7,2023
"""昨天选的，今天涨停，就在刚刚[捂脸][捂脸]""",12,7,2023
"""$新力金融(SH600318)$""",12,7,2023
"""哭了，压力位一下就过了[哭][哭]""",12,7,2023
"""大家给曼哥鼓掌，今天买了就涨停""",12,7,2023
"""卧槽""",12,7,2023
"""ns""",12,7,2023
"""圆弧底漂亮""",12,7,2023
"""又卖飞了格局不够啊""",12,7,2023
"""新力金融12月7日盘中涨幅达5%""",12,7,2023
"""涨停""",12,7,2023
"""上不去还不下来？""",12,7,2023
"""不懂这股习性的，不会冲高卖的，在这股是赚不到钱的""",12,7,2023
"""你会看这样的图形，里面一多半的人会看这图形，都等着吃肉呢？然后被浇上一桶尿""",12,7,2023
"""发套，日""",12,7,2023
"""大盘一反弹就跌""",12,7,2023
"""量在加大，大涨可期""",12,7,2023
"""小双顶就喜欢跟大盘逆走势""",12,7,2023
"""今天不要收阴线就行了""",12,7,2023
"""大托单诱多出货，今天这跟避雷针更长""",12,7,2023
"""连涨6天了也没涨多少还不如拉一根大阳线""",12,7,2023
"""东南西北中发，要炒金木水火土嘛。""",12,7,2023
"""7.22出了，今天又是一根长阴线。尾盘再接回来""",12,7,2023
"""所有档卖盘合计不到3000万，压个毛线呐？""",12,7,2023
"""无穷无尽的抛压，拜拜咯""",12,7,2023
"""可恶，卖了你就涨""",12,7,2023
"""昨天还说，每次冲高都是卖出时机，上影线太长，抛压巨大""",12,7,2023
"""你好，请问公司与际华集团有合作吗？""",12,28,2023
"""新力金融12月7日快速上涨""",12,7,2023
"""跳高的前奏""",12,7,2023
"""新力金融：连续3日融资净买入累计1375.5万元（12-06）""",12,7,2023
"""今天到高点连线就回落""",12,7,2023
"""尾盘换到这里，看看手气""",12,6,2023
"""这个股，不要按常理。但比存钱在银行安全""",12,6,2023
"""五连阳了，年底目标价12，维持强力买入观点，个人观点，不喜勿喷[旺柴]""",12,6,2023
"""尾盘建点仓[大笑][大笑][大笑]""",12,6,2023
"""拿了两个月不动声色，一走就涨[摊手][摊手][摊手][摊手][摊手][摊手][摊""",12,6,2023
"""抗跌的周期股两只：新力金融，金健米业。""",12,6,2023
"""我今天买入了新力金融，我对他非常有信心，他的均线非常好。日线，周线，月线都非常好""",12,6,2023
"""明天加速强攻""",12,6,2023
"""我7.01砸了1000手，没搞下去。""",12,6,2023
"""是不是金字辈，真不行""",12,6,2023
"""浪费时间""",12,6,2023
"""每天磨磨唧唧，收盘有只涨一分""",12,6,2023
"""下面假拖单尾盘跳水下面假拖单尾盘跳水跌停""",12,6,2023
"""没搞了，又没量，又是上长阴线。""",12,6,2023
"""每次冲高都是卖出时机，不信就吃亏""",12,6,2023
"""能收在7块之上就试点""",12,6,2023
"""走一半仓落袋为安""",12,6,2023
"""没有资金看上，走了""",12,6,2023
"""新年快乐""",12,6,2023
"""必须要来一波急跌，不然这样的走势整不起来""",12,6,2023
"""其实都是主力在逗大家，看看就行了，行情来了就起飞""",12,6,2023
"""趋势良好！价值围猎，不加速不离场！""",12,6,2023
"""此股非常的肾虚，远离肾虚股!""",12,6,2023
"""等涨停[捂脸][捂脸]""",12,6,2023
"""板块需要带头大哥，新力来吧""",12,6,2023
"""坚定持有，年底翻倍""",12,6,2023
"""新力金融12月6日快速上涨""",12,6,2023
"""这公司哪年年底涨过？""",12,6,2023
"""新力金融：融资净买入886.82万元，融资余额2.42亿元（12-05）""",12,6,2023
"""炒完东南西北中发白后该炒金木水火土啦""",12,5,2023
"""今天不下雨，老衲夜观天象，明天涨停。许光汉坐镇，""",12,5,2023
"""耐心等待，底部形态。。。。。""",12,5,2023
"""右底2950 不破不立，考验信心耐心！""",12,5,2023
"""牛股""",12,5,2023
"""早知道中午卖了，下午接回来[微笑]""",12,5,2023
"""这个股偷涨的，""",12,5,2023
"""啥也不是割肉走了""",12,5,2023
"""卖了就涨，日。""",12,5,2023
"""好股票""",12,5,2023
"""弱势行情中，板块内有个别强势股，其他股就没机会了""",12,5,2023
"""你特么涨一下啊，真的是。。""",12,5,2023
"""这样子不是要大涨就是大跌""",12,5,2023
"""下面假拖单拖着出货""",12,5,2023
"""大伙快来九鼎[亏大了][亏大了][亏大了][亏大了][亏大了]""",12,5,2023
"""不会到下午又是几分钱把""",12,5,2023
"""拉个涨停来人气[笑哭][笑哭][笑哭]""",12,5,2023
"""快下来[哭]""",12,5,2023
"""10日线就把你压住了，弱股！""",12,5,2023
"""现在这里最安全，新力业绩转好待涨：！""",12,5,2023
"""给为再见，亏个手续费[摊手]""",12,5,2023
"""要大涨了，不排除涨停板[火箭]""",12,5,2023
"""太垃圾啦，各位别恋战了就是清仓""",12,5,2023
"""新力金融：融资净买入243.01万元，融资余额2.33亿元（12-04）""",12,5,2023
"""连涨三天了，该大跌了？[囧]""",12,4,2023
"""老衲花了10分钟夜观天象，今天下雨[微笑]""",12,4,2023
"""他人笑我太疯癫，我笑他人看不穿。新力金融，梭哈了[微笑]""",12,4,2023
"""主力出不了货""",12,4,2023
"""明天短期支撑位6.78元将再次迎考验""",12,4,2023
"""主力好恶心""",12,4,2023
"""出了算逑""",12,4,2023
"""继续砸啊！不死不活动""",12,4,2023
"""主力过得太平静的生活""",12,4,2023
"""早盘抛出，等指数破3000点再买。""",12,4,2023
"""今天估计就这样了，没有不绿就可以了，没有多少成交量。""",12,4,2023
"""低吸""",12,4,2023
"""主力人呢？""",12,4,2023
"""新力金融本周融资净偿还1264.13万元，居多元金融板块第二""",12,3,2023
"""这么小的盘子这么多人可怕""",12,3,2023
"""周一 3-4个点的涨幅   冲啊小庄""",12,3,2023
"""老衲算了一卦下周两个涨停板""",12,2,2023
"""新力金融：融资净偿还194.42万元，融资余额2.31亿元（12-01）""",12,2,2023
"""保险及其他板块异动拉升 新力金融涨停12-07 11:27 同花顺7x24快讯""",12,2,2023
"""底部形态，，，，，耐心等待，，""",12,1,2023
"""供销合作社不如天鹅，多元金融不如九鼎。""",12,1,2023
"""新力金融(600318.SH)：子公司设立新能源公司目前没有充电桩业务""",12,1,2023
"""新力金融：12月1日召开董事会会议""",12,1,2023
"""注意！新力金融将于12月18日召开股东大会""",12,1,2023
"""都说jb啥了，看不懂，谁能教教我""",12,1,2023
"""新力金融:安徽新力金融股份有限公司关于召开2023年第二次临时股东大会的通知""",12,1,2023
"""新力金融:安徽新力金融股份有限公司第九届董事会第七次会议决议公告""",12,1,2023
"""新力金融:安徽新力金融股份有限公司关于2023年第三季度业绩说明会召开情况的公告""",12,1,2023
"""新力金融:安徽新力金融股份有限公司关于新增及修订公司相关制度的公告""",12,1,2023
"""新力金融:安徽新力金融股份有限公司第九届监事会第七次会议决议公告""",12,1,2023
"""新力金融:安徽新力金融股份有限公司独立董事工作制度(2023年修订版)""",12,1,2023
"""新力金融:安徽新力金融股份有限公司会计师事务所选聘制度""",12,1,2023
"""为实现建设金融强国百年大计，贵司领导层能否带头回购公司股票并注销？""",12,28,2023
"""贵司计划何时成立私募投资基金？""",12,28,2023
"""请问贵司有无资产管理业务？投资部门主要偏向哪类风投？创投业务能否成为新的业绩增长""",12,28,2023
"""贵司作为安徽供销社背景的央企，历史上多次被社保基金、证券投资基金等大型国家资金关""",12,28,2023
"""公司能否将公司自有确权的数据产品化进行数据交易，从而形成公司的数据资产，目前有那""",12,28,2023
"""贵司手付通支持银行业务需要算力支撑，请问如何发展算力？""",12,28,2023
"""请问公司催收业务能否将传统作业模式与前沿AI技术相结合，促进高效贷后催收？""",12,28,2023
"""请问手付通作为服务银行的软件，能否加入AI人工智能，更方便为客户提供智能化服务。""",12,28,2023
"""中央政治局、中央金融办、中央金融工委提出:坚定不移走中国特色金融发展之路，多次强""",12,28,2023
"""请问贵司融资租赁客户有哪些是北交所上市公司?""",12,28,2023
"""贵司新能源业务主要面向哪些方向? 有无光伏、风能、储能、电网等业务?请问董事长对""",12,28,2023
"""请问贵司供应链钢材有无掌握汽车用钢研制核心技术?汽车用钢占比多少?能否用作新能源""",12,28,2023
"""股东张敬红近些年长期出现在贵司大股东名单中，请问此人是否与公司有业务往来？与贵司""",12,28,2023
"""虽然涨的不多，好在也算个开门红，年底争取翻倍[火箭]""",12,1,2023
"""纯纯的散户行情""",12,1,2023
"""太弱了，根本放不出量，压得死死的""",12,1,2023
"""韭菜散户开始质疑你个叼毛，[偷笑][偷笑]""",12,1,2023
"""今天收6.95以上！""",12,1,2023
"""这股下跌趋势形成，明年再看吧""",12,1,2023
"""新力金融：融资净偿还247.52万元，融资余额2.33亿元（11-30）""",12,1,2023
"""正宗长三角概念股""",12,1,2023
"""$新力金融(SH600318)$""",11,30,2023
"""形态出来了，后市看涨""",11,30,2023
"""兄弟们，撤了，都不涨，说明还要跌。""",11,30,2023
"""左手倒右手""",11,30,2023
"""打不过就加入，红卖，绿买""",11,30,2023
"""走弱了""",11,30,2023
"""等6.73""",11,30,2023
"""绿就买，红就卖[俏皮][俏皮][俏皮][俏皮]""",11,30,2023
"""主力好过分""",11,30,2023
"""涨一点，唱多的来了跌一点，唱空的来了。""",11,30,2023
"""好多翻""",11,30,2023
"""这股比八九十岁的老人还弱""",11,30,2023
"""新力金融：融资净买入44.67万元，融资余额2.35亿元（11-29）""",11,30,2023
"""老衲夜观天象，明天涨5个点""",11,29,2023
"""跌到你们怀疑人生哦[偷笑][偷笑][偷笑][大笑][大笑][大笑][偷笑][大笑""",11,29,2023
"""6.93的本，亏的受不了了""",11,29,2023
"""兄弟们我斩仓了，希望给带来好运，我也能回本[哭]""",11,29,2023
"""再见了，垃圾""",11,29,2023
"""6.89买了1万股，试试运气。""",11,29,2023
"""无钱任性随便你跌[坏笑][坏笑][色][色]""",11,29,2023
"""撤此地不宜久留，没大跌就没大涨""",11,29,2023
"""还要洗多久，多久多久""",11,29,2023
"""我在洗融资，洗净了就来啦几个涨停[大笑][大笑][大笑]""",11,29,2023
"""不容易啊我先出了""",11,29,2023
"""从7.33元下跌到6.78元，一波调整差不多到位完成了，有望走出一波上涨行情""",11,29,2023
"""6.79买进""",11,29,2023
"""又在憋坏了""",11,29,2023
"""昨天就知道是这样了，涨你不跟，跌一定有你""",11,29,2023
"""要调整两天了""",11,29,2023
"""？？？？""",11,29,2023
"""跌停板？""",11,29,2023
"""新力金融：融资净偿还118.36万元，融资余额2.35亿元（11-28）""",11,29,2023
"""打死也不走跌了再补仓。""",11,28,2023
"""明天涨停啊，赶紧买啊""",11,28,2023
"""明天一定会跟天鹅大跌""",11,28,2023
"""散户集中营""",11,28,2023
"""贵公司在创投领域有哪些作为？""",12,28,2023
"""6.9有一半获利盘，但获利银少，在纠结！""",11,28,2023
"""很弱，回本就清了""",11,28,2023
"""盘中拉高""",11,28,2023
"""我690卖了｀它就涨了｀就缺我1600股""",11,28,2023
"""这货跟谁得？""",11,28,2023
"""下午可以表演一下！""",11,28,2023
"""蜗牛爬不起来""",11,28,2023
"""专杀技术派""",11,28,2023
"""主力人呢[微笑]，在不上张追到你家门口[哭]""",11,28,2023
"""幸好跑得快，又进了中央商场，那叫一个美[呲牙]""",11,28,2023
"""最悲观的时刻往往孕育着大机会！难点在于如何预判这个“最悲观”！""",11,28,2023
"""等待！""",11,28,2023
"""扭扭捏捏""",11,28,2023
"""回踩进""",11,28,2023
"""跌呀，你不跌我昨补仓呀""",11,28,2023
"""怎么也得跌一阵""",11,28,2023
"""今天涨停""",11,28,2023
"""妖股即将大涨起飞翻倍票，现在进刚好""",11,28,2023
"""该你表现了，拿出妖劲来!""",11,28,2023
"""新力金融：融资净偿还748.5万元，融资余额2.36亿元（11-27）""",11,28,2023
"""割肉了，割肉了。年报亏损ST""",11,27,2023
"""走了走了""",11,27,2023
"""垃圾，走了""",11,27,2023
"""垃圾股，兄弟们请远离""",11,27,2023
"""明天6.5抄底[抄底]""",11,27,2023
"""有人来加油打气吗[哭][哭][哭]""",11,27,2023
"""挨一顿胖揍，跑了3份2。惨不忍睹[可怜]""",11,27,2023
"""6.58买""",11,27,2023
"""暂停退市改革现在的上市公司管理制度，董事长亏损更换制度""",11,27,2023
"""7.26进，今天6.87割了""",11,27,2023
"""今日败北！""",11,27,2023
"""冷冷清清我就放心了。""",11,27,2023
"""低位放量大跌是洗盘，过几天会涨的怀疑人生""",11,27,2023
"""放量大阴 是有啥潜在利空？""",11,27,2023
"""走了，这有雷啊""",11,27,2023
"""要有信心！""",11,27,2023
"""美联储暂停加息与北证50强势反弹，金融行业或迎来投资良机""",11,27,2023
"""记住了，散户们，下午必须跑，要大跌了""",11,27,2023
"""今天跌停""",11,27,2023
"""这波跌到5""",11,27,2023
"""有点好低的市值""",11,27,2023
"""6.48进，7.04走了，总感觉有鬼，算了落袋为安""",11,27,2023
"""散户聚集地[滴汗][滴汗]""",11,27,2023
"""岀手""",11,27,2023
"""TUO 太多了，要么就是水平不行""",11,27,2023
"""地天板""",11,27,2023
"""跟着大盘跌就对了""",11,27,2023
"""卧槽""",11,27,2023
"""再见""",11,27,2023
"""偷偷走强的个股！""",11,27,2023
"""@所有股东朋友们，大盘即将破3000千，目前空投活跃，有票得注意风险！提前减仓及""",11,27,2023
"""怎么那么多融卷卖出，这个融卷哪里来的。砸盘嘛。""",11,27,2023
"""天天不换九哥，天天亏""",11,27,2023
"""下跌趋势开启！接下来爆跌！""",11,27,2023
"""连板到10元，兄弟们冲……""",11,27,2023
"""今日涨停[上涨]""",11,27,2023
"""3000保卫战打响了""",11,27,2023
"""$新力金融(SH600318)$""",11,26,2023
"""新力金融本周融资净买入3528.34万元，居多元金融板块第三""",11,26,2023
"""重组故事又可以讲了，我们很喜欢听你讲故事。""",11,26,2023
"""曾经爆雷会影响你跟供销社还是多元金融吗？""",11,26,2023
"""明天应该硬起来了""",11,26,2023
"""盘子小散户多能涨起来有鬼了""",11,26,2023
"""散户集中营""",11,26,2023
"""马上年末了，做个总结。今年的我前期家庭变故让我难受！！[大哭][哭]国庆前宏昌转""",11,26,2023
"""唱多的人越来越多，人气越来越高怎么回事，难道抖音又有谁推荐这个股割韭菜""",11,25,2023
"""股吧唱多必有缘由""",11,25,2023
"""分时走的很漂亮，周一有戏""",11,25,2023
"""周一一字涨停，磨磨唧唧的""",11,25,2023
"""月线刚刚开始""",11,25,2023
"""主力还在里面，，[微笑]""",11,25,2023
"""下周必有涨停""",11,25,2023
"""兄弟们，这样的垃圾股大家尽量少玩，珍惜手中的票子。""",11,25,2023
"""新力金融：融资净买入1519.48万元，融资余额2.45亿元（11-24）""",11,25,2023
"""庄家恩赐涨两分""",11,24,2023
"""$新力金融(SH600318)$""",11,24,2023
"""今天走势符合预期，抗住了下跌。大资金进了埸，小散在流出，看来和我一样的资金开始布""",11,24,2023
"""连续两天金针探底，星期一大阳线。""",11,24,2023
"""周一不行就割""",11,24,2023
"""九鼎目前市场最高板，但板块内就一个五厘米2板，太割裂了，如果周一还不能带动板块涨""",11,24,2023
"""多元金融的九鼎投资你不跟，供销社的天鹅股份你不跟，无人问津的股票，走了。""",11,24,2023
"""趋势没问题，，，，，""",11,24,2023
"""尾盘怎么看。这个股原来出货基本到高点就一直往下，这次没有，尤其今天尾盘资金一直流""",11,24,2023
"""进一步提高对该股的关注度！""",11,24,2023
"""散户们吓走了，机构进驻！""",11,24,2023
"""这股得新庄才行，来个游资老庄就斯啦""",11,24,2023
"""垃圾，前天把西部牧业换你""",11,24,2023
"""88，上不去还要下""",11,24,2023
"""国元证券收购做证券！""",11,24,2023
"""777777777777777777777777[大笑][大笑][大笑][大笑]""",11,24,2023
"""走了，空仓观望，下个月再说""",11,24,2023
"""卖飞小亏，心态务必要稳住，等企稳助力""",11,24,2023
"""你还有曾经的妖性没？有我就上车""",11,24,2023
"""牛市刚开始""",11,24,2023
"""跑""",11,24,2023
"""散户太多，拉不起来，九鼎就一万多散户轻松拉""",11,24,2023
"""太弱了，走了""",11,24,2023
"""争取738收盘""",11,24,2023
"""资本市场要启动了""",11,24,2023
"""跑了[捂脸][捂脸]""",11,24,2023
"""看华金资本能不能带头""",11,24,2023
"""即将起飞""",11,24,2023
"""快砸下来上去就没搞头了""",11,24,2023
"""买的越多，压的越多，根本买不完""",11,24,2023
"""华金也飞了""",11,24,2023
"""你mei，怎么还是净流入？""",11,24,2023
"""今天中阳线！我说的[大笑]""",11,24,2023
"""行情差时，板块有一个涨的，维护板块，其他就跌了""",11,24,2023
"""资金天天流入的""",11,24,2023
"""可以启动了""",11,24,2023
"""今天大盘冲60日线就有戏，不冲就GG""",11,24,2023
"""密切关注这个价值围猎股！""",11,24,2023
"""价值围猎的代表个股！""",11,24,2023
"""11点我来拉上去[微笑]""",11,24,2023
"""难道没庄？""",11,24,2023
"""啊，九鼎又涨停了，你这货毛都不跟""",11,24,2023
"""这到底是个什么鬼东西啊，什么都不跟""",11,24,2023
"""新力金融：融资净偿还208.06万元，融资余额2.29亿元（11-23）""",11,24,2023
"""和证券一个走势[捂脸]金融四傻，银保证外加一个多元金融""",11,24,2023
"""今天的微调属正常，但令我也有点失望，昨天政府会议提到支持其它金融服务实体经济，以""",11,23,2023
"""今天在洗盘呢，，，。趋势没问题，，""",11,23,2023
"""明天来个涨停""",11,23,2023
"""看看这个""",11,23,2023
"""年底到了又到你开始讲故事的时候了，并购重组[大笑]来5个涨停板。""",11,23,2023
"""明天拉四个点。我要跑路了""",11,23,2023
"""贵公司在金融数据要素领域有哪些作为？""",12,28,2023
"""九鼎投资涨停，天鹅涨停。你总要跟一个吧？如果明天前面两只继续涨停，你还不上涨。那""",11,23,2023
"""虽然我昨天推测供销社今天大涨，新力金融今天涨停，但这票真杂毛呀，没有涨停基因，天""",11,23,2023
"""没红，怎么说？""",11,23,2023
"""未来可期，一周内有板""",11,23,2023
"""这么低的价格都出货，没法玩了[怒]""",11,23,2023
"""重组方案又要来了，大家都懂的[鼓掌]""",11,23,2023
"""收红""",11,23,2023
"""拉点就砸盘，没戏，走人，亏点手续费""",11,23,2023
"""昨天看见天鹅异动没上，买了你[怒][怒][怒]""",11,23,2023
"""真是弱，，都带不动！！！""",11,23,2023
"""九鼎又板了[滴汗][滴汗]""",11,23,2023
"""我认栽｀清仓｀""",11,23,2023
"""垃圾，，卖了换股，赚了1个点[惊讶]""",11,23,2023
"""完美[干杯][干杯]""",11,23,2023
"""企稳了吗？弱转强继续切换低吸，勿追高""",11,23,2023
"""跟的多元金融香溢没跟供销社天鹅""",11,23,2023
"""垃圾""",11,23,2023
"""隔壁什么都涨停过""",11,23,2023
"""88了，真没意思""",11,23,2023
"""隔壁天鹅股份涨停了""",11,23,2023
"""有钱途？""",11,23,2023
"""昨天的利好，，一点动静都没有！！""",11,23,2023
"""天鹅中农涨停,新力今天冲击涨停,供销社三剑客!""",11,23,2023
"""又把大家忽悠了，主力，牛掰。""",11,23,2023
"""12月这么多年有几次不跌的？""",11,23,2023
"""为了涨停冲啊""",11,23,2023
"""高开进，低开出，老韭菜都明白[奸笑][奸笑][奸笑]""",11,23,2023
"""兄弟姐妹们，21.8得本能减套吗？[捂脸][捂脸][捂脸][捂脸][捂脸][捂脸""",11,23,2023
"""新力金融：融资净买入2083.07万元，融资余额2.31亿元（11-22）""",11,23,2023
"""$新力金融(SH600318)$""",11,23,2023
"""昨天进来了，今天又的割肉出局了，唉，休息几天吧""",11,23,2023
"""今天得跑""",11,23,2023
"""仙人指路""",11,23,2023
"""今天吃大肉，今天吃大肉，有肉吃太极实业600667龙凤都是晚辈太极是鼻祖今天太极""",11,23,2023
"""明天开启主升浪，看这次有几板，这么晚我都还没睡，紧盯消息面。今天有一帖就说过此票""",11,23,2023
"""四部门：大力支持实施创新驱动发展战略把更多金融资源用于促进科技创新""",11,22,2023
"""明显的放量拉升试盘动作，压力位主力也知道了，明天看怎么洗""",11,22,2023
"""春天来了要翻倍么""",11,22,2023
"""金融科技龙头""",11,22,2023
"""这个公司干什么的""",11,22,2023
"""$新力金融(SH600318)$""",11,22,2023
"""来个涨停不过分吧""",11,22,2023
"""明天开始涨停""",11,22,2023
"""你说明天买不买""",11,22,2023
"""一鲸落万物生！哈哈哈，中值会不会利好""",11,22,2023
"""又一次被套，晕！不敢追了""",11,22,2023
"""这货还是放高利贷的，不错，明天买点""",11,22,2023
"""新力金融：业绩说明会定于12月1日举行""",11,22,2023
"""高开追，低开跑""",11,22,2023
"""新力金融:安徽新力金融股份有限公司关于召开2023年第三季度业绩说明会的公告""",11,22,2023
"""伪装成散户自己买卖图追高的散户""",11,22,2023
"""以此股上（午）拉下（午）泄的尿性，，不知收了自以为聪明的韭菜。只不过，如果明白其""",11,22,2023
"""试盘！""",11,22,2023
"""垃圾""",11,22,2023
"""大盘惨了！！！！""",11,22,2023
"""散户把主力埋了？""",11,22,2023
"""以为能涨停，最高点进来的，完蛋了""",11,22,2023
"""小主尽量降低成本，伺机再上！""",11,22,2023
"""今天地天板好几个。就是不敢买。""",11,22,2023
"""稍涨点小散们急着抛出！""",11,22,2023
"""马拉皮的，花那么多时间就为了我这10手吗？等一早上你不涨，一卖就涨。""",11,22,2023
"""技术有加速的迹象""",11,22,2023
"""7.09抄底，明天供销社涨停""",11,22,2023
"""耐心持有""",11,22,2023
"""尾盘涨停板可能""",11,22,2023
"""有点险，，要下跌了，，估计追高了""",11,22,2023
"""就结束了！！！""",11,22,2023
"""参考省广走势""",11,22,2023
"""明天涨停""",11,22,2023
"""好的""",11,22,2023
"""很弱，""",11,22,2023
"""小盘金融服务股，经常会被资金操作，往往会有闪亮的表现，从公司经营业绩看确实也是有""",11,22,2023
"""量能配合得很好，今日不会涨停大概涨2到3点收盘，后期会上涨并破前期高点8.45元""",11,22,2023
"""历年年末新力金融都会来波，大金融拉不起，小金融会唱主角""",11,22,2023
"""涨停吧[献花][献花]""",11,22,2023
"""2浪有拉板需求""",11,22,2023
"""最鬼，最小气的操盘手""",11,22,2023
"""算力来了""",11,22,2023
"""要什么自行车""",11,22,2023
"""跑的快啊，哈哈！不然又要套着了，赚10个点！再见！""",11,22,2023
"""7.16追三层""",11,22,2023
"""能买不""",11,22,2023
"""香溢融通涨停，跟涨！""",11,22,2023
"""别动""",11,22,2023
"""靠，开盘就挂起的，挂了个平盘卖[哭]""",11,22,2023
"""荣耀借壳？""",11,22,2023
"""可以发射""",11,22,2023
"""发这么多消息出来也不感冒的""",11,22,2023
"""板块还是可以的，弱菜""",11,22,2023
"""収盘7.05""",11,22,2023
"""金控平台成型 发力第三方支付 主要观点""",11,22,2023
"""新力金融：供应链业务已为公司贡献利润，新能源业务目前处于培育阶段""",11,22,2023
"""新力金融：融资净买入189.24万元，融资余额2.11亿元（11-21）""",11,22,2023
"""新能源业务目前处于培育阶段！""",11,21,2023
"""明天跌？？？。。。？？？？我梭哈满仓""",11,21,2023
"""，安徽润祥新能源，牛逼了""",11,21,2023
"""新力金融(600318.SH)：主营业务无和水泥相关的业务合作""",11,21,2023
"""此股每年年末都会来一波，牛市开启，多元金融会唱主角，仁东控股和九鼎投资双双涨停，""",11,21,2023
"""我尾盘买了，其它金融应该来一波了。""",11,21,2023
"""新力金融：公司主营业务无和水泥相关的业务合作""",11,21,2023
"""新力金融：新能源业务目前处于培育阶段""",11,21,2023
"""新力金融：公司子公司为相关电商、集成电路企业提供融资担保及融资贷款等服务""",11,21,2023
"""以为金融有大戏。被套了。。。明天放我走""",11,21,2023
"""你能什么出息啊[坏笑]""",11,21,2023
"""剩下一百股，走人了[吃瓜][吃瓜][吃瓜]""",11,21,2023
"""一草地""",11,21,2023
"""垃圾东西""",11,21,2023
"""今天的交易很大[赞]""",11,21,2023
"""有利好你不硬一次吗""",11,21,2023
"""鲁信创投鲁信创投鲁信创投，重要的事情说三遍""",11,21,2023
"""买了，跌吧[吃瓜][吃瓜]""",11,21,2023
"""7.01元买了一手，不会被套吧。""",11,21,2023
"""不过话说回来，新力背后有更大的炒作预期""",11,21,2023
"""太弱""",11,21,2023
"""北交所指数大涨7%""",11,21,2023
"""搞起来！！！""",11,21,2023
"""下午接着涨起来[笑哭]""",11,21,2023
"""又被骗了[哭]""",11,21,2023
"""高位徘徊，无力。""",11,21,2023
"""试盘时买少了，买了五分之一仓，现在反而不敢进了""",11,21,2023
"""多头""",11,21,2023
"""看看这个历史新高会不会是最近几年无法逾越的高峰！""",11,21,2023
"""人民币对美元升值，这就是利好。""",11,21,2023
"""新力金融：融资净偿还55.4万元，融资余额2.09亿元（11-20）""",11,21,2023
"""新力金龙，龙字辈二波行情呼之欲出""",11,20,2023
"""我就问上次调研的三家这个对上没，这个还是安徽板块，开始数板""",11,20,2023
"""天天利好就是不涨""",11,20,2023
"""死股竟然有2％的换手，挺神奇的！""",11,20,2023
"""竟然有2％的换手！""",11,20,2023
"""骂人犯法吗？""",11,20,2023
"""这货年前没戏了，五万份割了换公司""",11,20,2023
"""7.19年前顶部""",11,20,2023
"""又是织布机的一天""",11,20,2023
"""[图片]""",11,20,2023
"""大阴线要来了""",11,20,2023
"""是不是利好借贷公司""",11,20,2023
"""新力金融本周融资净买入247.02万元，居多元金融板块第六""",11,19,2023
"""明天开始再也看不到6开头了，新力要觉醒了，开盘7开头""",11,19,2023
"""兄弟们，请远离此垃圾股""",11,18,2023
"""下周一数着跌停板吧[色][色][色][坏笑]""",11,18,2023
"""新力金融：融资净偿还67.46万元，融资余额2.09亿元（11-17）""",11,18,2023
"""重组预期带来的炒作机会！故事的真假不重要，关键是你信了！""",11,17,2023
"""前期套牢盘太多，稍微一涨就巨量抛盘，技术图形很标准""",11,17,2023
"""骗线，清仓等待""",11,17,2023
"""两个长上影阴，抛压巨大，今天看大阴线""",11,17,2023
"""685，看年线能不能抗住压力了""",11,17,2023
"""1540要我杀你[吃瓜]""",11,17,2023
"""不好意思，今天让大家血亏了""",11,17,2023
"""666""",11,17,2023
"""吓唬谁那？孙子""",11,17,2023
"""新力金融：融资净买入43.85万元，融资余额2.1亿元（11-16）""",11,17,2023
"""这个股有个底庄，不知道他在等啥，等合作伙伴吗[微笑]""",11,16,2023
"""【调研快报】新力金融接待银河证券等多家机构调研""",11,16,2023
"""新力金融:安徽新力金融股份有限公司投资者关系活动记录表""",11,16,2023
"""一句话：向下空间有限，买进持股待涨即可。""",11,16,2023
"""昨天就说，今天收阴线""",11,16,2023
"""卖担量83%，买担17%，难啊""",11,16,2023
"""不要装了，该拉就拉""",11,16,2023
"""扭扭捏捏，犹抱琵琶半遮面挡不住你下午的绿油油""",11,16,2023
"""下午两点半来菜市场捡菜，便宜又打折。早上买的都是贵的，都是冲动的惩罚!""",11,16,2023
"""[爱心]""",11,16,2023
"""今天不绿那是你中彩票了。大概率是下行一段时间了!""",11,16,2023
"""技术派出来说说看，为什么会这样。""",11,16,2023
"""这个票没有涨停基因""",11,16,2023
"""仁东控股已涨停 跟不跟？""",11,16,2023
"""今天收7.60元，有人不同意的点赞举手""",11,16,2023
"""有蓄势上冲的潜力[微笑]""",11,16,2023
"""来个涨停试试[捂脸][捂脸]""",11,16,2023
"""和我预判的一样低开低走""",11,16,2023
"""新力金融：融资净偿还516.99万元，融资余额2.1亿元（11-15）""",11,16,2023
"""新力金融:安徽新力金融股份有限公司投资者关系活动记录表""",11,16,2023
"""该炒金字辈了龙字辈后，今天又炒起来金字辈了，金龙羽、金刚光伏、中科金财、金圆股份""",11,15,2023
"""明天反包今天的上影线，强势上攻""",11,15,2023
"""明天吃面啦[面]""",11,15,2023
"""就五分钟""",11,15,2023
"""这股怎么人气这么旺这么多人看好啊也不活跃啊反正我是八月初买的现在还套十个点解套就""",11,15,2023
"""明天开始加速""",11,15,2023
"""高位上长隐线，明天凶多吉少，不该追高，手该打""",11,15,2023
"""就问你涨没涨，1分钱也是""",11,15,2023
"""除了说你垃圾还能说啥呢[哭][哭]""",11,15,2023
"""真坏啊""",11,15,2023
"""竞价满仓了，祝我们好运[加油][加油][加油]""",11,15,2023
"""从9点套到下午三点，这几天会好好折磨你""",11,15,2023
"""丝一个""",11,15,2023
"""收绿玩完""",11,15,2023
"""明天直接低开两三个点，然后跌四五个点""",11,15,2023
"""长上影流星线，明天收阴线""",11,15,2023
"""抛压非常大，上影线太长""",11,15,2023
"""今天是不搞绿，誓不罢休""",11,15,2023
"""我的娘耶，三年了。还亏60%""",11,15,2023
"""跑的真快啊""",11,15,2023
"""仙人指路……可惜是黄泉路""",11,15,2023
"""早上进的，被埋了。""",11,15,2023
"""今天套了一部分人，明天跌已经成定局了！""",11,15,2023
"""彻底完蛋，活埋""",11,15,2023
"""幸亏上午卖了""",11,15,2023
"""仙人指路""",11,15,2023
"""垃圾啊""",11,15,2023
"""7.17追进，以为要涨停，追了个寂寞。""",11,15,2023
"""再入手一些！""",11,15,2023
"""神经病稿这么长避雷针离回本更远了没那本事别学人家高开---""",11,15,2023
"""7元清仓了，的玩意儿""",11,15,2023
"""还没怎么涨就开始洗盘？""",11,15,2023
"""今天无论涨跌，不影响我前进的步伐。""",11,15,2023
"""仙人指路[为什么]""",11,15,2023
"""哈哈7.15卖了，如果跌回，尾盘接回！""",11,15,2023
"""不用慌，静待拉升。[呲牙]""",11,15,2023
"""卖飞了我擦""",11,15,2023
"""兄弟们快跑出事了[看空][看空][哭]""",11,15,2023
"""新力金融：融资净买入469.57万元，融资余额2.15亿元（11-14）""",11,15,2023
"""先看7.6""",11,14,2023
"""翻倍""",11,14,2023
"""稳住，即将扬帆。""",11,14,2023
"""人气顶到前50，冲冲冲""",11,14,2023
"""5.1的成本不知道该走该留啊。""",11,14,2023
"""今天减仓了，不知是对是错[笑哭]""",11,14,2023
"""年线拿下，明天开始连板""",11,14,2023
"""今天千万别收6.88""",11,14,2023
"""国际大力发展乡村振兴，贵公司在乡村振兴领域有哪些作为？""",11,21,2023
"""你那是做金融的嘛，你是做织布机的，死垃圾""",11,14,2023
"""站稳年线收盘，明天加糖""",11,14,2023
"""2.50分不涨五个点，我就走了""",11,14,2023
"""上了但又没上""",11,14,2023
"""上年线死垃圾[怒][怒][怒]""",11,14,2023
"""哈哈哈券商都在拉，卖在黎明前""",11,14,2023
"""卖飞了！86走了""",11,14,2023
"""7元以下的时间不多了""",11,14,2023
"""下午会板否？""",11,14,2023
"""诱多而已""",11,14,2023
"""上年线事不过三""",11,14,2023
"""昨天尾盘清了，亏了0.3个点""",11,14,2023
"""站上6.9直接加仓""",11,14,2023
"""今天涨停不？""",11,14,2023
"""买这个的都是韭菜""",11,14,2023
"""新力金融：融资净买入318.06万元，融资余额2.1亿元（11-13）""",11,14,2023
"""大哥，啥时候上年线[哈欠][哭]""",11,13,2023
"""雄起了""",11,13,2023
"""公司近期有没有战略投资计划？""",11,21,2023
"""尾盘拉一下""",11,13,2023
"""走了！庄无能[得意]""",11,13,2023
"""这股已经废了""",11,13,2023
"""我画你看：现代化大农业，离不开供销社！""",11,13,2023
"""怎么会有这种货色""",11,13,2023
"""没量没未来，保本清仓，等指数创新低再来看看[大笑]""",11,13,2023
"""三千多家上涨，这个还在摆烂磨底，再这么下去人都走没了""",11,13,2023
"""人都跑完了""",11,13,2023
"""涨一分好难啊""",11,13,2023
"""今天高开高走""",11,13,2023
"""兄弟们快跑6元买回[看空][看空][看空][哭]""",11,13,2023
"""你颓废下去的样子我很开心[色][色][坏笑]""",11,13,2023
"""新力金融本周融资净偿还133.38万元，居多元金融板块第七""",11,12,2023
"""经我多年炒股经验来看，下周至少有一个板[旺柴]""",11,12,2023
"""散户有期待的股涨不起来""",11,12,2023
"""知道为什么新力从九月份到现在没有行情吗?因为我买了[偷笑][偷笑]，只要我一买，""",11,12,2023
"""庄家喜欢每天潜水""",11,11,2023
"""一点人气都没有的股票，而且没有故事可以讲，真的是被套了只能扛着""",11,11,2023
"""新力金融：融资净偿还202.22万元，融资余额2.07亿元（11-10）""",11,11,2023
"""这个有关吗？""",11,11,2023
"""下周至少三个涨停板，拭目以待！""",11,10,2023
"""随时停盘""",11,10,2023
"""$新力金融(SH600318)$""",11,10,2023
"""瘟神[怒]""",11,10,2023
"""在这段监管的静默期，各路资金抱团取暖个股炒得底翻天，挣得盆满钵满，在金融暖风频吹""",11,10,2023
"""大盘反弹这垃圾就装死，死垃圾""",11,10,2023
"""死垃圾一年了还在这个位置[怒][怒][怒]""",11,10,2023
"""6元全部买入""",11,10,2023
"""横着震荡不是好事，该涨的都是干净利落的往上冲！""",11,10,2023
"""龙族金融666哈哈哈确实很6啊这开盘价""",11,10,2023
"""是不是停牌重组啊""",11,10,2023
"""竞价是不是又玩跌停""",11,10,2023
"""朋友们，谁能告诉我，为什么近两年四季度利润一下子就负一两个亿？""",11,10,2023
"""庄上班就砸""",11,10,2023
"""勾庄啥时候来一发啊""",11,9,2023
"""垃圾浪费金融改革的题材""",11,9,2023
"""买了俩次赔了俩次，服气了，割""",11,9,2023
"""改名大威天龙""",11,9,2023
"""龙族金融不甘寂寞准备起飞了吗""",11,9,2023
"""死垃圾砸盘都那么磨叽""",11,9,2023
"""无上天之日，没什么发展前途""",11,9,2023
"""补缺口6.65""",11,9,2023
"""整个板块都是垃圾，走了浪费时间""",11,9,2023
"""说对了[围观]""",11,9,2023
"""洗洗更健康安全""",11,9,2023
"""高开低走，新力金融的末世开启""",11,9,2023
"""老庄今天睡过头了，10点上班""",11,9,2023
"""我想到一个好名字大家给评评理""",11,9,2023
"""新力金融：融资净买入179.76万元，融资余额2.08亿元（11-08）""",11,9,2023
"""这股居然还有这么多散户""",11,8,2023
"""什么时候炒新字头、金字头[大笑][大笑][大笑]""",11,8,2023
"""明天绝对低开，涨了的给大家发红包，立帖为证""",11,8,2023
"""这走势是全仓出货，等6元再进[吃瓜][看空][毛估估]""",11,8,2023
"""拉夕""",11,8,2023
"""妈P，外面涨上天，你在这里躺死""",11,8,2023
"""还得磨鞋底""",11,8,2023
"""两大做空机构还未吃饱""",11,8,2023
"""你也是一条金龙[兴奋][兴奋][兴奋]""",11,8,2023
"""天天被84压住！有点拿不住了""",11,8,2023
"""这波行情没有你，浪费时间了""",11,8,2023
"""看不到9就没希望""",11,8,2023
"""1571是个什么梗[吃瓜]""",11,8,2023
"""有本事别撤""",11,8,2023
"""带龙字的都能上天，带金融的独此一家，马上就要妖起来啦""",11,8,2023
"""龙族金融今天怎么说？还是趴着么[旺柴]""",11,8,2023
"""国家大力推动统一大市场，贵公司有哪些作为？""",11,21,2023
"""重组倒计时.....命运的齿轮开始转动了！[怒]""",11,8,2023
"""新力金融：融资净偿还66.97万元，融资余额2.07亿元（11-07）""",11,8,2023
"""短期顶已到""",11,8,2023
"""也有隆啊只是不是那个龙""",11,7,2023
"""驾[笑哭][笑哭][笑哭]""",11,7,2023
"""真特么浪费金融两个字。""",11,7,2023
"""新力金融视讯3板连扳""",11,7,2023
"""风口来终究还是来了，闭着眼睛买。就算除了金融两字啥也不是，大风也会把垃圾吹上天。""",11,7,2023
"""这个股涨起来一般要冲破10元，适合做长线。""",11,7,2023
"""雄起""",11,7,2023
"""国家政策加大对外资进驻中国金融市场支持力度，目前华尔街知名投行高盛已进驻贵司，相""",11,21,2023
"""公司如果叫做龙哥金融的话，现在我也许解套了""",11,7,2023
"""距离龙年，农历还有三个月呢，就炒这么热""",11,7,2023
"""二板介入是最合适的参与券商板块的策略！次日不及预期即可离场！一板介入风险相当大一""",11,7,2023
"""我建议公司改名叫龙族金融，少说也有10个板[旺柴]""",11,7,2023
"""乖，来两个万手哥[得意]""",11,7,2023
"""咱能不能别总当最垃圾""",11,7,2023
"""收盘估计就绿了""",11,7,2023
"""没有换手率，悲哀啊！""",11,7,2023
"""1分钱都能有2%换手，哈哈哈""",11,7,2023
"""2023年10月底又启用了H007策略，事后来看收益颇丰！（运气再次眷顾了我）""",11,7,2023
"""完蛋了，一路在出货""",11,7,2023
"""10.77本，还要套多久啊，存银行利息也有好几千了，我活该""",11,7,2023
"""中信和高盛也没什么势力了""",11,7,2023
"""持股三十五万，庄家别拉稀，要求不高7.5，到了筹码双手奉上[拜神][拜神][拜神""",11,7,2023
"""券商板块及券服板块我的操作原则！券服首板介入！券商板块二板介入！""",11,7,2023
"""券商板块城门立木确立了吗？！""",11,7,2023
"""，太弱了，小赚2个点跑路[卖出]""",11,7,2023
"""套了好久终于走了唉""",11,7,2023
"""新力金融：融资净偿还43.95万元，融资余额2.07亿元（11-06）""",11,7,2023
"""金融强国，咋就跟你好像没关系啊""",11,6,2023
"""你相信光么""",11,6,2023
"""华为产业链上汽车板块的城门立木股！上极端后还有上极端！（超预期）创出了自上市以来""",11,6,2023
"""明天可能买不到了吧""",11,6,2023
"""弱到姥姥家了""",11,6,2023
"""垃圾""",11,6,2023
"""现阶段就是拼选股的时候了！小盘科技股弹性猛！//@蛰伏SJ :这条A股规律必须牢""",11,6,2023
"""希望这次财富趋势不会让我失望！//@蛰伏SJ :再次验证！//@蛰伏SJ :不变""",11,6,2023
"""来个9千手直接涨停""",11,6,2023
"""再转一次！//@蛰伏SJ :券商板块尤其适用城门立木战法！""",11,6,2023
"""静待发射""",11,6,2023
"""出了，上星期买了些。[微笑]""",11,6,2023
"""太弱走了。买龙头""",11,6,2023
"""突破吗""",11,6,2023
"""新力金融本周融资净偿还440.38万元，居多元金融板块第四""",11,5,2023
"""赛力斯这轮反转真强！""",11,4,2023
"""新力金融：融资净买入83.94万元，融资余额2.08亿元（11-03）""",11,4,2023
"""再破6.5我视情况进一把""",11,3,2023
"""贵公司在哪些领域助力安徽化债？成效如何？""",11,21,2023
"""太垃圾没有庄家都是散户""",11,3,2023
"""垃圾股票！！！""",11,3,2023
"""真是个垃圾股""",11,3,2023
"""贵公司在哪些领域助力合肥电商产业、集成电路产业？""",11,21,2023
"""贵公司在乡村振兴领域有哪些作为？""",11,21,2023
"""业绩大涨，不信你不涨，半仓杀入""",11,3,2023
"""均价都一个多点了[滴汗]""",11,3,2023
"""不涨就是说下午又要跳水喽""",11,3,2023
"""过去几年都是涨，今年要摆烂反向收割啊""",11,3,2023
"""拉每次只能拉一点点不能多哦""",11,3,2023
"""使劲跌[色][色][色][色][色][色][色]""",11,3,2023
"""新力金融：融资净偿还360.75万元，融资余额2.07亿元（11-02）""",11,3,2023
"""跌停板跌停板""",11,3,2023
"""到5再搞，不急！""",11,3,2023
"""这货是非法金融明天跌停跌跌""",11,2,2023
"""新力金融:安徽新力金融股份有限公司关于变更签字会计师的公告""",11,2,2023
"""这股[哭]""",11,2,2023
"""对照前几天，今天大单在出货，短期应该还有5个点左右跌幅""",11,2,2023
"""废了""",11,2,2023
"""tama的这个股是怎么了，一点都看不懂""",11,2,2023
"""短期无机会全是散户在买""",11,2,2023
"""什么时候破6元？？？？？？？""",11,2,2023
"""快跑兄弟们有利空[看空][看空][看空][看空][看空][大哭]""",11,2,2023
"""垃圾垃圾""",11,2,2023
"""从十元以上跌下来十九个月了吧""",11,2,2023
"""一个星期辛辛苦苦涨了两三毛，一两天就会跌回去，垃圾""",11,2,2023
"""散户不大幅卖出，主力不会拉升""",11,2,2023
"""新力金融6.7元以下随便买，到了7元快卖，反复做T香啊！""",11,2,2023
"""又是吃面的一天""",11,2,2023
"""主力庄家机构恶意控盘，不收割到韭菜根不罢休""",11,2,2023
"""美联储放弃加息，该涨点了""",11,2,2023
"""新力金融：融资净买入115.57万元，融资余额2.1亿元（11-01）""",11,2,2023
"""金融强国""",11,1,2023
"""完犊子了！改名“泄力金融”吧""",11,1,2023
"""这主力真没有格局，""",11,1,2023
"""回调到6.5元再进2成仓""",11,1,2023
"""万万没想到""",11,1,2023
"""明天又是低开套人的""",11,1,2023
"""拉高出货快跑快跑[色][色][色][偷笑]""",11,1,2023
"""大盘向下 个股暴跌 这个也借利好拉高出货了""",11,1,2023
"""短期无行情""",11,1,2023
"""下午起飞涨停""",11,1,2023
"""新力想干嘛呀！今天一直在压制[害羞羞][害羞羞]""",11,1,2023
"""拉高出货了""",11,1,2023
"""不怎么样，还是个丝""",11,1,2023
"""真拉""",11,1,2023
"""真拉""",11,1,2023
"""兄弟们跑出事了，一会大跌[看空][看空][看空][看空][看空][大哭]""",11,1,2023
"""经济主管多部委数次提出绿色金融发展，想问公司作为国有资本金融上市公司能为绿色金融""",11,21,2023
"""新力金融：融资净偿还80.53万元，融资余额2.09亿元（10-31）""",11,1,2023
"""员工持股成本是多少""",11,1,2023
"""龙吸水...今天必见大阳线！""",11,1,2023
"""$新力金融(SH600318)$""",10,31,2023
"""是那个知道消息了又悄悄的买了这么多货卖在地板上了哎真是不走运""",10,31,2023
"""别问，问就是没有[胜利]""",10,31,2023
"""新力金融硬起来了[捂脸][捂脸][捂脸]""",10,31,2023
"""贵公司继上次收购比克公司失败还有没有继续收购的想法和实质性的进展情况，能否说明一""",11,21,2023
"""贵公司今年主营的业务有无和水泥相关的业务合作？""",11,21,2023
"""贵公司与巢东公司还有无合作业务？""",11,21,2023
"""新力金融(600318.SH)：公司未参与全国老年食堂建设工作""",10,31,2023
"""新力金融(600318.SH)：公司供应链业务没有和新能源汽车制造合作""",10,31,2023
"""新力金融：公司供应链业务没有和新能源汽车制造合作""",10,31,2023
"""11.25上周突破压力位，因为抛压太大又被砸下来了，主力资金一周资金走势上午出货""",10,31,2023
"""新力金融：截至2023年9月30日，公司员工持股计划的持股数量为10400000股""",10,31,2023
"""新力金融：公司员工持股计划不存在转融通或者其他方式出借股份情况""",10,31,2023
"""新力金融：公司5%以上大股东不存在通过转融通或者其他方式出借股份获取相应收益的情形""",10,31,2023
"""白瞎了这么好的业绩，""",10,31,2023
"""现在立贴，跨年龙头股，不当马后炮，24年见[献花]""",10,31,2023
"""先跑，看后面有低位接的时机没""",10,31,2023
"""这价格有内情""",10,31,2023
"""人气是涨出来的，没人气怎么收割散户""",10,31,2023
"""兄弟们快跑已经凉了[看空][看空][看空][看空][看空][大哭]""",10,31,2023
"""新力金融：融资净偿还198.61万元，融资余额2.1亿元（10-30）""",10,31,2023
"""太弱了，啥时候能加速""",10,30,2023
"""这公告一出，接下来几个交易日买不到了""",10,30,2023
"""三个板还是有的""",10,30,2023
"""新力金融:安徽新力金融股份有限公司关于公司为孙公司提供担保、控股子公司为下属公司提供担保的公告""",10,30,2023
"""开始数板------""",10,30,2023
"""看布林线明天能涨停，直接上线打开""",10,30,2023
"""一副平衡的线条不温不火，各位兄弟趁早抛弃吧""",10,30,2023
"""站上所有均线，11月还是翻倍行情""",10,30,2023
"""转发""",10,30,2023
"""5元全仓买入各位兄弟快卖""",10,30,2023
"""那里来的抛压""",10,30,2023
"""每年11月都是上涨大行情，不知道今年会不会照旧！大数据掌握在机构主力手里，会不会""",10,30,2023
"""龙抬头""",10,30,2023
"""十一月份翻倍的行情啊！""",10,30,2023
"""兄弟们快跑会跌到6元再买回来[看空][看空][看空][看空][看空][想一下]""",10,30,2023
"""快跑，反弹结束，勾庄拉高又想跑了""",10,30,2023
"""大跌开始兄弟们快跑[看空][看空][看空][看空][看空][加油][惨!关灯吃面""",10,30,2023
"""周一首板，一板改三观！起飞""",10,29,2023
"""新力金融本周融资净偿还426.28万元，居多元金融板块第七""",10,29,2023
"""这主力没有格局，这是一次绝佳时机。下周一不突破，人气就会没有了。这龙头就废了。虽""",10,29,2023
"""雷同的剧情出现在2008年底2023.10.28""",10,28,2023
"""新力金融：融资净买入557.98万元，融资余额2.12亿元（10-27）""",10,28,2023
"""一字""",10,27,2023
"""业绩增长十七倍，这是满血复活啦？？""",10,27,2023
"""业绩这么好，具有妖股基因！""",10,27,2023
"""你这个庄没格局，星期一说什么都得走，啥嘛""",10,27,2023
"""请贵公司领导层商讨一下，认为新力金龙这个更加符合公司定位，有利于公司发展，请董秘""",10,31,2023
"""量化交易，大盘带动被动上涨。垃圾玩意""",10,27,2023
"""停牌重组成功""",10,27,2023
"""请问董秘认为“新力金龙”这个名字如何？""",10,31,2023
"""火山终归爆发""",10,27,2023
"""下跌吧兄弟们快跑[看空][看空][看空][加油]""",10,27,2023
"""跌停能让我买一点么，能不能别撤啊[捂脸]""",10,27,2023
"""新力金融：连续4日融资净偿还累计984.26万元（10-26）""",10,27,2023
"""比村轩好""",10,26,2023
"""发点力吧！你这也太水了""",10,26,2023
"""求求别发新闻了。这样只会冲高。下落。""",10,26,2023
"""又到低吸的时候了""",10,26,2023
"""啥情况？""",10,26,2023
"""跌停了吧哈哈""",10,26,2023
"""要凉了这是？""",10,26,2023
"""这叼货不赚钱的，走了就是胜利[大笑][大笑]""",10,26,2023
"""新力金融：连续3日融资净偿还累计623.59万元（10-25）""",10,26,2023
"""今天新力开始两个涨停板""",10,26,2023
"""预计月底前会公告停牌重组！""",10,25,2023
"""今天天晟高点没跑。。。。10块才匆忙跑路。。。。""",10,25,2023
"""明天一定跌，不跌不是你风格""",10,25,2023
"""兄弟们放心卖会跌到6元的[看空][看空][看空][看空][看空][哭][哭][大""",10,25,2023
"""[加油]""",10,25,2023
"""马上跌停了各位大哥们快清仓处理""",10,25,2023
"""兄弟们出事了准备大跌，快跑[大哭][大哭][大哭][大哭][看空][看空][看空""",10,25,2023
"""谁在压盘""",10,25,2023
"""怎么回事啊，老龙头，怎么这么菜呀""",10,25,2023
"""龙力金融.""",10,25,2023
"""1龙力金融""",10,25,2023
"""龙力金融""",10,25,2023
"""改个名，叫新龙金融""",10,25,2023
"""昨天卖了三分之二，惨。被个叼毛女的害的。少挣几千块草。当时准备6.39买8000""",10,25,2023
"""这个票今年是怎么了，不像以前涨的那么凶""",10,25,2023
"""新力金融：融资净偿还141.15万元，融资余额2.14亿元（10-24）""",10,25,2023
"""大智慧阶段性周期性围猎特征很明显！短期爆发性很强，不适合提前埋伏（除非你有成本优""",10,24,2023
"""这条A股规律必须牢记心中！""",10,24,2023
"""今天涨停，晚上自罚半斤郎酒""",10,24,2023
"""运气不错！""",10,24,2023
"""不要意思我选择了600318""",10,24,2023
"""$新力金融(SH600318)$""",10,24,2023
"""明天不出意外的5肯定跌，下跌中部的反弹而已""",10,24,2023
"""兄弟们卖卖卖卖不可能涨，一会又大跌了[看空][看空][看空][看空][看空][韭""",10,24,2023
"""进行板块内的切换！救市阶段大金融板块有优势！""",10,24,2023
"""新力金融：融资净偿还68.34万元，融资余额2.16亿元（10-23）""",10,24,2023
"""想当年这个股也是有几百万封单买这个股的，""",10,23,2023
"""别幻想太多，明天北上开始交易，还得跌2-3个点！做好心理准备吧！""",10,23,2023
"""明天10月24号还跌吗，哭死6.76的本。""",10,23,2023
"""业绩好有什么用都没人在乎一不分红二不涨股价，真。""",10,23,2023
"""大盘要到2400了估计""",10,23,2023
"""崩盘快跑快跑快跑，各位大哥大姐们听我指挥就行""",10,23,2023
"""完蛋了，买了20000股6.76本。这样跌下去要割肉了""",10,23,2023
"""血亏""",10,23,2023
"""券商板块新的确立了吗？继续跟踪！""",10,23,2023
"""赶底5.85""",10,23,2023
"""加仓，大盘将会加速赶低，届时，神秘资金将会进场抄底，将由大金融领涨，新力作为金融""",10,23,2023
"""梭哈，此时不梭哈何时梭哈？""",10,23,2023
"""按策略执行！""",10,23,2023
"""这个票小心融资盘爆仓，压下来主力可不会来救[哭]""",10,23,2023
"""都说了每年十月底都有下跌的一阵""",10,23,2023
"""股海无底，且行且止""",10,23,2023
"""兄弟们我已全仓卖出[看空][看空][看空][看空][大笑][大笑][大笑]""",10,23,2023
"""到底什么原因这么大跌？""",10,23,2023
"""兄弟们快跑了卖卖卖卖卖卖卖卖[看空][看空][看空][看空][哭]""",10,23,2023
"""静静的等待5.8好了""",10,23,2023
"""大跌几个点主力还显示流入，看懵了。""",10,23,2023
"""[色][色][色][色][色][色][色][色][色][色][色]""",10,23,2023
"""新力金融本周融资净偿还211.13万元，居多元金融板块第八""",10,22,2023
"""明天给个面子，来个涨停。""",10,22,2023
"""新力金融：融资净买入163.05万元，融资余额2.16亿元（10-20）""",10,21,2023
"""券商板块尤其适用城门立木战法！""",10,20,2023
"""改涨不涨就要跌""",10,20,2023
"""这哥们没有人气啊""",10,20,2023
"""下周怎么走？说说看""",10,20,2023
"""每年10月都会有大调整""",10,20,2023
"""为什么还冲高回调？？""",10,20,2023
"""有叼毛跟我说，会跌到5.7""",10,20,2023
"""全仓卖掉走为上策""",10,20,2023
"""高开高走""",10,20,2023
"""继续试！""",10,20,2023
"""兄弟们卖了上不去了[看空][看空][看空][大哭]""",10,20,2023
"""利好天天发，股价天天跌，垃圾，还不如不要发""",10,20,2023
"""耍流氓[摊手]""",10,20,2023
"""反弹""",10,20,2023
"""每年十月底都有几天冲底""",10,20,2023
"""开盘就是卖""",10,20,2023
"""盈利了，重组无望了啊！""",10,20,2023
"""舆情线索：今日新闻评分最高和最低的十只股票名单[23/10/20]""",10,20,2023
"""新力金融：连续4日融资净偿还累计374.17万元（10-19）""",10,20,2023
"""套牢盘压力大，又不是热点票，大不了高开低走""",10,20,2023
"""新力金融：2023年前三季度净利润约3824万元 同比增加1741.51%""",10,19,2023
"""有事拉高出货的一天[大哭]""",10,19,2023
"""都在看涨，那明天没多大的起色看了，只有重组才能救新力""",10,19,2023
"""新力金融：前三季度归母净利润3824.25万元 同比扭亏""",10,19,2023
"""新力金融：2023年前三季度净利润3824.25万元，同比扭亏为盈""",10,19,2023
"""新力金融股东户数下降7.10%，户均持股8.31万元""",10,19,2023
"""中信和高盛进入前十大股东，是不是未来可期？被套太久了，期待奇迹出现。""",10,19,2023
"""新力金融(600318.SH)：第三季度净利润1452.92万元，同比增长111.54%""",10,19,2023
"""新力金融(600318.SH)发布前三季度业绩，净利润3824万元，同比增长1741.51%""",10,19,2023
"""新力金融:安徽新力金融股份有限公司关于调整第九届董事会审计委员会委员的公告""",10,19,2023
"""新力金融:安徽新力金融股份有限公司2023年第三季度报告""",10,19,2023
"""新力金融:安徽新力金融股份有限公司第九届监事会第六次会议决议公告""",10,19,2023
"""新力金融:安徽新力金融股份有限公司第九届董事会第六次会议决议公告""",10,19,2023
"""不走、明天等着吃羹吧[俏皮]""",10,19,2023
"""拉高回落，第二天就变脸哈哈""",10,19,2023
"""还来这个套路么[笑哭]""",10,19,2023
"""每次运气都不错！""",10,19,2023
"""再次验证！//@蛰伏SJ :不变的规律！//@蛰伏SJ :财富趋势弹性真好！跌起""",10,19,2023
"""各位大哥大姐们快跑""",10,19,2023
"""新力金融：连续3日融资净偿还累计128.73万元（10-18）""",10,19,2023
"""6元左右再来""",10,19,2023
"""前几年减值很多，今年应该减值压力小点。收益不出问题应该会正收益。但是担保坏账不知""",10,19,2023
"""成立新子公司不是要切入新能源赛道吗？还不收购一个二手破公司吗？""",10,18,2023
"""完犊子，明天不涨就得走，说明业绩不行。亏多少都要走""",10,18,2023
"""收购比克动力[坏笑][坏笑][坏笑]""",10,18,2023
"""家人们快跑出事了[大哭][大哭][大哭][大哭][看空][看空]""",10,18,2023
"""新力金融：融资净偿还82.77万元，融资余额2.17亿元（10-17）""",10,18,2023
"""今天18号怎么走，说说看。6.76的本""",10,18,2023
"""没有资金进场还要跌""",10,17,2023
"""踏马上去又下来。我踏马又看走眼了。给机会跑不跑""",10,17,2023
"""没有量涨不去，都在等解套""",10,17,2023
"""观望或者被套的同学可以入手了。。""",10,17,2023
"""今天的压力位7.05分，今天肯定超不过。""",10,17,2023
"""就是这样。加把劲""",10,17,2023
"""上去一点就跌下来""",10,17,2023
"""公司手付通为多家银行提供金融科技以及软件服务，华为公司是否有这些银行开设账户？如""",10,31,2023
"""短期看，新力的各种技术指标如MACD，KDJ的60分钟指标都金叉共振了，K线60""",10,17,2023
"""大涨了""",10,17,2023
"""这个股票要偷涨的，""",10,17,2023
"""作为安徽供销社控制的企业，贵司是否积极参与全国老年食堂的建设工作？""",10,31,2023
"""新力金融：融资净偿还19.42万元，融资余额2.18亿元（10-16）""",10,17,2023
"""应该会跌到6块以下""",10,16,2023
"""早上还好好的…妹的怎么下午又下来了""",10,16,2023
"""国家大力支持企业融资发展，请问贵司融资租赁的客户公司有哪些呢？列举一些知名企业。""",10,31,2023
"""请问贵司的钢材能不能用于新能源汽车制造？""",10,31,2023
"""请问贵司新能源产品能不能用作汽车制造？为华为汽车制造新能源设备？""",10,31,2023
"""拉高出货，还得有新低！""",10,16,2023
"""喋喋不休息[色][色]""",10,16,2023
"""转发""",10,16,2023
"""新力金融本周融资净买入381.43万元，居多元金融板块第四""",10,15,2023
"""新力金融：融资净买入108.99万元，融资余额2.19亿元（10-13）""",10,14,2023
"""太惨了""",10,13,2023
"""来100个跌停跌停！生活就美滋滋啊[色]""",10,13,2023
"""被闷了[哭]惨""",10,13,2023
"""5.8加油""",10,13,2023
"""准备重新上市[加油]""",10,13,2023
"""新力金融：融资净买入236.12万元，融资余额2.17亿元（10-12）""",10,13,2023
"""$新力金融(SH600318)$""",10,13,2023
"""继续布局！""",10,12,2023
"""比克还有没有可能？""",10,12,2023
"""什么时候人气到第一呢[偷笑][偷笑]""",10,12,2023
"""买这新力真是在坑里找食，只有""",10,12,2023
"""死股""",10,12,2023
"""托单必跌，耐心等它砸下来，明天水下或者，明天情绪下杀的时候，零轴线下接，尾盘不拉""",10,12,2023
"""国家队来了[笑哭]""",10,12,2023
"""请问贵司有无新业务贡献的业绩增长点，贵司钢材业务以及新能源业务有无产生实际效益？""",11,21,2023
"""对得起我开盘挂涨停买吗，啊猪力？""",10,12,2023
"""千万别买这个垃圾股！""",10,12,2023
"""急拉缓跌出货了""",10,12,2023
"""板块没跌，这货三个点跌完了""",10,12,2023
"""踏马上去这么难？运气这么差，就差我没卖出去""",10,12,2023
"""走了，4444""",10,12,2023
"""已全仓卖出[看空][看空][看空][看空][看空][卖出]""",10,12,2023
"""今天买一点试试水[呲牙]""",10,12,2023
"""数板吧！""",10,12,2023
"""新力金融：融资净偿还135.25万元，融资余额2.15亿元（10-11）""",10,12,2023
"""赛力斯是不是符合降级打击的条件了！""",10,11,2023
"""银行利好来了。""",10,11,2023
"""可以表现一下了[上涨][上涨][上涨]""",10,11,2023
"""明天再不表现说不过去吧？""",10,11,2023
"""怎么一点人气都没有""",10,11,2023
"""国务院日前印发《关于推进普惠金融高质量发展的实施意见》""",10,11,2023
"""还踏马没有止跌吗！！！！！！""",10,11,2023
"""请问员工持股计划2080万股已减持多少股？""",10,31,2023
"""有空t，也是可以降低成本的，不用猜什么时候发动""",10,11,2023
"""[色][色][色][色][色][色]""",10,11,2023
"""我是贵司投资者。请问贵司的员工持股计划自成立以来至今有无通过转融通或其他方式出借""",10,31,2023
"""压盘吸筹""",10,11,2023
"""家人们卖卖卖卖[看空][看空][看空][看空][韭菜]""",10,11,2023
"""勇往直前，加油""",10,11,2023
"""踏马有病吧谁再卖个没完，涨点就大笔卖出""",10,11,2023
"""董秘，你好。从历往的问答中，反复出现“公司将继续坚持做致力民生、服务三农、助力中""",10,31,2023
"""贵司员工持股计划计划在存续期间是否存在任何出借情况？如有，请介绍详情，出借时间，""",10,31,2023
"""新力金融：融资净买入5.45万元，融资余额2.16亿元（10-10）""",10,11,2023
"""赛力斯继续加速上涨//@蛰伏SJ :今天城门立木股加速了！""",10,10,2023
"""请问公司5%以上大股东有无通过转融通或者其他方式出借股份以获取相应收益？""",10,31,2023
"""新力的新上任董事长这些年也不知道干些啥？天天机器人量化交易！饭桶+蠢蛋""",10,10,2023
"""自从我进来，反弹一下都懒得""",10,10,2023
"""根据一贯做法，今天还是会暴跌一下，等到明后天反弹""",10,10,2023
"""新力金融：融资净买入166.12万元，融资余额2.16亿元（10-09）""",10,10,2023
"""只值四块钱的票，一个月跌回去""",10,10,2023
"""过了今晚想穷都难[憨笑][憨笑][憨笑]""",10,9,2023
"""我现在6.8的本大家多少""",10,9,2023
"""新力金融""",10,9,2023
"""这股太恶心了，家人们全仓卖出[看空][看空][看空][看空][大哭]""",10,9,2023
"""兄弟们快跑[看空][看空][看空][哭]""",10,9,2023
"""今天城门立木股加速了！""",10,9,2023
"""高抛低吸""",10,9,2023
"""真踏马是不要，到底谁在卖""",10,9,2023
"""新力""",10,9,2023
"""他，竞价进去搞个T,小钱都不给挣，狂跌""",10,9,2023
"""等了个寂寞""",10,9,2023
"""新力金融本周融资净买入520.78万元，居多元金融板块第四""",10,8,2023
"""都在虎视眈眈望大跌""",10,7,2023
"""踏马被套两个月了。搞个屁。""",9,28,2023
"""套牢盘太大，无法上涨了""",9,28,2023
"""今天是反弹注意减仓""",9,28,2023
"""得放个量，雄起""",9,28,2023
"""按价投思维看待中字头板块的城门立木股！""",9,28,2023
"""汽车板块的机构城门立木！""",9,28,2023
"""赛力斯反转走了一倍多！（主要是叠加了华为概念！）""",9,28,2023
"""来几个万手哥？[旺柴]""",9,28,2023
"""新力金融：连续4日融资净买入累计1023.77万元（09-27）""",9,28,2023
"""准备查金融了，所以一直阴跌""",9,27,2023
"""本月跌五到十个点目标已完成。下个月大盘会有一个大跌""",9,27,2023
"""大家都在涨就你不涨""",9,27,2023
"""塔嘛，这什么，套这么久，进来都不带涨的""",9,27,2023
"""快跑""",9,27,2023
"""新力""",9,27,2023
"""政策暖风频吹 并购重组大幅升温 年内86家公司首次披露重大重组事件 2023年0""",9,27,2023
"""新力金融：连续3日融资净买入累计852.59万元（09-26）""",9,27,2023
"""开始搞起来了[想一下]""",9,26,2023
"""明天6.3见""",9,26,2023
"""今天涨点，又要跌三天""",9,26,2023
"""诱多""",9,26,2023
"""主力不敢拉""",9,26,2023
"""下午又要跳水""",9,26,2023
"""新力金融""",9,26,2023
"""新力金融：融资净买入254.56万元，融资余额2.12亿元（09-25）""",9,26,2023
"""跌跌就无限乱升[憨笑]""",9,25,2023
"""坐等5.8""",9,25,2023
"""[旺柴][旺柴][旺柴][旺柴][旺柴][旺柴][旺柴][色][色][色][色]""",9,25,2023
"""静待5元""",9,25,2023
"""又骗了好多接盘侠？一点不假，就是一场欺骗！""",9,25,2023
"""暴跌了哦，慌了吧大哥们[坏笑][坏笑][大笑][大笑][大笑]""",9,25,2023
"""这波能不能破九冲十。""",9,25,2023
"""7.1的还有么""",9,25,2023
"""新力金融本周融资净买入72.9万元，居多元金融板块第四""",9,24,2023
"""星期天有力好金融消息星期一应该上涨了""",9,24,2023
"""不变的规律！//@蛰伏SJ :财富趋势弹性真好！跌起来猛，涨起来也猛！""",9,23,2023
"""新力金融：融资净买入304.01万元，融资余额2.09亿元（09-22）""",9,23,2023
"""新力看来是走充电桩业务。""",9,23,2023
"""打卡！""",9,22,2023
"""6.52卖了，亏两毛。""",9,22,2023
"""今天卖了也取不出来钱，不如不卖""",9,22,2023
"""下周开始轮到医药套人""",9,22,2023
"""今天是头牌？""",9,22,2023
"""家人们快跑要跌到5.8[看空][看空][看空][想一下]""",9,22,2023
"""新力金融：连续4日融资净偿还累计231.11万元（09-21）""",9,22,2023
"""这是士匪公司大家不要买，吧""",9,21,2023
"""全世界都不会买这票，太害人""",9,21,2023
"""快跑啊""",9,21,2023
"""如果大盘没有起色，它绝对要到6块以下""",9,21,2023
"""有很多人边唱空边买：有什么目的""",9,21,2023
"""庄家要涨才有人气""",9,21,2023
"""真惨""",9,21,2023
"""新力金融：连续3日融资净偿还累计65.54万元（09-20）""",9,21,2023
"""天天这么多人唱空""",9,20,2023
"""你们越想每天涨停一字板越是没有这结果[兴奋][兴奋][偷笑][偷笑]""",9,20,2023
"""买又买不到，卖又卖不掉""",9,20,2023
"""真这么惨吗，要跌到几？""",9,20,2023
"""散户都跑完了就剩下庄家自己在玩""",9,20,2023
"""跌跌不休了喂，哈哈噶[笑哭][色][色][色]""",9,20,2023
"""子弹准备好了后面放手跟着博主干""",9,20,2023
"""子弹准备好了后面放手跟着博主干""",9,20,2023
"""这就是融券做空，卖不完，终于知道为什么卖不完了。""",9,20,2023
"""李奶奶真的离谱，这点差还T！""",9,20,2023
"""板块天天红，你天天绿""",9,20,2023
"""你踏马为什么不拉啊，我要疯了啊啊啊啊啊啊啊""",9,20,2023
"""老师千禾味业怎么看，套着了""",9,20,2023
"""老师千禾味业怎么看，套着了""",9,20,2023
"""新力金融：融资净偿还40.63万元，融资余额2.08亿元（09-19）""",9,20,2023
"""明天高开6个点以上就走了！""",9,19,2023
"""明天高开6个点以上就走了！""",9,19,2023
"""明天高开6个点以上就走了！""",9,19,2023
"""看这样子要破六元。""",9,19,2023
"""这垃圾别丢人现眼，赶紧睡觉去[兴奋][兴奋][偷笑][偷笑][偷笑]""",9,19,2023
"""st泛海是真的牛，今年底部上来近四倍了""",9,19,2023
"""为什么不炒金融啊，上周炒房，这周炒车，什么时候炒金融啊，房，车，不需要贷款吗""",9,19,2023
"""大家快跑""",9,19,2023
"""新力金融：融资净偿还3.66万元，融资余额2.09亿元（09-18）""",9,19,2023
"""垃圾东西""",9,19,2023
"""都不指望大涨了这个月能到7回本吗""",9,18,2023
"""严查此公司，是否做空股市""",9,18,2023
"""新力金融本周融资净买入561.13万元，居多元金融板块第六""",9,17,2023
"""6附近也许""",9,17,2023
"""磨底""",9,17,2023
"""新力金融：融资净买入203.7万元，融资余额2.09亿元（09-15）""",9,16,2023
"""无量""",9,15,2023
"""这股只要第一天涨，起码后边几天一定跌""",9,15,2023
"""买了后悔啊，情况不妙先，兄弟们快跑[笑哭]""",9,15,2023
"""卖了要后悔""",9,15,2023
"""看线派抢反弹""",9,15,2023
"""冲冲冲""",9,15,2023
"""五天之内必有一个涨停板拭目以待""",9,15,2023
"""新力金融：融资净偿还54.68万元，融资余额2.07亿元（09-14）""",9,15,2023
"""降准了，明天反弹一下，大家努力一起高抛，然后砸下来低吸。做个T""",9,14,2023
"""6.5元左右大胆介入""",9,14,2023
"""主力压盘收筹""",9,14,2023
"""很优秀""",9,14,2023
"""每天要死不活的""",9,14,2023
"""不谈技术，谈谈盘感""",9,14,2023
"""新力金融：融资净偿还36.13万元，融资余额2.07亿元（09-13）""",9,14,2023
"""再回来复盘，真心疼里面的兄弟，我一般都会预警提示持有的卖出，现在来说需要一个消化""",9,14,2023
"""融券继续做空做到退市""",9,13,2023
"""做空氛围浓烈，如果跌到6.30，也不要太奇怪。""",9,13,2023
"""(*3)小花花砸你""",9,13,2023
"""立贴为证，下午暴力反弹""",9,13,2023
"""大盘明天还会调整吗。""",9,13,2023
"""大盘明天还会调整吗。""",9,13,2023
"""新力金融：融资净买入165.25万元，融资余额2.08亿元（09-12）""",9,13,2023
"""明天6.85元见拭目以待""",9,12,2023
"""这种票不能买""",9,12,2023
"""完了，踏马追高了又一大早""",9,12,2023
"""买了个。。下午再不涨。割割割""",9,12,2023
"""新力金融-2023年安徽上市公司投资者网上集体接待日【全景路演】""",9,12,2023
"""耐科装备-2023年安徽上市公司投资者网上集体接待日【全景路演】""",9,12,2023
"""每天都不涨停的，没什么用了兄弟们开盘赶快扔掉，此地无银三百两哟[偷笑][坏笑]""",9,12,2023
"""新力金融：融资净买入282.99万元，融资余额2.06亿元（09-11）""",9,12,2023
"""今天6.62卖了，惨，明天有低点能买回吗""",9,11,2023
"""明天应该会涨停。加油。冲冲冲冲冲""",9,11,2023
"""明天肯定绿""",9,11,2023
"""友友们明天开始新力可以加仓了吗？""",9,11,2023
"""两点多了可以砸了。""",9,11,2023
"""天天出货""",9,11,2023
"""冲啊，希望下午涨停[鼓掌]""",9,11,2023
"""兄弟们快跑下跌开始[看空][看空][看空]""",9,11,2023
"""就这？[为什么]""",9,11,2023
"""我是韭菜""",9,11,2023
"""终于要大反弹了！[鼓掌]""",9,11,2023
"""冲冲，冲冲。希望今天涨停[鼓掌]""",9,11,2023
"""新力是历史妖股，历史不断重现哈！""",9,11,2023
"""马上涨停[鼓掌]""",9,11,2023
"""星期五犹豫了""",9,11,2023
"""涨停""",9,11,2023
"""买入信号出现了[上涨]""",9,11,2023
"""已经卖了，再也不买""",9,11,2023
"""没人竞价么""",9,11,2023
"""新力金融本周融资净偿还276.22万元，居多元金融板块第四""",9,10,2023
"""这波到4.5左右企稳""",9,10,2023
"""[抱拳]""",9,9,2023
"""新力金融：融资净偿还100.29万元，融资余额2.03亿元（09-08）""",9,9,2023
"""砸到6.3""",9,8,2023
"""新力金融(600318.SH)：自身无信托类业务，也从未投资过信托类产品""",9,8,2023
"""新力金融:安徽新力金融股份有限公司关于参加2023年安徽辖区上市公司投资者网上集体接待日活动的公告""",9,8,2023
"""新力金融:安徽新力金融股份有限公司关于2023年半年度业绩说明会召开情况的公告""",9,8,2023
"""业绩说明会呢""",9,8,2023
"""kdj金叉,macdDIF走平，下周有反弹！进场""",9,8,2023
"""一分钱都难突破""",9,8,2023
"""新金争点气涨涨涨…….一口气涨到15元""",9,8,2023
"""烂菜姜丝，毫无价值退市服，清仓止损买科技股方为上策""",9,8,2023
"""持有此股必有厚报，我能！别墅靠海，春暖花开""",9,8,2023
"""三天之内，有一个跌停""",9,8,2023
"""新力金融：融资净买入8.99万元，融资余额2.04亿元（09-07）""",9,8,2023
"""赶紧清仓，别丢人现眼""",9,7,2023
"""0907：不要急着买，就算是止跌了，也还要走横，等主力信号到了再买，不会飞的！""",9,7,2023
"""最后还打下去二分。""",9,7,2023
"""失望了吧哈哈""",9,7,2023
"""前几天就知道券商有波反弹，既然多元金融不涨，它到底跟什么板块的？""",9,7,2023
"""资金流入为什么还是跌？？？？""",9,7,2023
"""这是怎么回事，有大笔交易没出现在大笔交易里""",9,7,2023
"""不玩了，太差劲""",9,7,2023
"""卖飞了""",9,7,2023
"""[偷笑]""",9,7,2023
"""涨一天跌三天""",9,7,2023
"""又要做板块的领跌垃圾了""",9,7,2023
"""新力金融：融资净买入157.32万元，融资余额2.04亿元（09-06）""",9,7,2023
"""感谢分享""",9,6,2023
"""St新金不怕死的来""",9,6,2023
"""到了腰疼的分界线了""",9,6,2023
"""这股彻底死了""",9,6,2023
"""这垃圾东西""",9,6,2023
"""全是唱空""",9,6,2023
"""，没买蓝英装备""",9,6,2023
"""割肉走人""",9,6,2023
"""上周卖掉中富电路换了这个..上周卖掉中富换了这个买了11万股.命中注定""",9,6,2023
"""新力看法""",9,6,2023
"""终于把缺口补了，可以补仓了""",9,6,2023
"""今天封掉缺口，顺势下打后探底回升""",9,6,2023
"""新力金融：融资净偿还126.58万元，融资余额2.02亿元（09-05）""",9,6,2023
"""差一分钱没有补缺口""",9,5,2023
"""大家多钱本不能一个涨停就完了""",9,5,2023
"""其他股是妖股，这个股是个仙股，哈哈哈""",9,5,2023
"""kdj没触底，大跌在后面，补缺是诱多行为""",9,5,2023
"""谢谢您，不仅授人鱼，而且授人渔。不断向您学习，以好的心态参与股市投资[献花][献""",9,5,2023
"""这就是逼空行情，说明离重组不远了。但是散民受不了，因为往下无支撑，散户只能卖。我""",9,5,2023
"""玛德，这是要跌到哪里去。""",9,5,2023
"""明天低开补缺""",9,5,2023
"""垃圾，跌无止境，吸人血的无底洞""",9,5,2023
"""我一路向南""",9,5,2023
"""这一波调整己到位，为什么要在低位割肉！""",9,5,2023
"""新力金融：融资净偿还215.66万元，融资余额2.04亿元（09-04）""",9,5,2023
"""这周开始连涨四周""",9,4,2023
"""马上要变成ST新金，业绩差，年年下降""",9,4,2023
"""量化交易""",9,4,2023
"""死了已经""",9,4,2023
"""继续打螺丝，不看""",9,4,2023
"""中国交建还想再买一些！看看还有没有机会！舍得的弹性还是一如既往的好，从人性出发盈""",9,4,2023
"""别再跌了""",9,4,2023
"""早上犹豫了结果""",9,4,2023
"""中国人民银行数字货币研究所所长穆长春表示，要实现用数字人民币作为所有零售场景下的""",9,4,2023
"""打卡""",9,4,2023
"""散户，游资能融到券吗？，为什么只有量化有尚方宝剑[捂脸]，为什么量化可以当曰涨停""",9,3,2023
"""新力金融本周融资净买入47.35万元，居多元金融板块第十一""",9,3,2023
"""明天买你""",9,3,2023
"""没有融券都跌成这样，""",9,3,2023
"""没有融券都这么，是真的废""",9,3,2023
"""给力""",9,3,2023
"""我观察三年了6.4以下随便买放着""",9,2,2023
"""新力28日涨停，后来开板，融资砸盘289万，融券20万股，第二天又在低谷返还20""",9,2,2023
"""感觉新力量化很厉害，涨跌基本都是靠撤单完成的""",9,2,2023
"""新力金融：连续4日融资净买入累计336.64万元（09-01）""",9,2,2023
"""这只股我拿了半年，上次顶点抛了一半，现在成本5.38留着吧扔不扔的没啥意义。再低""",9,1,2023
"""还好那天涨停救了我，几天不见跌这样，现在真是太难了""",9,1,2023
"""感觉又可以买了！""",9,1,2023
"""再见，垃圾恶庄。""",9,1,2023
"""下跌趋势的股票一定不能玩。""",9,1,2023
"""这回破6了啊要""",9,1,2023
"""6.5元左右必有重报！""",9,1,2023
"""这股以前强于大盘，现在弱于大盘，可以放弃了""",9,1,2023
"""新力这是要去下探前期低点5.98元的节奏啊！场外的耐心等待前期低点的到来。""",9,1,2023
"""贼股，幸好出的快，不然又得上贼船[鼓掌][鼓掌]""",9,1,2023
"""不懂就问这两天走势怎么这么多细碎波浪线，是量化造成的吗""",9,1,2023
"""ma的，真是""",9,1,2023
"""割还是不割？""",9,1,2023
"""下来吧！补一下缺口""",9,1,2023
"""坚决不割肉，相信我。说到做到，我看你这个主力能怎么办""",9,1,2023
"""，""",9,1,2023
"""8月4日出逃太多了  8月8日二波反弹也结束了""",9,1,2023
"""跌吧，跌吧，跌吧。""",9,1,2023
"""幸亏北向资金通道关了，不然它会把北向引向地狱""",9,1,2023
"""7元以下都可以买点""",9,1,2023
"""这票只有低吸才有搞头，没持续性！！太垃圾了！""",9,1,2023
"""真MD垃圾，涉及的板块都红了，垃圾还是绿的""",9,1,2023
"""所有概念板块都红了，你跟哪个？？？""",9,1,2023
"""这股真是。无法形容。坏烂蠢""",9,1,2023
"""太垃圾l""",9,1,2023
"""跟跌不跟涨""",9,1,2023
"""垃圾，连一个ST都不如的垃圾""",9,1,2023
"""按下去补缺口""",9,1,2023
"""……""",9,1,2023
"""卖了你张""",9,1,2023
"""感觉有机会！""",9,1,2023
"""新力金融：连续3日融资净买入累计331.04万元（08-31）""",9,1,2023
"""重组预期的新力金融的布局窗口即将再次打开！！！""",8,31,2023
"""这个骗子股，咋还有人买？？？难怪骗子不亦乐乎，都是多！""",8,31,2023
"""这股没北向都跌的这么厉害""",8,31,2023
"""买一次亏一次就不能盈利一次吗又亏十几个点心累[哭][哭]""",8,31,2023
"""应该尾盘有资金进来。""",8,31,2023
"""入手谨慎，等待主力资金转向流入，目前依然是流出，稍微放缓而已""",8,31,2023
"""跌死你们[呲牙]""",8,31,2023
"""[赞][赞]""",8,31,2023
"""7.4进的，今天割了，玩不了一点。""",8,31,2023
"""每次我一卖，就一个涨停41手卖飞了，现在等着你跌再跌，""",8,31,2023
"""longer""",8,31,2023
"""周一追高了，这下怎么搞""",8,31,2023
"""这个垃圾每天都是阴跌，该处理赶紧处理了吧，最终要到6块左右""",8,31,2023
"""左侧交易可以买点，boll打到下轨了。""",8,31,2023
"""这票千万别买，亏死你""",8,31,2023
"""典型的杀猪盘""",8,31,2023
"""爱咋咋地咋地我就不卖锁仓""",8,31,2023
"""证监会举报吧""",8,31,2023
"""主力还没吃饱？""",8,31,2023
"""浪费几天行情""",8,31,2023
"""大家等缺口，全仓杀入。""",8,31,2023
"""……""",8,31,2023
"""这种恶意做空没人管吗""",8,31,2023
"""这东西，昨天券商跌，它跟着跌，今天券商只小跌，它还跌这么多，""",8,31,2023
"""说白了，不就是想让周一追高的割肉吗，呵呵""",8,31,2023
"""天天上来骂一次，NMD垃圾，两年多了害老子亏了几十万""",8,31,2023
"""打板的二万手到哪里去了？？？""",8,31,2023
"""说了那一波反弹要抓住，后面不知道要等多久了，还不信还来阴阳怪气，时间久了基本逻辑""",8,31,2023
"""上来急跌是洗盘""",8,31,2023
"""……""",8,31,2023
"""你""",8,31,2023
"""密切关注是否有极端交易机会！""",8,31,2023
"""人气低迷散户众多""",8,31,2023
"""新力金融：融资净买入165.13万元，融资余额2.05亿元（08-30）""",8,31,2023
"""低位低吸高抛低吸""",8,30,2023
"""转发""",8,30,2023
"""主力资金本月流出近3亿，今日再度加速流出，很不好""",8,30,2023
"""明天探八毛九""",8,30,2023
"""6.9元左右是黄金""",8,30,2023
"""这个股被量化玩死了""",8,30,2023
"""真棒""",8,30,2023
"""我为啥买了""",8,30,2023
"""烂菜""",8,30,2023
"""天天跌""",8,30,2023
"""垃圾就是垃圾，永远扶不上墙。""",8,30,2023
"""不愧是新力""",8,30,2023
"""不用挂托单了，继续跌吧""",8,30,2023
"""主力资金逆市大额流出，继续观望""",8,30,2023
"""这是纯纯跟证券啊""",8,30,2023
"""5日线怕又是个假支撑""",8,30,2023
"""今天大家怎么看，会不会跌停！！""",8,30,2023
"""新力金融一两年就骗股民一回，这个骗子股，年年的重组坑了多少股民？！！怎么还有人买""",8,30,2023
"""新力金融：融资净买入95.62万元，融资余额2.03亿元（08-29）""",8,30,2023
"""新力金融：控股子公司安徽德润融资租赁股份有限公司在安徽省合肥市设立一家子公司""",8,30,2023
"""低吸""",8,29,2023
"""怎么没有一点合肥的投资眼光和魄力""",8,29,2023
"""前几天收回少量股份，现在又设立新能源公司，故事快开始了""",8,29,2023
"""涨跌是不确定的但波动是确定的！向下的波动就会增加向上波动的概率！寻找波动大的股票""",8,29,2023
"""和你有关系吗""",8,29,2023
"""新力金融：子公司德润租赁出资1000万元设立合肥子公司""",8,29,2023
"""金融股不行了""",8,29,2023
"""新力金融:安徽新力金融股份有限公司关于子公司投资设立子公司的公告""",8,29,2023
"""人家都几百亿市值了，这才多少""",8,29,2023
"""啊""",8,29,2023
"""量化在做吧。有点明显了。""",8,29,2023
"""新力的主力做空太深，转身比较费力，耐心一些""",8,29,2023
"""券服板块叠加了人工智能！弹性是真的强！尽量参与活跃股，与聪明资金共舞！只要不瞎追""",8,29,2023
"""选好板块，选好个股！持股不动是接下来成为这类中级行情的大赢家！""",8,29,2023
"""中级行情大概率事件！//@蛰伏SJ :务必重视策略的改变！切勿再耍小聪明，开启中""",8,29,2023
"""下午反攻""",8,29,2023
"""密切关注可能的主线板块//@蛰伏SJ :短线情绪宣泄后回归理性后届时开启主升浪行""",8,29,2023
"""底部吸筹这么久，前面放量突破年线回踩确认，后市可期""",8,29,2023
"""解放军还来吗""",8,29,2023
"""建议大家都卖吧！这个票已经没有主力了！都是散户！""",8,29,2023
"""耐心一点，等主力把做空资金转回来，主力需要时间挪腾""",8,29,2023
"""大金融掉链子""",8,29,2023
"""这个票再别进了，最终还是要到6块钱""",8,29,2023
"""新力金融：融资净偿还289.29万元，融资余额2.03亿元（08-28）""",8,29,2023
"""$新力金融(SH600318)$""",8,28,2023
"""务必重视策略的改变！切勿再耍小聪明，开启中级行情已是大概率事件！""",8,28,2023
"""继续打螺丝，不看""",8,28,2023
"""7.36半山腰买入，坑爹啊[囧][囧][囧][囧]""",8,28,2023
"""血亏三毛钱一股，，，今天被发套了""",8,28,2023
"""垃圾玩意儿""",8,28,2023
"""今早7.54有人买到吗？""",8,28,2023
"""你们站在高位吹风了喂[鼓掌][鼓掌][鼓掌][坏笑][献花][献花]""",8,28,2023
"""我擦7.36的本，上午买的，，，被套了""",8,28,2023
"""哈哈""",8,28,2023
"""券商板块策略大概率要改变策略了！不要再短线高抛低吸了，接下来精心个股持股不动方为""",8,28,2023
"""做了些许调仓换股！不顶板，只低吸！券服券服！""",8,28,2023
"""继续格局券服！//@蛰伏SJ :继续格局一下券服板块相关个股！//@蛰伏SJ :""",8,28,2023
"""大盘完全按照洪攻略思维在运作！""",8,28,2023
"""我以为互联网金融这波应该会很强开盘进来了，结果靠""",8,28,2023
"""为什么压盘""",8,28,2023
"""我不太相信这么大一个利好，才涨70多点。""",8,28,2023
"""垃圾东西""",8,28,2023
"""买买买买买，各位大哥大姐""",8,28,2023
"""短线情绪宣泄后回归理性后届时开启主升浪行情，主线板块届时呼之欲出！""",8,28,2023
"""即便是这样的大时机，主力都还在大流出，大家可能要适当降低期望值""",8,28,2023
"""错过不知又要等多久""",8,28,2023
"""善意提醒，这一次反弹是机会""",8,28,2023
"""8.30的本金，能解套吗""",8,28,2023
"""垃圾""",8,28,2023
"""马上起飞""",8,28,2023
"""证券全部涨停""",8,28,2023
"""牛来了""",8,28,2023
"""怎么突然人气那么高""",8,28,2023
"""该出手时就出手""",8,28,2023
"""多元金融+重组预期（比克动力二婚）+内循环（供销社）....不涨都难啊，预期3个""",8,28,2023
"""【证监会再发并购重组新规定：利好频发，重组或“迎春”-今日头条】可以二婚了@比克""",8,28,2023
"""减半印花税，证券板块春天来了""",8,28,2023
"""在最悲观的时刻就是出手的最佳时刻！每次都一样！这就是极端交易的魅力所在！""",8,28,2023
"""周末出了4大政策：1.印花税减半2.限制减持3.IPO阶段性收紧4.下调融资保证""",8,28,2023
"""这个政策对亏损股不友好""",8,28,2023
"""历史新高指日可待""",8,27,2023
"""看了一下仓位与持仓个股！感觉极端交易成功了！""",8,27,2023
"""再转一次！下个星期是验证今天（8月27号）的政策是否是超预期的存在！""",8,27,2023
"""五个一字板，重回15元""",8,27,2023
"""15年没动的印花税动了！是否能成为券商板块第二波启动的点火器？重点观察的几个重要""",8,27,2023
"""该来的还是来了！能不能涨不知道！眼见为实即可！""",8,27,2023
"""印花税降了，三个一字板""",8,27,2023
"""新力金融本周融资净偿还587.65万元，居多元金融板块第二""",8,27,2023
"""接下来重点关注的券商板块个股！这些都是最近很重要观察指标（代表了机构的意志），春""",8,26,2023
"""新力金融：融资净买入391.02万元，融资余额2.05亿元（08-25）""",8,26,2023
"""到位了，买买买""",8,25,2023
"""难得主力今天只流出不到200万，比前几天每天流出上1000万好多了""",8,25,2023
"""收购也要钱吧，股票价格就是不涨""",8,25,2023
"""市值这么小，走势这么弱，也叫金融？""",8,25,2023
"""缺口等你""",8,25,2023
"""虚伪的价值投资""",8,25,2023
"""我现在就分批清仓这个高估值的股票""",8,25,2023
"""新力金融：融资余额2.02亿元，创近一年新低（08-24）""",8,25,2023
"""我再7.25元清仓的""",8,24,2023
"""6.4我在进""",8,24,2023
"""远离姜丝股，活跃涨停的一大把""",8,24,2023
"""天天阴跌""",8,24,2023
"""真的很离谱""",8,24,2023
"""这两个星期是最好的时间了，但是主力好像不想做了，连续都是每天上千万资金的流出""",8,24,2023
"""价值连城的帖子！可能你做不到高抛低吸，但绝对能做到不追涨杀跌券商板块相关个股！/""",8,24,2023
"""继续格局一下券服板块相关个股！//@蛰伏SJ :昨天滚入的暂时格局一下！继续看看""",8,24,2023
"""财富趋势弹性真好！跌起来猛，涨起来也猛！""",8,24,2023
"""极端交易机会！量能不够！很有可能是假跌！再次用价投思维开仓基建板块！""",8,24,2023
"""极端交易机会的把握对于个股弹性的很注重！""",8,24,2023
"""昨天极端交易，今天冲高看情况走//@蛰伏SJ :太平洋没这么仁义了！但还是有极端""",8,24,2023
"""快到地下室了，继续钻地窖池""",8,24,2023
"""不是高位票啊，怎么会这么走？""",8,24,2023
"""今早还以为到底了，这么多大卖单压着，直接眼前一黑""",8,24,2023
"""垃圾就是垃圾，一步一步走向5块，""",8,24,2023
"""跑，就一个字，不然死的很惨！""",8,24,2023
"""做个差价先，哈哈""",8,24,2023
"""很少发言，同意""",8,24,2023
"""新力金融：融资余额2.04亿元，创近一年新低（08-23）""",8,24,2023
"""6.5再起步""",8,23,2023
"""再等等""",8,23,2023
"""太平洋没这么仁义了！但还是有极端交易机会！//@蛰伏SJ :看今天太平洋的龙虎榜""",8,23,2023
"""到年线再看情况，它这么演，应该是要破""",8,23,2023
"""上午释放各种悲伤情绪吧，毕竟今天是哭坟日，过了今天阳光会在来。""",8,23,2023
"""操还想着今天可以解套了。计划今天找机会高抛一下，玛的又是一碗大面。不看了继续躺平""",8,23,2023
"""新力新力，天天拉稀""",8,23,2023
"""清仓垃圾新力金融""",8,23,2023
"""又回到6.7？""",8,23,2023
"""假如后面券商板块还有行情，这个还是有机会的！敢下来就有上涨的空间！""",8,23,2023
"""新力金融：融资净买入141.86万元，融资余额2.1亿元（08-22）""",8,23,2023
"""美尔雅酒业公司""",8,22,2023
"""大盘这个位置会有反复！但基本确定继续下跌的空间有限！现阶段需要积极布局！""",8,22,2023
"""昨天滚入的暂时格局一下！继续看看后面几天的情况！""",8,22,2023
"""把金融两字改为垃圾合适""",8,22,2023
"""大盘都还没停呢，这就开始意了，不过下次反弹这货有可能会会来一下，前高不太会破，""",8,22,2023
"""己成姜丝股""",8,22,2023
"""跌跌跌[鼓掌][鼓掌][鼓掌][献花][献花]""",8,22,2023
"""来根大红柱子好不好""",8,22,2023
"""融资余额创年度新低，说明很多融资盘爆仓了，洗的差不多了，回调继续缩量，大家都躺平""",8,22,2023
"""请教高手，今天6.75买入吗？""",8,22,2023
"""今天差不多了，捂好兄弟""",8,22,2023
"""大盘假如继续下跌，继续加仓看好的标的！""",8,22,2023
"""新力金融：融资余额2.08亿元，创近一年新低（08-21）""",8,22,2023
"""汤姆猫的支撑线不应该是在6.5，怎么跌破到现在还不调整""",8,22,2023
"""这波估计破7。还好早点清仓。6.5再回来""",8,21,2023
"""不求上涨，但求下跌！""",8,21,2023
"""等清完其他的再来""",8,21,2023
"""不知道这次这个策略能不能用上！""",8,21,2023
"""七夕还是拉稀，只待明天。""",8,21,2023
"""两个多星期没看，它就下来了这么多啊！奇葩[偷笑][偷笑][偷笑][偷笑][偷笑]""",8,21,2023
"""券商这波杀的你们好舒服""",8,21,2023
"""还不跑，等着再砸二十个点""",8,21,2023
"""要不要清仓""",8,21,2023
"""继续努力，目标*st新力""",8,21,2023
"""边拉边出货，控制仓位，减仓""",8,21,2023
"""猜测会破7，入手可以不急不急的""",8,21,2023
"""从一段时间看已经非常极端了！""",8,21,2023
"""滚入！""",8,21,2023
"""垃圾""",8,21,2023
"""贵公司股票从去年 4 月一直跌到现在，请问公司对维护中间投资者利益会采取什么举措""",9,8,2023
"""量化害死人""",8,21,2023
"""供销社概念龙头天禾股份涨停板了。""",8,21,2023
"""我清仓""",8,21,2023
"""发个贴记录一下，8月21日，人生迎来了最关键的时期，8月21日，a股将迎来及其珍""",8,21,2023
"""拉机""",8,20,2023
"""新力金融本周融资净偿还832.84万元，居多元金融板块第三""",8,20,2023
"""垃圾""",8,20,2023
"""继续维持对券商板块高抛低吸的策略！""",8,19,2023
"""新力金融：连续3日融资净偿还累计2348.73万元（08-18）""",8,19,2023
"""券商板块今天（8月18号）没有城门立木！但从盘面看今天走强的都是大券商（都在千亿""",8,18,2023
"""可能上到10?""",8,18,2023
"""进一步扩大融资融券标的范围，明显利好啊""",8,18,2023
"""新力可能要休息一下了，轻仓先不动1个星期了，短看跌。""",8,18,2023
"""600778怎么看，帮忙解读，老师""",8,18,2023
"""买了五百股，看跌补仓，高抛掉。跌到6.5左右可以抄底，""",8,18,2023
"""又逼我割肉""",8,18,2023
"""财神爷保佑现在涨一下吧""",8,18,2023
"""就差我那仨瓜俩枣[怒]""",8,18,2023
"""板块倒第一嘎嘎猛""",8,18,2023
"""生病了，需要去医院看病了""",8,18,2023
"""这票到底出了什么问题，是不是我一买就这样""",8,18,2023
"""本来今天可以涨停的不知道主力你为什么要这么做为什么""",8,18,2023
"""照这个趋势，还得回到5.8元""",8,18,2023
"""今天一个都跑不了""",8,18,2023
"""拉基""",8,18,2023
"""我不跑，继续跌吧无所谓，苟庄""",8,18,2023
"""8.09买的，套住了[捂脸]""",8,18,2023
"""持续放量，一定会产生巨大波动""",8,18,2023
"""来接个盘""",8,18,2023
"""站到10以上才有机会""",8,18,2023
"""趋势走弱撤吧""",8,18,2023
"""开心吗，不给希望怎么让人买啊，还一天天的，幸亏早出来""",8,18,2023
"""快跑啊！""",8,18,2023
"""今天怎么了，平均水平都不到""",8,18,2023
"""看你们跑不跑""",8,18,2023
"""辣烟""",8,18,2023
"""狗""",8,18,2023
"""今天继续走弱就再见""",8,18,2023
"""新力金融：融资净偿还701.78万元，融资余额2.2亿元（08-17）""",8,18,2023
"""新力每一波大盘上涨都会爆发""",8,17,2023
"""看不懂这厮？""",8,17,2023
"""曾涉嫌新力金融欺诈门的通怡私募入驻惠泉啤酒""",8,17,2023
"""放量不涨基本就是出货了""",8,17,2023
"""好运来我们好运来""",8,17,2023
"""十字路口，明天定方向！""",8,17,2023
"""尴尬了一点没涨""",8,17,2023
"""买回来半仓，我看互联网金融很多股票都突破了[捂脸]但不排除这是个lj""",8,17,2023
"""你还真是垃圾""",8,17,2023
"""冲鸭加油鸭，给我拉涨停""",8,17,2023
"""你不拉指数不能翻红""",8,17,2023
"""不买也罢，没买点，空仓看戏不好吗""",8,17,2023
"""压着不涨只能说明一个问题，一两个月内要重组了。""",8,17,2023
"""刚买就跌真垃圾""",8,17,2023
"""下午会暴跌[看空][看空][看空][看空][看空]，没有走的，赶紧走""",8,17,2023
"""怎么让人感觉你不配涨呢""",8,17,2023
"""大盘指数不行的时候，就是拉金融来护盘，现在指数不下跌了，就没有必要拉金融股了，所""",8,17,2023
"""有本事就天天震荡，我一天T一毛早晚给你T下来，玛德8.2成本T到现在7.52了""",8,17,2023
"""跑了，下午大跌""",8,17,2023
"""这票主力就是啥批""",8,17,2023
"""牛逼，带着大盘走""",8,17,2023
"""看到证券跌你就跑，跟证券跟的紧""",8,17,2023
"""砸到7.00我就接回来""",8,17,2023
"""好运来我们好运来""",8,17,2023
"""刚卖出你就砸盘""",8,17,2023
"""指数泛红了，它的任务完成了，是时候下跌了[看空][看空][看空][看空][看空]""",8,17,2023
"""每天早盘拉一下，下午就猛砸，什么套路？""",8,17,2023
"""今天必涨停，不涨停打我脸来""",8,17,2023
"""今天放量跌停就好了[哭]""",8,17,2023
"""兄弟们坚持住，每天一喊，不要被洗掉，涨停指日可待，就在这几天""",8,17,2023
"""全是散户，看来要连续跌停好几年了，最少十年，你们散户被套永远出不来了""",8,17,2023
"""早评：操作上$威士顿(301315)：今天计划，开盘快速拉升至五日线上，会选择加""",8,17,2023
"""这家跟的是保险吧""",8,17,2023
"""1-8月国铁招标超过去三年，多地抢先布局磁悬浮！""",8,17,2023
"""昨天莫名其妙7.48进来了""",8,17,2023
"""员工持股价7.3元，2年利息。8元多！""",8,17,2023
"""假如大盘击穿3000点！启用H007策略！（即击穿3000点后出现暴跌后仓位打到""",8,17,2023
"""昨天进来的，今天一个都别想跑""",8,17,2023
"""一帮人瞎叨叨涨了跌了的你们都是股神嘛？说什么亏死你们的老子愿意买亏你家钱了涨""",8,17,2023
"""今天互联金融板块都救不了你。高看你了""",8,16,2023
"""好运来我们好运来""",8,16,2023
"""明天开盘又是低开五个点左右，今天进来的又得闷杀[赞][赞][赞][赞]""",8,16,2023
"""明天有点危险，放量不涨就不是好事，躲起来""",8,16,2023
"""它在走申万的路""",8,16,2023
"""快抢了尾盘涨停""",8,16,2023
"""今天市场这样走，楼主怎么看？""",8,16,2023
"""在老庄股里，有一种单叫对锚单，意思就是每当有一个稍微大点的买单出现，老庄就会自动""",8,16,2023
"""刚刚还是7.57，现在又跌了一毛，到7.47了""",8,16,2023
"""大单压顶后市看涨""",8,16,2023
"""明天一个都跑不了，明天乐观点5个点，差点就是9个点""",8,16,2023
"""券商又在拉""",8,16,2023
"""下午收盘跌2.5，明天低开2个点下杀，收中阴，今天进的明天带着血出来""",8,16,2023
"""分时简直不能看啊，全TTM小单出，但凡有点苗头就砸下来，恶心至极""",8,16,2023
"""强只是偶然。。。""",8,16,2023
"""韭菜们，继续买，明天新力教你做人""",8,16,2023
"""会被st么""",8,16,2023
"""下午收盘跌2.5，明天低开2个点，多空双杀，没有一个韭菜能活着出来""",8,16,2023
"""这庄真恶心，早晚要死""",8,16,2023
"""下午回落，今天白天进的，明天一个都跑不了，明天低开2个点，下杀，收中阴""",8,16,2023
"""券商已经拉板两个带不动他，摩恩电气反包，还是带不动，难得还要等下午供销社起来带吗""",8,16,2023
"""从7.67到7.57，已经跌一毛了，真快，本来卖挂单到7.71的，看你到7.66""",8,16,2023
"""赚了个外卖，7.66上不去我就走了""",8,16,2023
"""大伙认为机构会不会持续入场券商板块呢？""",8,16,2023
"""看这两天的走势，基本是跟风供销社概念？？？其它概念无视？？""",8,16,2023
"""特刊：匹K最亮两仔，供股票爱好者参考（研奥-长青、新力-摩恩）""",8,16,2023
"""有点坑人啊！8.3涨停后连续调整，难道又是一个国企僵尸股？""",8,16,2023
"""券商板块里涨幅靠前的资金性质发生了变化！能不能开启第二波行情就看机构持续入场不？""",8,16,2023
"""放量？为什么不涨？""",8,16,2023
"""今天放量滞胀？？？不知为何？？？""",8,16,2023
"""今天早盘没有卖的，下午开盘赶紧跑，大盘无量拉升，下午肯定暴跌[看空][看空][看""",8,16,2023
"""这个垃圾明天清了""",8,16,2023
"""证券获利盘太多，拉起来就是出货的时候，这个票也是跟风盘，有利润就赶紧跑了[卖出]""",8,16,2023
"""感觉不单单是压盘不让涨了，压的时间有点久，而且这几天明明可以借热点拉一波了，就怕""",8,16,2023
"""压错宝[为什么][为什么]""",8,16,2023
"""量在增，好兆头""",8,16,2023
"""压得真狠，这么带都不行。""",8,16,2023
"""重回上升通道""",8,16,2023
"""你就好好的躺平吧！""",8,16,2023
"""压着不让涨，是不是想搞大事情""",8,16,2023
"""不能拉涨停的红，都是耍流氓""",8,16,2023
"""马上红了兄弟们，千万拿住了别被洗了，这周涨停近在咫尺""",8,16,2023
"""快买""",8,16,2023
"""有刀不耍非得耍剑学别人低开反杀。。。嘿嘿[主力]""",8,16,2023
"""加油加油，拉个涨停""",8,16,2023
"""这个多元金融就是跟风证券的小弟，今天证券冲高回落了，这个下午估计会跌五六个点[看""",8,16,2023
"""证券上不去，这个也别想上去[看空][看空][看空][看空]""",8,16,2023
"""华安都5个点了，老乡也要为安徽争气啊""",8,16,2023
"""这种自以为是的大低开好无聊阴阳怪气的走法成不了至阳龙头这票不会有人接盘的""",8,16,2023
"""这个低开反杀不可思议的游戏啊。。。看看隔壁影视胜！[口罩][主力]""",8,16,2023
"""拉高就跑，[卖出][卖出][卖出]，让主力接盘[得意][得意][得意][得意][""",8,16,2023
"""深蹲起跳""",8,16,2023
"""又要套了吗？""",8,16,2023
"""涨的时候最少，跌的时候最多""",8,16,2023
"""神经病吧""",8,16,2023
"""开盘就跑，[卖出][卖出][卖出][卖出][卖出][卖出][卖出]""",8,16,2023
"""准备好暴击了吗""",8,16,2023
"""唱多这么多人，开盘跑""",8,16,2023
"""怪事，唱多的突然一晚多了这么多？[为什么]""",8,16,2023
"""都说主线不是证券～而是金融～今天接力恒银科力，高开秒板！""",8,16,2023
"""如何定义一轮好行情（宜猎季，围猎季）?好行情的特征：1、有板块相对大盘持续明显走""",8,16,2023
"""A股的真相：猎人通过心中的花开布局，通过树上的花开收获！猎物通过心中的花开看戏，""",8,16,2023
"""66666""",8,16,2023
"""8.16单点一只""",8,15,2023
"""A50又被砸了，明天证券又要挨揍了，大家一起被闷杀了""",8,15,2023
"""这都是挂的些啥单啊，该死的量化。""",8,15,2023
"""就干一个字，九天前一箭破空，九字回调，分时三次异动，尾盘出现抢筹，看多。""",8,15,2023
"""明天低开3个点，1个都跑不了""",8,15,2023
"""趋势还没好转，明天不拉红没戏""",8,15,2023
"""今天不走的明天吃大面""",8,15,2023
"""正垃圾，清仓走人""",8,15,2023
"""叠加了三个概念，大金融+AMC+供销社，为毛不涨？？？""",8,15,2023
"""股东人数进一步减少！筹码进一步集中！股价继续走修复逻辑！""",8,15,2023
"""哈哈哈，抖音好都在推[滴汗][滴汗][滴汗][滴汗][滴汗][滴汗][滴汗][滴""",8,15,2023
"""近阶段第一只翻倍券商股诞生！今天早盘有大资金入场券商板块！看看机构能不能接过游资""",8,15,2023
"""这货每年都会炒一波""",8,15,2023
"""互联网金融叠加最热的供销社题材！明天不飞都难！我不说出来，有几个知道逻辑的？""",8,15,2023
"""这么高换手率，筹码都不稳定，还想着起飞""",8,15,2023
"""昨天进，今天没出，再拿一拿。""",8,15,2023
"""明天冲高不涨停跑""",8,15,2023
"""尾盘买进的资金，就是明天砸盘的资金""",8,15,2023
"""不容易，消息一出，先上五日再站十日，明天又有希望了[捂脸]""",8,15,2023
"""再转一次！极端时刻选股方向！""",8,15,2023
"""尾盘拉，明天大概率是大面""",8,15,2023
"""加仓了5000股，明天主力你拉不拉[得意][得意][得意][得意]""",8,15,2023
"""好股""",8,15,2023
"""冲冲冲冲冲！""",8,15,2023
"""不启动，那就还有低位买点，看准拉的，不想错过就建仓，回调低位反转在补仓！""",8,15,2023
"""拉起来啊，又是供销社，又是互联网金融的[为什么]""",8,15,2023
"""这么小的盘子，拉个涨停啊""",8,15,2023
"""什么庄，糟蹋这股，俩热的一点都不跟，金融也不拉，供销社也不拉。软蛋一个""",8,15,2023
"""指数翻红全靠你拉，你不拉又下来了""",8,15,2023
"""主力太弱，操盘手太菜，点火都不会，此股难有大行情，走了。祝留下的发财吧。""",8,15,2023
"""表现不错""",8,15,2023
"""无敌起飞""",8,15,2023
"""拉个涨停明天我找小杨哥给你们融资""",8,15,2023
"""没有新力了，旧力老想着跑路""",8,15,2023
"""有跟几毛黄线在我身上，压的我好累。唉走了""",8,15,2023
"""谁借我2个亿，我直接拉涨停""",8,15,2023
"""银行证券拉指数明天继续跌""",8,15,2023
"""供销社概念爆发了啊，你该有所作为吧孙子""",8,15,2023
"""难道要收购恒大老爷车?""",8,15,2023
"""今天在不涨，立贴为证，销户，再也不玩了，也算是悟道了吧，买啥啥赔""",8,15,2023
"""汇率贬值太厉害了，利空金融股""",8,15,2023
"""就这样熄火了吗？""",8,15,2023
"""我地giaogia就要买买买""",8,15,2023
"""不是你一路下跌主力怎么还一路买啊，准备降低成本，明天换手拉高套人是吧""",8,15,2023
"""垃圾，已走""",8,15,2023
"""守不住，也非你之过了[捂脸]无所谓了。""",8,15,2023
"""这种垃圾怎么还不跌停""",8,15,2023
"""下午涨停啦，过了今晚想穷都难！""",8,15,2023
"""金融金融你不跟纯纯的供销社你也不跟呸""",8,15,2023
"""牛股，买入！""",8,15,2023
"""66666""",8,15,2023
"""再多题材也没用，资金最终认可的还是跟金融""",8,15,2023
"""压力太大了，走了""",8,15,2023
"""全是1111111111，不准涨，阴跌一天""",8,15,2023
"""去""",8,15,2023
"""不要进了，明天大跌""",8,15,2023
"""你不会跟的是amc吧？强两天大涨时候咋不动呢？""",8,15,2023
"""就一个供销社概念硬拉着他，今天才没绿""",8,15,2023
"""主力快拉涨停把指数带起来吧""",8,15,2023
"""10点30到11点.点火！""",8,15,2023
"""涨停可能性不大""",8,15,2023
"""供销社概念大涨，板块平均水平都没有，垃圾""",8,15,2023
"""没实力，不要买，估计一会要回落""",8,15,2023
"""今天有些不理智了[捂脸]下次吸取教训。""",8,15,2023
"""放自选很久了，回调到位，回踩7.48先建个仓，不求涨停，给四五个点出局即可！""",8,15,2023
"""供销社叠加金融大盘一旦放量应该有机会上去。等信号来我先看着兄弟们吃肉肉～""",8,15,2023
"""新力金融8月15日快速上涨""",8,15,2023
"""新力金融8月15日快速反弹""",8,15,2023
"""[呲牙]""",8,15,2023
"""主力遥控，在每日9点15前满仓购买，在9点25分成交前，缓慢撤出单，散户认为有资""",8,15,2023
"""今天反包涨停，都发财，需要补张。""",8,15,2023
"""医药板块除了极端交易机会是否还有价值投资的机会呢？值得思考！//@蛰伏SJ :先""",8,15,2023
"""大家都还没认识到新力的价值和定位；参股的中安金融（AMC）今年业绩也开始爆发，静""",8,15,2023
"""新力金融：融资净买入456.86万元，融资余额2.24亿元（08-14）""",8,15,2023
"""今日7.41买入，收盘还套了5分，不知明日能否解套。""",8,14,2023
"""转发""",8,14,2023
"""这波看到6.5每次到这个价就进点""",8,14,2023
"""新力金融：泛金融概念债转股、AMC概念，叠加国企改革 、资产注入预期！""",8,14,2023
"""有急涨的样子""",8,14,2023
"""AMC都2板了，难道不响应一下吗？""",8,14,2023
"""看今天太平洋的龙虎榜后，为今天冲进去追高的人捏把汗了！大概率接下来太平洋的走势就""",8,14,2023
"""之前尝试过超跌反弹的策略，因为看到了更好的标的所以放弃了上次超跌反弹的机会！事后""",8,14,2023
"""新力金融:安徽新力金融股份有限公司关于为全资子公司提供担保的公告""",8,14,2023
"""如果明天摩恩继续一字，估摸着会有联动效应""",8,14,2023
"""好运来我们好运来""",8,14,2023
"""冲高这次选择清仓！看看还有没有机会了！""",8,14,2023
"""为小米汽车而战！小米占第六大股东，通过宁德时代（高配）、比亚迪（低配）重要配套给小米汽车！""",8,14,2023
"""诉讼太多，存在不确定性！慎重！大资金也是蜻蜓点水！""",8,14,2023
"""审计意见现在怎么不显示了。前天还能看到""",8,14,2023
"""看看债转股的高度明天能不能打起来[微笑]""",8,14,2023
"""均线死叉了，短期没戏，还得调整""",8,14,2023
"""始终都是一套！""",8,14,2023
"""先跌到20日线再看[呲牙]""",8,14,2023
"""托单出货必跌，快跑！托单出货必跌，快跑！托单出货必跌，快跑！[看空][看空][看""",8,14,2023
"""今天涨不动，明天就要补跌了[捂脸][捂脸][捂脸][捂脸]""",8,14,2023
"""妖股挖掘：新力金融，安徽省AMC.俗称拆雷概念.叠加互联网金融.两世唯一票""",8,14,2023
"""这两天大盘大跌是很好的测试此标的场内筹码锁定情况的！结合股东人数变化大概率要步入""",8,14,2023
"""大概率要步入第四阶段了！""",8,14,2023
"""不变的规律！下跌左侧选救市救心的板块（非银金融），下跌企稳选弹性大的小盘股（科技""",8,14,2023
"""周五滚入的看情况要不要滚出！//@蛰伏SJ :务必遵循此策略来操作券商板块相关个""",8,14,2023
"""相对于外面，新力金融真的已经很温暖了""",8,14,2023
"""现阶段券商板块务必遵循高抛低吸！不可轻易追涨！待机构明确假如加入战斗方可适当追涨""",8,14,2023
"""烦死了，明明知道券商要拉，就是被套在新力动不了。都是金融板块，你也争口气啊。别人""",8,14,2023
"""又开始骗了""",8,14,2023
"""要是大盘强势点，今天应该是个涨停""",8,14,2023
"""金杨股份：为小米汽车而战！还记得四天翻倍的华海诚科？""",8,14,2023
"""今天不涨，明天涨[大笑][大笑][大笑]，因为我持仓5000股[得意][得意][""",8,14,2023
"""你们以为会涨停呢""",8,14,2023
"""出了，今天不跟跌，什么想法，不过还好没吐""",8,14,2023
"""跑就对了""",8,14,2023
"""托单！别接！出货！托单！别接！出货！""",8,14,2023
"""极端交易！""",8,14,2023
"""不买，骗我，没门""",8,14,2023
"""早上拉高后不断托单不断破，应该是出货了，跑了，下跌趋势[惨!关灯吃面]""",8,14,2023
"""你不是吧""",8,14,2023
"""快买啊，""",8,14,2023
"""解套，跑了""",8,14,2023
"""风险过去再看，多看少动。""",8,14,2023
"""见势不对全仓撤退再等机会""",8,14,2023
"""下周整体都不会好，这货有点悬了，出了又接回，哎，吃的又得吐出来了，真的不如存银行""",8,13,2023
"""新力金融本周融资净偿还601.08万元，居多元金融板块第八""",8,13,2023
"""我8.44的本啊！""",8,13,2023
"""汗水干出来 财富自然来""",8,12,2023
"""周末好好整理思路，面对这样的行情越来越兴奋了！每次出现集体悲观的时候，就是积极把""",8,12,2023
"""新力金融：融资净偿还480.14万元，融资余额2.2亿元（08-11）""",8,12,2023
"""这垃圾从哪来回哪去的。""",8,11,2023
"""走几天了，啥时候止跌见红再来看看情况。""",8,11,2023
"""昨天7.47跑了，你们骂我不懂，不是懂不懂问题，问题是觉得还会跌就应该早斩仓止损""",8,11,2023
"""务必遵循此策略来操作券商板块相关个股！不然今天这样的情况会让你触不及防，这种跌法""",8,11,2023
"""继续熬，一个10%涨幅都给我吃没了，还亏了两个点了，下个礼拜只要缩量不涨不跌我就""",8,11,2023
"""新力金融：业绩说明会定于9月8日举行""",8,11,2023
"""新力金融:安徽新力金融股份有限公司关于召开2023年半年度业绩说明会的公告""",8,11,2023
"""今天看太平洋低开那么多，清仓了新力金融。""",8,11,2023
"""牛市来了""",8,11,2023
"""托托们出来叫啊！""",8,11,2023
"""韭菜们，昨天晚上不是很兴奋吗""",8,11,2023
"""跌了整整一周，垃圾。""",8,11,2023
"""本来是个很好的市场，被砸盘的垃圾们废了""",8,11,2023
"""任何拉升都是跑路的机会""",8,11,2023
"""你敢拉我就敢砸，就看不顺眼那个一直托单撤单，又重新挂单撤单。以为没有大单砸你是不""",8,11,2023
"""图型太难看，还要下跌""",8,11,2023
"""有涨停基因""",8,11,2023
"""转发""",8,11,2023
"""不要进赶紧跑，诱多出货""",8,11,2023
"""外面一堆超跌股[大笑]""",8,11,2023
"""与想象的相反，打脸[笑哭]""",8,11,2023
"""不管了！坚守原则滚入一部分！""",8,11,2023
"""有一个人很搞笑，7.34的位置挂托单500手，眼看快要到7.34了，马上撤单挂7""",8,11,2023
"""今天继续执行滚入策略！""",8,11,2023
"""大盘敢这么跌！此时必须极端交易！""",8,11,2023
"""看看太平洋股性多好，等下又翻红了""",8,11,2023
"""几天时间又回到了解放前""",8,11,2023
"""都是机器人量化交易，不要轻易补仓，越补越跌""",8,11,2023
"""昨晚你们不是说今天涨停吗，我会所都订好了，这玩的哪出啊[发呆]""",8,11,2023
"""太平洋出了，赚了3个点，不高开，假如高开能赚10个点以上，现在等这垃圾拉2个点我""",8,11,2023
"""你剑不剑啊，板块涨的时候不跟，跌的时候又不想回调。浪货""",8,11,2023
"""利好兑现，幸好昨天走了半仓，但是在别的也没占到便宜，市场很弱""",8,11,2023
"""又说10点前涨停[捂脸][捂脸][捂脸][捂脸][捂脸][捂脸][捂脸]""",8,11,2023
"""怎么不长啊""",8,11,2023
"""子弹都打满还不开拉""",8,11,2023
"""不贪婪，就七块钱再进""",8,11,2023
"""10点前涨停，加仓买[捂脸][捂脸][捂脸][捂脸]""",8,11,2023
"""你们以为涨停吗[坏笑][想一下]""",8,11,2023
"""加油，杀下来，加仓[兴奋][兴奋][兴奋][兴奋][兴奋]""",8,11,2023
"""不给机抛了吗？""",8,11,2023
"""7.30加仓""",8,11,2023
"""【新力金融：上半年净利润约2371万元同比扭亏】8月10日晚间，新力金融发布半年""",8,11,2023
"""新力金融8月11日快速反弹""",8,11,2023
"""[呲牙][呲牙][呲牙][呲牙][兴奋][兴奋][兴奋][胜利][胜利]""",8,11,2023
"""发业绩，，，放量杀[大笑][大笑][加油][加油][大笑][大笑][大笑][大笑""",8,11,2023
"""要点脸吧，新力金融真的服了""",8,11,2023
"""新力金融8月11日加速下跌""",8,11,2023
"""还在做梦，利好兑现了，当然要跌了，这点常识有的吧""",8,11,2023
"""放量下跌""",8,11,2023
"""托托们出来走两步""",8,11,2023
"""还涨价，笑晕人家""",8,11,2023
"""周五方向""",8,11,2023
"""散户一致看多，100%要跌。庄家不是慈善机构给你抬轿让你吃肉""",8,11,2023
"""利好出了还不大涨吗""",8,11,2023
"""这点利润还不够一天跌掉的市值""",8,11,2023
"""利好落地，快点跑""",8,11,2023
"""起码今天会涨了吧""",8,11,2023
"""满仓涨停！下周三个榜[拜神][拜神][拜神]""",8,11,2023
"""新力金融：融资净买入21.55万元，融资余额2.24亿元（08-10）""",8,11,2023
"""这是进一步对券商板块的思考，站在可能切换主导资金的档口，提前思考，眼见为实！通过""",8,11,2023
"""再转一次！""",8,11,2023
"""券商板块进入第二阶段炒作后必须严格按照此操作方法！不能轻易追涨了（炒作第一阶段可""",8,11,2023
"""板来了""",8,11,2023
"""别唱多了，明面上的事情[滴汗]""",8,11,2023
"""明天涨停，搞笑，我太平洋今天就涨停[胜利][胜利][胜利]""",8,10,2023
"""不买，打个版。让我亏了那么多。""",8,10,2023
"""蒙古里已经把这个票干地板上了，别期待什么重组，不现实""",8,10,2023
"""爽，尾盘买入堵一把，果然业绩大增，明天涨停板再跑[大笑]""",8,10,2023
"""现金流少了9000多万，把现金流当利润，还少了6000万，散户们自己去想吧，怎么""",8,10,2023
"""【新力金融：上半年净利润约2371万元同比扭亏】8月10日晚间，新力金融发布半年""",8,10,2023
"""这个股票的炒作点是金融吗？不，并不是，他的炒作点是重组，还是要等重组""",8,10,2023
"""明天能不能原地起飞？""",8,10,2023
"""证监会计划周五召集部分房企及金融机构开会？知情人士：消息属实债转股概念能来一下吗""",8,10,2023
"""新力金融：加大清收清欠力度 上半年扭亏为盈至2371.33万元""",8,10,2023
"""这是老庄股，发这么多利好是担心没人买账自己亏损，因为全去龙头了，龙头只发辟谣不发""",8,10,2023
"""新力金融：2023年半年度净利润约2371万元""",8,10,2023
"""新力金融：2023上半年净利润2371.33万元，同比扭亏为盈""",8,10,2023
"""这条消息对提供相关交易技术的公司构成一定的利好！""",8,10,2023
"""新力金融：上半年净利润约2371万元 同比扭亏""",8,10,2023
"""新力金融2023年上半年净利2371.33万 扭亏为盈""",8,10,2023
"""新力金融股东户数下降3.20%，户均持股7.46万元""",8,10,2023
"""明天涨停""",8,10,2023
"""新力金融(600318.SH)发布半年度业绩，净利润2371万元，同比扭亏为盈""",8,10,2023
"""新力金融(600318.SH)：上半年净利润2371.33万元 同比扭亏""",8,10,2023
"""新力金融:安徽新力金融股份有限公司2023年半年度报告摘要""",8,10,2023
"""新力金融:安徽新力金融股份有限公司2023年半年度报告""",8,10,2023
"""新力金融:安徽新力金融股份有限公司第九届董事会第五次会议决议公告""",8,10,2023
"""新力金融:安徽新力金融股份有限公司第九届监事会第五次会议决议公告""",8,10,2023
"""就看上我这仨瓜俩枣了，刚割肉就涨""",8,10,2023
"""晚上9.00出预告！分成还没有给主力商量好，我们都是小韭菜，看好他们表演""",8,10,2023
"""我割肉起来也是毫不犹豫！""",8,10,2023
"""新力太墨迹了，终于被磨走了，这个儿子只跟风，看吧，你死心以后，它就捎脚""",8,10,2023
"""最近做的券商板块与券服板块的相关个股！主线板块赚钱相对容易，算买到的不是龙头股收""",8,10,2023
"""这个点不出预报，不出就是要雷了""",8,10,2023
"""新力金融和太平洋券商八竿子打不着！""",8,10,2023
"""前几天每天近十个亿的成交额主力出货了？""",8,10,2023
"""收购白酒不？[呲牙]""",8,10,2023
"""今晚是不是出中报""",8,10,2023
"""继续坚守满仓280万，""",8,10,2023
"""今天卖了新力买了恒银科技，开心！[呲牙]""",8,10,2023
"""短期震荡""",8,10,2023
"""相比其他太弱了，尾盘出来了半仓，看明天板块情况""",8,10,2023
"""8.2买的前天割了，今天又接回来，希望明天涨点。""",8,10,2023
"""还是游资扛起了大旗！机构还不来吗？需要持续性还得靠大主力发力才行！""",8,10,2023
"""没有卖点，套了1.5点，再等一天。""",8,10,2023
"""时点选的很好！//@蛰伏SJ :今天是很好的滚入点！//@蛰伏SJ :下午券商板""",8,10,2023
"""揉搓线，明天有戏~""",8,10,2023
"""这股已经被抛弃了，短期没机会""",8,10,2023
"""我真跟了太平洋，板了，笑晕""",8,10,2023
"""借着太平洋涨停，拉高出货这么明显，炒股炒龙头""",8,10,2023
"""来了新庄家，手段有点硬啊，吸了一个礼拜了还在吸[鼓掌]""",8,10,2023
"""拉个涨停吧""",8,10,2023
"""早上7.47跑了，去买了太平洋，笑晕""",8,10,2023
"""我，太平洋你不跟了啊？""",8,10,2023
"""呵呵，我真换了太平洋版了[呲牙][呲牙][呲牙]""",8,10,2023
"""真的不能买弱的，只能买强的。换仓强的""",8,10,2023
"""明天7.2""",8,10,2023
"""跟风都跟不上，确实是""",8,10,2023
"""↘↘↘7.10""",8,10,2023
"""别涨咯[大笑]争取10连跌""",8,10,2023
"""请问贵司对于并购重组证券、期货、保险、基金等大金融行业公司，有哪些合适的标的？""",9,8,2023
"""明天的中报百分百盈利，看吧，立帖为证！""",8,10,2023
"""买""",8,10,2023
"""便宜没好货，阴跌五天了""",8,10,2023
"""恶心到吐""",8,10,2023
"""龙头八个点换你不绿可以吗""",8,10,2023
"""换真正龙头各位！""",8,10,2023
"""跟着太平洋跌，涨的时候就装傻充愣""",8,10,2023
"""摊牌了，大盘今天靠你拯救，肩负使命，砥砺前行！""",8,10,2023
"""逃命""",8,10,2023
"""小贷公司，风险太大[呲牙]""",8,10,2023
"""那么多券商，非要跟太平洋。真不如买太平洋。杂毛股""",8,10,2023
"""今天晚上发中报，明天涨停。""",8,10,2023
"""无力量""",8,10,2023
"""前面9.35元的压力好大啊！这个股若果能拿下935高地则正式起飞！""",8,10,2023
"""转发""",8,10,2023
"""转发""",8,10,2023
"""完全跟太平洋一个主力吗？一模一样还是说没有专门的主力只有个大主力""",8,10,2023
"""这次8.3进的，何时才是头呀""",8,10,2023
"""7.47先跑，会到18日线7.10再进""",8,10,2023
"""跟主板走没希望没前途""",8,10,2023
"""这个庄为了几颗筹码已经无底线了看来庄等不及了""",8,10,2023
"""真特么拉基""",8,10,2023
"""7.47先跑，会到18日线7.10再进""",8,10,2023
"""收不回十日线就减仓了，没办法，太弱了，只会跟着板块绿的时候共振""",8,10,2023
"""这股紧跟太平洋，竞价时候都是""",8,10,2023
"""太墨迹了这个票""",8,10,2023
"""券商板块是最近难得的比较有持续性的板块了，可惜的是还只是游资主导，机构迟迟不敢强""",8,10,2023
"""严格执行高抛低吸策略！""",8,10,2023
"""这个位置不进则退，不涨停阿灿倒立洗头""",8,10,2023
"""今天不到7.8不卖""",8,10,2023
"""急跌慢涨，下午给来个涨停，上午把子弹打满""",8,10,2023
"""7.47成功跑掉""",8,10,2023
"""7.47短线卖出""",8,10,2023
"""不跑是猪""",8,10,2023
"""快跑，不跑是猪""",8,10,2023
"""快跑""",8,10,2023
"""涨如便秘，跌如拉稀。飞舞一个，瞎眼了，我润了""",8,10,2023
"""果子油，搞里头！盐，搞里头！鸡精，搞里头！生抽，搞里头！老抽，搞里头！蚝油，摘里""",8,10,2023
"""可以买了兄弟们""",8,10,2023
"""快跑""",8,10,2023
"""看样子今天止跌了""",8,10,2023
"""盘中富贵了十秒钟有没有[笑哭]""",8,10,2023
"""红开，今天有搞头啊，准备杀进去半仓""",8,10,2023
"""垃圾""",8,10,2023
"""新力金融：融资净买入48.99万元，融资余额2.24亿元（08-09）""",8,10,2023
"""今天实现财务自由了，明天自由才是真自由。""",8,9,2023
"""明天涨停""",8,9,2023
"""硬抗了四天了，割舍不了[哭][哭][哭]""",8,9,2023
"""K线诧异，托单展现，还不跑？""",8,9,2023
"""转发""",8,9,2023
"""还行吧起码跌的不多躲在你这儿就当空仓了出去买啥也都是套而且外面哀鸿遍野""",8,9,2023
"""明天炒互联网金融！""",8,9,2023
"""7.50收码子卖的快了""",8,9,2023
"""可惜跳水了哎""",8,9,2023
"""尾盘本人开始买入，要卖出的快了。过这个村没这店""",8,9,2023
"""大A就是这样玩的[困顿]""",8,9,2023
"""快跑""",8,9,2023
"""还不快跑，明天全坑杀""",8,9,2023
"""心里苦[哭]""",8,9,2023
"""今天下午有机会反弹吗""",8,9,2023
"""再不反包下跌中继确认估计会有个大阴""",8,9,2023
"""正软脚蟹！昨天7.6买的今天形态不对7.65就清了！真它就是个跟屁虫！""",8,9,2023
"""明晚中报扭亏，不抄？？""",8,9,2023
"""七块钱，沉住气""",8,9,2023
"""7块钱再入就行""",8,9,2023
"""已经半仓7块就梭哈""",8,9,2023
"""垃圾垃圾""",8,9,2023
"""唯一叫金融的股票吧""",8,9,2023
"""能加仓了吗？""",8,9,2023
"""别买后排杂毛，板块大涨不会跟，大跌就只能吃土""",8,9,2023
"""被骗炮了[怒]""",8,9,2023
"""手里没有的就买点避险""",8,9,2023
"""今天7.4，明天7.2，后天7块附近，可以进了，哈哈，别怪没提前告诉你们剧本""",8,9,2023
"""清仓走人哦。""",8,9,2023
"""先把医药板块的机会兑现了！//@蛰伏SJ :存在极端交易机会的潜在板块！""",8,9,2023
"""7.57""",8,9,2023
"""你真是渣的可爱[鼓掌][鼓掌][鼓掌][鼓掌]""",8,9,2023
"""要成为疆尸了""",8,9,2023
"""在等一个契机么""",8,9,2023
"""这垃圾不涨啊""",8,9,2023
"""7.63买入""",8,9,2023
"""后排杂毛是不靠谱的""",8,9,2023
"""不拉升3个点，我就不跟[呲牙][呲牙][呲牙]""",8,9,2023
"""散户总是记吃不记打，套你没商量，活该，哈哈""",8,9,2023
"""加仓兄弟们""",8,9,2023
"""升3个点，我就敢追""",8,9,2023
"""牛市结束""",8,9,2023
"""halo大家早上好，来说说今天看法吧！这两天利空消息比较多，明显感受到市场很弱，""",8,9,2023
"""昨晚大手笔进去了，今天明显涨停""",8,9,2023
"""券商板块正在尝试切换主导资金，继续跟踪！当大众保持谨慎时自身要保持兴奋！当大众保""",8,9,2023
"""新力筹码图显示主力高位派发，低部筹码减少明显，业绩又不好，今天己显头重脚轻疲态，""",8,9,2023
"""新力金融：融资净偿还664.08万元，融资余额2.24亿元（08-08）""",8,9,2023
"""1预测明天涨2个点左右""",8,8,2023
"""涨停都快跌完了""",8,8,2023
"""明天跌停""",8,8,2023
"""，玩意，快点跌下来""",8,8,2023
"""前几天谁说像的，今天再看，真的很像，量能都一样[哭][哭][哭]""",8,8,2023
"""明天涨停，劝大家买入为好""",8,8,2023
"""持续3日缩量，情绪冰点后市怎么看""",8,8,2023
"""哪个去太平洋摇人过来？烦死了""",8,8,2023
"""明天涨5%以上，祝大家发财。""",8,8,2023
"""明天是最后的机会了""",8,8,2023
"""卖盘汹涌""",8,8,2023
"""兄弟们一起来全仓买入吧吧，我的天啊""",8,8,2023
"""最后5分钟，你敢拉2个点，我就敢追，不然我去追太平洋了""",8,8,2023
"""兄弟们一起进""",8,8,2023
"""出货了已经""",8,8,2023
"""大米价格疯涨，炒大米了，金健米业今天又要涨停了，出了这个买大米""",8,8,2023
"""对不住了先走了[亏损][亏损][亏损]""",8,8,2023
"""各位推荐一点好的方向""",8,8,2023
"""从基本面看。行情结束了。""",8,8,2023
"""跟紧龙头""",8,8,2023
"""恭喜在车上的股友，同时也祝贺没上车的朋友，这个股票，我觉得我有必要出来说说。本人""",8,8,2023
"""，这几天做梦都是你上8个点解套走人，算了，都是骗自己的，走吧""",8,8,2023
"""太多狗托""",8,8,2023
"""兄弟们冲进去买买买[上涨][上涨][上涨][上涨][胜利]""",8,8,2023
"""这只股不涨了主要是不亏损了[偷笑]""",8,8,2023
"""有没有大佬分析一下要不要跑[哭]8.13做t到7.82，心好累""",8,8,2023
"""跟顶点走的第一波，当时烂板就知道垃圾""",8,8,2023
"""卖了的，下午会后悔的，没卖的的，下午也会后悔的""",8,8,2023
"""凉凉""",8,8,2023
"""继续执行：看大众评论与他们反向操作做！""",8,8,2023
"""有切换的苗头！继续跟踪！""",8,8,2023
"""真是个，估计是凉了。开盘就下套""",8,8,2023
"""游资退潮券商板块，机构接力券商板块！""",8,8,2023
"""跟去年11月份同一波人操作的，此时不走，在套一年""",8,8,2023
"""持股不动今天，局势不明朗""",8,8,2023
"""红盘了再割肉""",8,8,2023
"""7.50低吸建仓""",8,8,2023
"""这会都是散户在交易，离谱。""",8,8,2023
"""板块上来了，他都无动于衷[怒]""",8,8,2023
"""去看看渤海租赁，你算个什么东东""",8,8,2023
"""今天是很好的滚入点！//@蛰伏SJ :下午券商板块明显出现阶段性上极端此时此刻要""",8,8,2023
"""烂泥扶不上墙""",8,8,2023
"""赶紧出这货就是没人认可的货""",8,8,2023
"""被套了，还有十个点下探""",8,8,2023
"""只要是我买的股，和司马一样天天跌，我卖的股就涨，我买你三天跌三天。好，好的很，我""",8,8,2023
"""下午不起来割肉走了，没必要耗着了""",8,8,2023
"""大盘发力了，可以反包了吧""",8,8,2023
"""不要相信自己能低吸赚到钱的，不拉3个点我不追""",8,8,2023
"""加仓做T美滋滋[俏皮]""",8,8,2023
"""散户快点全仓买进啊，大家一起套，让我舒服点""",8,8,2023
"""你不拉3个点，我不追，我不相信自己能低吸赚到钱的[坏笑][坏笑][坏笑][坏笑]""",8,8,2023
"""清仓不玩了""",8,8,2023
"""不追，不追，不拉3个点不追""",8,8,2023
"""[兴奋][兴奋][兴奋]你不拉3个点，我不追""",8,8,2023
"""新力可以买吗""",8,8,2023
"""大盘涨了，加油""",8,8,2023
"""冲涨停过前高，把证券板块带起来""",8,8,2023
"""不要怂兄弟们，跌下来就加仓""",8,8,2023
"""你不向上拉3个点，我不敢追呀，大哥""",8,8,2023
"""跑不跑呀""",8,8,2023
"""开启下跌模式，5个点等你""",8,8,2023
"""大哥，冷静，大家不要冲动""",8,8,2023
"""跑了""",8,8,2023
"""我是一口肉没吃到啊！昨天看不见的山顶买入今天直接活埋""",8,8,2023
"""近期国家发布了一系列促进金融消费政策，直接相关的有扩大消费贷款以及信贷利息税收减""",9,8,2023
"""强or弱？今天见分晓！站上8.06，就会挑战9.35！""",8,8,2023
"""新力金融：融资净买入472.59万元，融资余额2.3亿元（08-07）""",8,8,2023
"""看这个走势感觉这个月又得往上戳一大截""",8,7,2023
"""太平洋，证券走的这么强，这货微跌，如果太平洋证券领跌，这货该如何，逆势可能伐，明""",8,7,2023
"""完全看太平洋的脸色""",8,7,2023
"""跟徐家汇的走势有点像，但又不像，看明天指数了""",8,7,2023
"""别走成徐家汇2号那天""",8,7,2023
"""加紧折腾""",8,7,2023
"""8月2号开始底部筹码三天是没怎么动的，今天底部筹码少了一大截，筹码集中度一下子就""",8,7,2023
"""反包失败，就看明天了""",8,7,2023
"""感觉证券短期要调整几天了，韭菜们赶紧割""",8,7,2023
"""买它还不如直接上太平洋跌比太平多涨比太平洋少总体来说也每天太平洋风险小""",8,7,2023
"""今天主打清洗底部获利盘，只要不破5日线，完全可以拿着""",8,7,2023
"""垃圾""",8,7,2023
"""TM怎么不跟了，太平洋要翻红了""",8,7,2023
"""应该再来个涨停吧""",8,7,2023
"""6，一模一样，完全复刻太平洋走势""",8,7,2023
"""新力今天很坚定，明天可能要涨了""",8,7,2023
"""看不懂想干嘛""",8,7,2023
"""重组消息就要偷偷""",8,7,2023
"""废柴就是废柴""",8,7,2023
"""没量啊，今天如果打个反包出来，人气立马就来了""",8,7,2023
"""啥意思，想当龙头？""",8,7,2023
"""今天这么差的环境，竟然红了""",8,7,2023
"""看样子要反包呀""",8,7,2023
"""今天盘整就好，止跌""",8,7,2023
"""不如太平洋，不如信达，干脆好了""",8,7,2023
"""割肉了，周五追高进的""",8,7,2023
"""就这走势为什么还这么多人唱多呢？""",8,7,2023
"""完全跟风太平洋，垃圾庄股，下午红了出了，垃圾股""",8,7,2023
"""太平洋冲线了[买入][买入][买入][买入]""",8,7,2023
"""五日线抄底，下午反包？？""",8,7,2023
"""失望透顶，垃圾庄股""",8,7,2023
"""下午涨停兄弟们""",8,7,2023
"""这个票的潜在炒作逻辑是支持中小民营企业融资，看吧，后市会有一波爆发，今天承接很强""",8,7,2023
"""目标第一阶段，突破9.35。""",8,7,2023
"""股市就一个参照物，散户一致看空的时候就可以买了，散户一致看多就卖""",8,7,2023
"""前期强势的潜伏休息，之前滞涨的补涨！""",8,7,2023
"""强势股一般回调不会超过3天，这票一点都不强势，庄股""",8,7,2023
"""闭盘简单记录，期待午盘个股发力，持仓红红红[上涨][上涨][上涨]""",8,7,2023
"""千万不要格局他""",8,7,2023
"""狗啊我擦""",8,7,2023
"""怎么感觉像买了个拉萨操盘的股票""",8,7,2023
"""全是跟风太平洋跟着证券，好处就是太平洋龙头现在还没死完，龙头还有复活的可能，他就""",8,7,2023
"""政策又活了[捂脸]""",8,7,2023
"""呼叫方新侠""",8,7,2023
"""完全跟着太平洋走""",8,7,2023
"""这货跟的太平洋，""",8,7,2023
"""跟太平洋？？？？哈哈哈""",8,7,2023
"""真搞不懂，现在的价位还有卖的""",8,7,2023
"""这波到14就好""",8,7,2023
"""能反包吗""",8,7,2023
"""跑路""",8,7,2023
"""今天入场，翻倍""",8,7,2023
"""兄弟们红了[上涨][上涨][上涨]""",8,7,2023
"""券商今天承接这么强，交易额也不错，说明行情还没结束，还能等等看""",8,7,2023
"""首创证券涨了快一倍了，加油""",8,7,2023
"""随时大涨连板""",8,7,2023
"""这个主力挺强的""",8,7,2023
"""冲，上了""",8,7,2023
"""资金两天连续流出，今天别想阳了。后面应该还有戏，毕竟盘子小，游资大户把控。""",8,7,2023
"""今天低吸一把，看看明天能不能赚个菜钱""",8,7,2023
"""还有戏吗朋友们""",8,7,2023
"""周二好来根长阳了""",8,7,2023
"""T+0 降印花必然2选1 开始吹风 了 我觉得近期必然会降低印花税了""",8,7,2023
"""震荡肯定有，不要急着追涨杀跌，一两年都过来了，还在乎这几天？形态烂了就走，没烂就""",8,7,2023
"""拉高就跑啊，别怪没提醒，两天净流出两个亿了，没几天时间消化不可能给解套""",8,7,2023
"""这是个悲伤的故事""",8,7,2023
"""磨磨叽叽""",8,7,2023
"""下午必红盘""",8,7,2023
"""今日建仓，冲兄弟们[呲牙]""",8,7,2023
"""这垃圾东西""",8,7,2023
"""我来抱大腿""",8,7,2023
"""新力金融8月7日快速反弹""",8,7,2023
"""真""",8,7,2023
"""就希望涨回三个点吧，让我回本就走""",8,7,2023
"""请问贵公司对于目前政策有什么看法，会给公司带来什么机会，公司的控股股东供销社是国""",9,8,2023
"""新力金融每次券商上涨，都是后面补涨。而且每次都是都不会让大家失望。做t吧，这波就""",8,7,2023
"""回踩进入7.44-7.22加仓，越靠近7.22越加。止损位7.11直接割肉。庄不""",8,7,2023
"""周五主力流出1个亿""",8,6,2023
"""不会低过七块四毛的，别怕，高起来会回落，但明天只能看，不能玩，如果到后面上的话我""",8,6,2023
"""切记，明天不拉高别跑，不然会后悔的，实在想跑的破5日再走，多杀多永远都是空放看戏""",8,6,2023
"""明天怎么说？""",8,6,2023
"""明天还有逃命的机会吗？""",8,6,2023
"""新力金融本周融资净偿还932.01万元，居多元金融板块第四""",8,6,2023
"""周一反包""",8,6,2023
"""绝了，啥时候能解套！！""",8,6,2023
"""特大利好，周一极速涨停""",8,6,2023
"""买入韩建河山国家战略""",8,6,2023
"""月线这个月要到14，拿住发财""",8,6,2023
"""周一开盘一字跌停，三个一字跌停板伺候""",8,6,2023
"""感觉时机不对需要调整""",8,6,2023
"""7.98速的，还有机会吗？？？""",8,6,2023
"""写于去年12月份对于中字头板块的判断，希望这次券商板块也不会让我失望！//@蛰伏""",8,6,2023
"""新力很刁钻，你想它妖它不妖，你想象不到时，它会妖。折磨人的小妖。""",8,6,2023
"""下周五，8月11出中报，这么早出中报业绩不仅扭亏为盈，肯定是大增。""",8,6,2023
"""对于券商板块后面可能的走势路径的推演""",8,6,2023
"""强烈看多，强烈做多，连续做多做套""",8,5,2023
"""强烈看多，直接做套拿到年底，强烈看多，强烈看多，做多。""",8,5,2023
"""最坏的结果是低开2-3个点，说跌停的人想什么呢""",8,5,2023
"""业绩扭亏，加分""",8,5,2023
"""小盘老妖，反包概率大""",8,5,2023
"""各位股神，下个星期怎么看？""",8,5,2023
"""这么小盘子，分分钟拉涨停""",8,5,2023
"""周一千万别急着割肉。会跟着太平洋，中航产融拉高。至于能不能反包得看板块跟太平洋的""",8,5,2023
"""新力金融：融资净偿还248.93万元，融资余额2.26亿元（08-04）""",8,5,2023
"""知行合一很重要！确立可能能成功板块中的城门立木的选择第二时间介入（处在当时的阶段""",8,5,2023
"""看中的极端交易标的，股价正处在第三阶段！//@蛰伏SJ :卫宁健康股价走势大概率""",8,5,2023
"""提前思考：哪些存在板块有极端交易机会？由医药反腐带来的短期极端下跌的医药板块是否""",8,5,2023
"""这几天大灾大难面前，全国供销社不应该发挥一下重要作用吗""",8,5,2023
"""大金融周期，这种次次都妖的不可能止步于此！""",8,5,2023
"""亏10几个点到赢回来。坚持就是胜利""",8,4,2023
"""难道又买在最后一棒？我真的是韭菜命了，总是在高位给别人接货，方便别人出逃[哭][""",8,4,2023
"""这个垃圾""",8,4,2023
"""股吧人真多，股友们谁有买东方辅助产品啊。能不能去请你们喜欢的老师来说下什么情况啊""",8,4,2023
"""好垃圾的庄""",8,4,2023
"""今天的手段很高明，骗炮了两波""",8,4,2023
"""下周一开盘一字跌停板伺候……""",8,4,2023
"""今天放量了，起码要回调几年才有机会再次冲高[得意][得意][得意]""",8,4,2023
"""A是最大的诈骗公司[偷笑]""",8,4,2023
"""我就纳闷了今天这行情和情绪你完全可以用极少的钱拉涨停板上随随便便出货啊干嘛这么走""",8,4,2023
"""这里面的真是一点格局都没得，40亿的盘子就一个板，正常2—3亿就可以拉板了，玛德""",8,4,2023
"""24的换手率，你不跟我说主力在进货，韭菜买了就永远看多""",8,4,2023
"""这个礼物大伙收到了吗？！""",8,4,2023
"""几千万的营收，哪来的低气涨停又涨停，星期一地板""",8,4,2023
"""底部的获利筹码都没动，说明今天机构没出货，只是震荡洗盘，怕个毛啊，""",8,4,2023
"""庄家都很牛，来一波就跑！！！""",8,4,2023
"""以我多年看盘的经验，周一大概率是反包涨停，这票底部放量，概念又在风口上，今天彻底""",8,4,2023
"""明天反包，普惠金融""",8,4,2023
"""骂一百遍垃圾都不为过""",8,4,2023
"""洗盘还是出货，哪位高手能讲讲""",8,4,2023
"""星期一割肉还是坚守""",8,4,2023
"""周一连拉十个板，，让今天拼命跑的踏空[大笑]""",8,4,2023
"""下午券商板块明显出现阶段性上极端此时此刻要敢于抛出筹码！文中有提示，接下来如何做""",8,4,2023
"""一直忍到下午两点跳水才下手买，想不到尾盘单边杀跌，这就是所谓的让大部分人在股票市""",8,4,2023
"""昨天那个板真恶心，估计是拉萨拉的，今天也是拉萨手法，估计要补缺口去了""",8,4,2023
"""$新力金融(SH600318)$""",8,4,2023
"""没猫狗棒吗""",8,4,2023
"""应该没有谁能做到这水平""",8,4,2023
"""又是一碗面""",8,4,2023
"""周一这一碗大面是没跑了[哭][哭][哭]""",8,4,2023
"""参考仁东控股，周一继续涨""",8,4,2023
"""估计要跌到缺口附近，周一肯定低开了""",8,4,2023
"""A股周五高开低走，下周能否卷土重来？直接说重点！""",8,4,2023
"""你想不干，主力都不干：""",8,4,2023
"""涨的时候我割肉卖，跌的时候我亏钱买[微笑][微笑]""",8,4,2023
"""真优秀了！我凉了""",8,4,2023
"""新力金融:安徽新力金融股份有限公司关于员工持股计划存续期即将届满的提示性公告""",8,4,2023
"""这个甚至脱离大金融板块的行情，完全就是看主力的心情，收割起来毫不手软""",8,4,2023
"""果然不出我所料，新力金融又玩这一招，今天还敢进场的人死定了！""",8,4,2023
"""清仓了……""",8,4,2023
"""两次冲高回落，基本上是废了""",8,4,2023
"""下周一复制仁东今天的走势，昨天复制了仁东2号的涨停[大笑]""",8,4,2023
"""其他没必要荒，买了证券的才最应该荒的。证券要是结束必轮到多元金融和互联金融，数字""",8,4,2023
"""下个交易日反包的可能性有几层""",8,4,2023
"""今天券商的冲高回落，意味着阶段性完成了提升证券市场的红色任务。我前天研究了板块里""",8,4,2023
"""在做强做优实体经济方面，要加大拖欠企业尤其是中小企业账款的清理力度，强化对小微企""",8,4,2023
"""今天新力拉胯了""",8,4,2023
"""一个月前还是底部的票现在拉没多久就一堆人喊着解套，炒股是为了什么，解套？[捂脸]""",8,4,2023
"""盈利走人近期二板难8.4撤了""",8,4,2023
"""今早清仓进入仁东安心等待""",8,4,2023
"""就等公司出公告，为什么今天出利空，监管机构要查一下.是什么时候的事情。""",8,4,2023
"""四个票，好神奇。不知道早上是怎么想的[滴汗][哭]""",8,4,2023
"""板块行情结束了吗？没有；它涨高了吗？没有。那担心个毛线，一个反包就上路了""",8,4,2023
"""公司纠纷不解决，不出公告，不会好""",8,4,2023
"""庄家筹码丢了，只能慢慢再洗回来了[滴汗]""",8,4,2023
"""又踏上解套的路上了。""",8,4,2023
"""上午就在出货，小单猛拉，引人跟风""",8,4,2023
"""上下振动10个点垃圾桶""",8,4,2023
"""调玩意""",8,4,2023
"""比心电图都牛逼亏死""",8,4,2023
"""希望下周能解套了，只要5个点就够了……""",8,4,2023
"""恶心""",8,4,2023
"""诱多出货，都别进，叫庄自己玩""",8,4,2023
"""下周回来[干杯]""",8,4,2023
"""虽然不是最高点""",8,4,2023
"""8.44进的，坑爹太惨。""",8,4,2023
"""就一后排的小弟，连小弟都算不上。""",8,4,2023
"""诱多的货""",8,4,2023
"""我----""",8,4,2023
"""翻脸比翻书快多了""",8,4,2023
"""漂亮啊""",8,4,2023
"""这就是盘中富贵啊，t+1，卖不了""",8,4,2023
"""我还没追高，平盘买的，还套了我三个多点，厉害""",8,4,2023
"""幸亏没追""",8,4,2023
"""哈哈，都捐赠了。""",8,4,2023
"""出货了""",8,4,2023
"""大家本都是多少，我11""",8,4,2023
"""真就有这种主力""",8,4,2023
"""这只股是个两融的票，昨天1.2个亿拉了个板，今天出了一个多亿，基本是获利走了。7""",8,4,2023
"""想在这里面赚钱简直痴人说梦[偷笑]""",8,4,2023
"""追高的下周回本没问题""",8,4,2023
"""真是的庄家，散户使劲买，使劲砸，真的货！""",8,4,2023
"""让股托给骗进了陷阱""",8,4,2023
"""跑了八千万""",8,4,2023
"""诱多啊，这波又要坑杀不少人""",8,4,2023
"""各路神仙们，这尾盘能不能接点""",8,4,2023
"""我天，关灯吃面，还好劳资跑得快""",8,4,2023
"""过年在看，真烦死人""",8,4,2023
"""股性太差了，波动下就拼命砸。""",8,4,2023
"""拉萨军团入住""",8,4,2023
"""哪个？在搞过去搞过来了逼，赚到钱了去买药""",8,4,2023
"""让获利盘先走，大金融行情才刚刚开始。""",8,4,2023
"""真恶心的走势，多少人被骗炮了呢？？？""",8,4,2023
"""今天跌停吗？这么大的量，最少得套半年吧""",8,4,2023
"""套了两拨人""",8,4,2023
"""这是玩的啥把戏""",8,4,2023
"""走势参考去年11月11号，今天爆大量了，短期回调，拉这个票的主力没想着拉多高，一""",8,4,2023
"""一天骗两次""",8,4,2023
"""亏疯了，亏麻了。给我买崩了。""",8,4,2023
"""这个今天放量下跌，基本废了[卖出][卖出][卖出][卖出]""",8,4,2023
"""星期一肯定往下按死""",8,4,2023
"""一场游戏一场梦""",8,4,2023
"""完了，算完了，-4割了新中港，追高这个，一天亏10个点。我要变st了""",8,4,2023
"""这些老湿怎么一下子跑出来那么多，刚忙完农活吗？？？？""",8,4,2023
"""我靠""",8,4,2023
"""真的太恶心了""",8,4,2023
"""干得漂亮，双重套！太平洋也炸了。看你死不死""",8,4,2023
"""板块差一个龙头啊""",8,4,2023
"""多空大厮杀""",8,4,2023
"""赶紧跑！这垃圾套人的，板块之耻，直接拉高全部给你""",8,4,2023
"""这也太狠了，这么快就砸下来了。还好出了一半""",8,4,2023
"""这就恶心了""",8,4,2023
"""不看了。垃圾""",8,4,2023
"""这走势特么绝了，你要么就不拉，拉了收盘稳几个点行吗？本来看好你成妖股的，这分时图""",8,4,2023
"""散户拉高，主力出货，大单拼命跑啊""",8,4,2023
"""无量上涨""",8,4,2023
"""牛股特性""",8,4,2023
"""筹码都被散户接走了[为什么]""",8,4,2023
"""又套一批，宝贝们，今天只有涨停才能出人头地，要不只能套人当小弟，还是那句话龙虎榜""",8,4,2023
"""卧槽，拉高出货""",8,4,2023
"""该突破也突破了 量也放了  然后就是随着市场出货了吧""",8,4,2023
"""老庄是个狗，这样砸起不来的，洗洗睡吧。。肯拉一把明天再出货肯定爽的，还没长""",8,4,2023
"""今天不搞连板，主力就是个""",8,4,2023
"""烂泥扶不上墙，想走的人你拉不住""",8,4,2023
"""涨停就是龙头。要不就废了""",8,4,2023
"""时候买买""",8,4,2023
"""这货波真大！[俏皮]""",8,4,2023
"""8.36进了3000股""",8,4,2023
"""一直出货""",8,4,2023
"""垃圾""",8,4,2023
"""万手哥""",8,4,2023
"""清仓""",8,4,2023
"""牛逼""",8,4,2023
"""你今天涨停，我晚上就吃面""",8,4,2023
"""牛逼""",8,4,2023
"""把我洗了，牛逼""",8,4,2023
"""过不了38根本没戏""",8,4,2023
"""接盘了""",8,4,2023
"""瑞达涨停了，冲上去[买入][买入][买入][买入][买入]""",8,4,2023
"""跑吧""",8,4,2023
"""上去坐龙位[微笑][微笑][微笑]""",8,4,2023
"""冲冲冲""",8,4,2023
"""你怎么连永安期货都干不过""",8,4,2023
"""全仓买了刚好在箱体上缘的位置em""",8,4,2023
"""大家别买了。一直出货""",8,4,2023
"""没格局的主力出货出早了现在想拉也不是想砸也不敢砸怕丢筹码真龌龊""",8,4,2023
"""太恶心了，还要翻绿""",8,4,2023
"""点火""",8,4,2023
"""废了，板块都三个点了，还要翻绿的""",8,4,2023
"""恶心吐了[滴汗]""",8,4,2023
"""卖单也太多""",8,4,2023
"""都点火了你这样子太丢面了""",8,4,2023
"""要不是板块牛，这垃圾不知道跌成啥样""",8,4,2023
"""难道昨天是散户拉的涨停？""",8,4,2023
"""拉高就跑""",8,4,2023
"""又来一堆上千粉丝的id，这些瘟神屏蔽到手软啊""",8,4,2023
"""太了""",8,4,2023
"""完了这古废了""",8,4,2023
"""洗盘牛逼""",8,4,2023
"""太平洋封单三百多，nbnbnb""",8,4,2023
"""赶紧跑""",8,4,2023
"""这也行？""",8,4,2023
"""太平洋板了！！！！！nb""",8,4,2023
"""出货""",8,4,2023
"""太平洋强势涨停！！！！金融证券市场啦""",8,4,2023
"""午后反包""",8,4,2023
"""弱爆了，难道昨天买的全部是拉萨嘛""",8,4,2023
"""新力金融：有朋友问起本票买对方向选择该不该下手，这里做个技术风险，按图索骥，4号""",8,4,2023
"""该跑就得跑呀，犹豫啥，我6.5的本我替你们等等看看，计划下午抛一半先落袋，等下一""",8,4,2023
"""心中有大方向，就不会乱了！文中教你如何把握住这次券商及券服的机会！""",8,4,2023
"""券商及券服板块龙头都还没翻倍呢？！对于大金融板块走势有什么担心的呢？阶段性大跌我""",8,4,2023
"""下午记得拉高就跑""",8,4,2023
"""一买就跌，不卖天天跌，这就是我这种追高者的下场，近期高点，还是出货洗盘，分不清楚""",8,4,2023
"""被爆头了，惨啊管不住手，又只能割肉了，缓两天清醒清醒""",8,4,2023
"""强力洗三四天，又开始勇士进攻了，耐心才能有回报，换来换去亏占比大。""",8,4,2023
"""垃圾股""",8,4,2023
"""早盘观察一会，看见放量下跌就没敢碰，果然不出所料赤裸裸出贷，如果下午券商再拉一波""",8,4,2023
"""可惜了，拉高没跑，水下跑了，应该还会涨，不知道哪天""",8,4,2023
"""不是涨垃圾股吗难道这个还不够垃圾？""",8,4,2023
"""这么大的量出货，又废了""",8,4,2023
"""8.3卖了7.83买回来""",8,4,2023
"""垃圾""",8,4,2023
"""这货废了吧""",8,4,2023
"""没必要恐慌，现在想要消费必须发动大金融。。""",8,4,2023
"""排倒数第一，新力金融你牛啊""",8,4,2023
"""诉讼成功，一个多亿，严格来说当年要计提费用的，那今年就要增加一个多亿的利润，这对""",8,4,2023
"""这水货，无力吐槽""",8,4,2023
"""主力还在发货""",8,4,2023
"""今天进的等死吧，下午必跌5个点以上。""",8,4,2023
"""看这头拐的，像不像刚办完事耷拉下来的样子？""",8,4,2023
"""里面有叛军""",8,4,2023
"""版块你是唯一一只绿股""",8,4,2023
"""要来个深v吗？[微笑][微笑][微笑]""",8,4,2023
"""下午收盘7.49。水货公司的拉几股，没戏！""",8,4,2023
"""踩了8.25线就快速出货了……感觉要完[滴汗]。。就不能快速反弹拉个涨停一路到十""",8,4,2023
"""板块耻辱""",8,4,2023
"""[摊手]""",8,4,2023
"""进来就被套，的""",8,4,2023
"""有没有可能跌停""",8,4,2023
"""下午估计会跌停，不要想着抄底，无底洞来的[卖出][卖出][卖出]""",8,4,2023
"""割草机开机，小散们焦虑开始啦""",8,4,2023
"""今天收盘龙虎榜五个席位至少三个拉萨，立贴为证[大笑]""",8,4,2023
"""这种慢跌型，很容易跌停""",8,4,2023
"""师出名门：明天就是周五。大家要抄底。要控制好仓位。""",8,4,2023
"""拉高就跑""",8,4,2023
"""板块第一牛逼""",8,4,2023
"""这个呀""",8,4,2023
"""直接套住3个点。晕""",8,4,2023
"""今天小单接盘的真多，不知道怎么想的，看不出来吗？这出货真爽""",8,4,2023
"""托单来了，赶紧跑[卖出][卖出][卖出][卖出]""",8,4,2023
"""想到在里面赚钱   想都不要想   诈骗大王""",8,4,2023
"""看有没有弱转强的信号，否则不要进""",8,4,2023
"""砸砸砸""",8,4,2023
"""互联网金融爆拉""",8,4,2023
"""要是能红就牛逼""",8,4,2023
"""板块第一。。牛牛牛[加油][加油][加油][加油]""",8,4,2023
"""你本来可以说是多元金融的龙一的。看你今天封不封吧""",8,4,2023
"""已经出现新龙涨停了，这个股没什么机会了""",8,4,2023
"""买进""",8,4,2023
"""龙头回归[买入][买入][买入][买入]""",8,4,2023
"""换手率有点高，让人害怕""",8,4,2023
"""兄弟们买入[上涨][上涨][上涨][上涨][上涨][胜利]""",8,4,2023
"""跑就对了""",8,4,2023
"""哎高位接盘""",8,4,2023
"""不是。。这真废啊""",8,4,2023
"""收盘可以不绿色嘛[滴汗][滴汗][滴汗]""",8,4,2023
"""8.25,8.27,8.37卖了""",8,4,2023
"""今天跳水跌停。明天开盘一字跌停板，快跑吧""",8,4,2023
"""机构下场大金融了！""",8,4,2023
"""8.08清仓了，太弱，昨天打板进的。不亏""",8,4,2023
"""跳水高手""",8,4,2023
"""板块垫底的小丑""",8,4,2023
"""主力跑完了，昨天七个亿，今天十点没够就四个多亿[卖出][卖出][卖出][卖出][""",8,4,2023
"""牛逼，出货！""",8,4,2023
"""己卖出""",8,4,2023
"""量升价跌，各位怎么说""",8,4,2023
"""跑了，太弱""",8,4,2023
"""今天大概率要择机出局了""",8,4,2023
"""今天不用看了，废了""",8,4,2023
"""这就是多元金融？""",8,4,2023
"""这是什么乱七八糟的东西""",8,4,2023
"""这个礼物满意吗？//@蛰伏SJ :今天对于券商及券服板块感觉如何？""",8,4,2023
"""新力金融8月4日快速回调""",8,4,2023
"""面朝大海春暖花开！我能！""",8,4,2023
"""利好出货，不要买""",8,4,2023
"""券商在前面顶，后排不怕""",8,4,2023
"""垃圾庄""",8,4,2023
"""主力出货""",8,4,2023
"""干就完了，给我冲""",8,4,2023
"""牛逼冲啊""",8,4,2023
"""今天肯定涨停，放心买""",8,4,2023
"""巢东股份""",8,4,2023
"""调整3天继续""",8,4,2023
"""垃圾""",8,4,2023
"""新力金融8月4日快速反弹""",8,4,2023
"""这个股票六七块的时候闭着眼睛买，绝对没有错！""",8,4,2023
"""昨天板卖的[捂脸]""",8,4,2023
"""减仓把成本做低陪你玩好了""",8,4,2023
"""大牛""",8,4,2023
"""一切才刚刚开始[捂脸]""",8,4,2023
"""这竞价不会一字板了""",8,4,2023
"""早盘不封那我走了""",8,4,2023
"""这一次大金融估计会起飞，刺激消费叠加零售方面还是预制菜惠发食品603536，以及""",8,4,2023
"""新力金融：融资净买入1709.02万元，融资余额2.28亿元（08-03）""",8,4,2023
"""新力金融在＂活跃资本市场＂活动中，用实际行动添砖加瓦，表现优异，特发此证。以资鼓""",8,4,2023
"""辨识度不太高""",8,4,2023
"""对于券商板块还能不能参与？我观察到的现象：1.研究最近券商龙虎榜的数据买卖的主要""",8,4,2023
"""周五8月4日，四大极具潜力板块及个股猜想""",8,4,2023
"""开盘涨三点是大概率的""",8,4,2023
"""明天99%低开""",8,3,2023
"""不知道明天有没有低吸机会""",8,3,2023
"""都给我退后，主力要开始装b了""",8,3,2023
"""历史上第一次乌龙，早上开盘后感觉会涨停，一边上班，一边说挂涨停卖出，尽然被我挂涨""",8,3,2023
"""8月4日星期5，等待是为了等待是为了下一次更好的相遇，新力金融，海欣食品，特发服务""",8,3,2023
"""$新力金融(SH600318)$""",8,3,2023
"""涨一点妖魔鬼怪全来了平时也没见这么积极[大笑][大笑][大笑]""",8,3,2023
"""金融票刚开始动起来抓住底部机会""",8,3,2023
"""这选股器里的全是涨完的未端坑人接盘的不地道/""",8,3,2023
"""新力金融涨停，个股异动解析：金融服务+安徽省供销社1、公司所从事的主营业务有：融""",8,3,2023
"""把粉丝1000以上的全屏蔽掉，疗效就是好。""",8,3,2023
"""明天一字板，哈哈，利好！""",8,3,2023
"""看新力金融股吧的情绪判断小新大概率还要涨！能不能成为多元金融板块的城门立木还有待""",8,3,2023
"""新力反复炸板是出货OR吸筹？是否继续坚守等重组？""",8,3,2023
"""周K有些压力，突破了的话，有望走妖。""",8,3,2023
"""新力金融，大基建+金融，补涨龙可以看前面的涨幅，每一波都翻倍了""",8,3,2023
"""今天没有榜吗？""",8,3,2023
"""董秘，贵公司将如何做大做强金融业务？""",9,8,2023
"""股吧里屏蔽掉几个唧唧歪歪的老师股神，没有这些嚷嚷个不停的鸡妈妈。运气好多了。""",8,3,2023
"""还有机会吗""",8,3,2023
"""黄哥价值派：38%！让居民通过股票基金赚到钱，A股大机会来了吗？""",8,3,2023
"""今天追高的，明天别低开呀""",8,3,2023
"""这么多人看多，散户今天进了不少，明天要跌了""",8,3,2023
"""新力金融:安徽新力金融股份有限公司关于控股子公司涉及诉讼进展的公告""",8,3,2023
"""新面孔多了好多[捂脸]""",8,3,2023
"""[鼓掌][鼓掌][鼓掌][鼓掌][鼓掌][鼓掌][鼓掌]""",8,3,2023
"""剩了1800没扔，居然小赚一点，这个点不贪心了""",8,3,2023
"""赚了28个点…还是跑了，短期赚够了""",8,3,2023
"""好久没红过了""",8,3,2023
"""昨天卖飞你和大智慧，谁知你俩这么猛，手贱啊[大哭]""",8,3,2023
"""以前的套死鬼们都割肉了，热门风口浪尖金融新龙头诞生，明天一字板""",8,3,2023
"""$新力金融(SH600318)$""",8,3,2023
"""多元金融的城门立木""",8,3,2023
"""今天对于券商及券服板块感觉如何？""",8,3,2023
"""这么大的成交量，明天估计高开下砸，跑咯""",8,3,2023
"""我估计明天会低开闷杀，所以我涨停卖了[卖出][卖出][卖出]，现在行情不好，加上""",8,3,2023
"""大金融6股涨停！国联证券、新力金融等多股涨停，消息面。。。""",8,3,2023
"""全仓干，五板起""",8,3,2023
"""晚上公布重组停牌""",8,3,2023
"""金融里现在市场最小的国资就是新力金融了，炒小美才能利润最大化""",8,3,2023
"""金融股现在火的很，一定不要卖！""",8,3,2023
"""7万手就能封住这个烂板？""",8,3,2023
"""今天走一半……非常好。""",8,3,2023
"""金融券商类数据库国产替代标杆：创意信息与中信建投证券在前期合作基础上持续签约""",8,3,2023
"""有谁还记得昨日的仁东控股""",8,3,2023
"""烂板出妖股[鼓掌]""",8,3,2023
"""感谢主力大哥9个点到手""",8,3,2023
"""一日游""",8,3,2023
"""再来2板有没有，我不贪，9.5我就走谢谢哈""",8,3,2023
"""真坑人啊，刚刚卖点，结果涨停了""",8,3,2023
"""为啥涨停呢。""",8,3,2023
"""就是要给你们我封不住的错觉""",8,3,2023
"""新力金融是炒的券商大类下的大金融还是供销社，还是都有？""",8,3,2023
"""大单一直在移动撤，卖了""",8,3,2023
"""8-11属于真空地带,这个量直接干到15呢,今天进来的要吃大肉了!""",8,3,2023
"""兄弟们走了，留下发财""",8,3,2023
"""犹豫了""",8,3,2023
"""涨停板洗盘还是出货[想一下]""",8,3,2023
"""个涨停，什么牛鬼蛇神全出来了。那是什么股神全是股瘟。""",8,3,2023
"""结束，4个涨停""",8,3,2023
"""过了今晚？？？""",8,3,2023
"""明天盘中冲5个点有保障，可以看看历史数据""",8,3,2023
"""为什么老是撤单，诱人的吗""",8,3,2023
"""明天溢价都没""",8,3,2023
"""兄弟们快跑[下跌][下跌][下跌][下跌][哭]""",8,3,2023
"""今天快跑，不然又跟仁东一样的下场""",8,3,2023
"""等待今晚的韭菜榜""",8,3,2023
"""风浪越大……鱼越贵[想一下]""",8,3,2023
"""证券概念午后继续走强，华鑫股份、国联证券双双涨停，方正证券涨超8%，国金证券、第""",8,3,2023
"""不烂不妖股？""",8,3,2023
"""开板走的，这也行？""",8,3,2023
"""最少还有十五个点的涨幅，立贴为证""",8,3,2023
"""跑出事了[下跌][下跌][下跌][下跌][鼓掌][毛估估]""",8,3,2023
"""看着你真费劲，下来让我补""",8,3,2023
"""首板烂成这样，玩毛""",8,3,2023
"""哈哈""",8,3,2023
"""还不跑？""",8,3,2023
"""等一下会不会天地板啊！[大笑][大笑][大笑][大笑][大笑][大笑]""",8,3,2023
"""家人们出货先，你慢慢玩再见[下跌][下跌][下跌][下跌][胜利][加油]""",8,3,2023
"""看来是诱多出货了""",8,3,2023
"""又撤单子，he，tui""",8,3,2023
"""卜老师，还在呢""",8,3,2023
"""下午要开板，撤单来不及了""",8,3,2023
"""我心目中的券服相关股票！财富趋势走在最前面，大智慧次之，后面两只还未明显启动，静""",8,3,2023
"""太神奇了，昨天晚上梦见说新力金融被蚂蚁金服收购[大笑]""",8,3,2023
"""这公司的票小心一点，很多人被坑死了，公司做人不行""",8,3,2023
"""谢新力庄家隆恩 获利3万多 清仓了""",8,3,2023
"""弄了一个涨停。就一堆牛鬼蛇神，各路股神都冒出来了。""",8,3,2023
"""这个量下午铁定开板""",8,3,2023
"""7.70补少了，否则明天就解套了。折腾了395天，终于要T解脱了…明天能到8.6""",8,3,2023
"""下午开板走吗？有没有钉子户这波看到多少""",8,3,2023
"""游资通过不断轮换券商板块立木来短线围猎，带动券商板块上涨（这点已得到验证！）机构""",8,3,2023
"""几个月前我就发帖提过持有此股必有厚报！我能！春暖花开，别墅靠大海""",8,3,2023
"""拉萨出征寸草不生""",8,3,2023
"""金融补涨？""",8,3,2023
"""3年亏损股，不会这么衰吧，用不用走人，真怕今晚突然来个st""",8,3,2023
"""我去3年亏损。。""",8,3,2023
"""9.35的本，啥时候才能解套""",8,3,2023
"""今天大盘情绪很差！其实券商板块最近一直很强！所以此时从情绪面判断可以极端交易了！""",8,3,2023
"""撤单太大了，不知道原因""",8,3,2023
"""哈哈""",8,3,2023
"""每次都遇到这种撤单服了，我就不信5个点左右换手，榜上也换手，还能开了。""",8,3,2023
"""新力金额过往有连续涨停的前科！明天很有机会继续涨停！下周一一字涨停！""",8,3,2023
"""特斯拉会不会了入住？""",8,3,2023
"""今天新力涨停！密切关注股吧情绪集体变化！""",8,3,2023
"""看来又有啥消息泄露了，去年就整过一回，结果被ZJH处罚""",8,3,2023
"""完了，封单撤了，下午搞不好要套人""",8,3,2023
"""下午开盘要开板了[卖出][卖出][卖出][卖出][卖出]，刚才果断卖了[得意][""",8,3,2023
"""撤单了，要天地""",8,3,2023
"""就开始重组了？""",8,3,2023
"""兄弟姐妹们，我41.8的本能回来吗""",8,3,2023
"""我怎么这么手贱，卖飞了啊[大哭][大哭][大哭][大哭][大哭][大哭]""",8,3,2023
"""我实在是牛每天割一只涨停股[微笑]""",8,3,2023
"""我现在笑不出来了""",8,3,2023
"""套了好多年了还有人在不回血路上17一路下来的""",8,3,2023
"""300925 为金融公司提供信息安全保障""",8,3,2023
"""踏马的被洗了[哭]""",8,3,2023
"""唉拿了一个月，头两天涨回来就卖了。。。。。。""",8,3,2023
"""EMO[叹气]""",8,3,2023
"""涨停这么费劲[滴汗]""",8,3,2023
"""必涨停""",8,3,2023
"""主力下班休息去了""",8,3,2023
"""拿了1个多月了，今天涨停就走，成本5.6元，感觉要赚40个点有难度！""",8,3,2023
"""今天获利的必须走，明天百分百低开闷杀[卖出][卖出][卖出][卖出]""",8,3,2023
"""下周涨停""",8,3,2023
"""看这架势要发套。""",8,3,2023
"""涨停开盘！短期趋势走坏坚决降级！""",8,3,2023
"""：""",8,3,2023
"""新力永远的神！ 加油！""",8,3,2023
"""这样走，今日板不了，没板的基因""",8,3,2023
"""不涨停就是骗炮""",8,3,2023
"""方胖子在前几年在个玩得相当溜！""",8,3,2023
"""老乡，别怕，别跑""",8,3,2023
"""要涨停了""",8,3,2023
"""撤""",8,3,2023
"""无敌起飞""",8,3,2023
"""我6.98就跑了，跑早了""",8,3,2023
"""7.83。。。重新进场[加油][加油][加油][加油][加油]10块撤退""",8,3,2023
"""一冲起来，个个叫跑""",8,3,2023
"""化龙在即""",8,3,2023
"""拉高出货，逢高减仓[卖出][卖出][卖出][卖出][卖出][卖出]""",8,3,2023
"""前高9.35""",8,3,2023
"""换手过大，快步跑""",8,3,2023
"""快跑""",8,3,2023
"""赶紧跑""",8,3,2023
"""时隔1年半多，月K再次变红D了[奸笑][奸笑]憋着等大拉升吧，现在估计还得洗""",8,3,2023
"""还在倒手，拉升之日遥遥无期""",8,3,2023
"""感谢主力，走了""",8,3,2023
"""拉高出货吗？太坏了，赶紧出来躲躲风雨""",8,3,2023
"""干巴爹！""",8,3,2023
"""要涨停了""",8,3,2023
"""新力金融8月3日盘中涨幅达5%""",8,3,2023
"""新力金融8月3日快速回调""",8,3,2023
"""新力金融：融资余额2.11亿元，创近一年新低（08-02）""",8,3,2023
"""明天大盘怎么看""",8,3,2023
"""$新力金融(SH600318)$""",8,2,2023
"""后市可期""",8,2,2023
"""$新力金融(SH600318)$""",8,2,2023
"""大鳄狂抽。2年7次摸6.5不攻形成双W底。银座股份周线和月线堆量，W底黄金坑鸭头""",8,2,2023
"""这个人出来就该跑了吧[囧]""",8,2,2023
"""故事的真假不重要！只要有人信就会被人利用来收割韭菜！""",8,2,2023
"""老妖股，，明天证券不行就都废了""",8,2,2023
"""那我这个价位怎么见人""",8,2,2023
"""卖出太平洋，买入财达！看看游资立的龙头是否在轮动？！等明天确认！""",8,2,2023
"""我得顶紧你，小垃圾""",8,2,2023
"""快买""",8,2,2023
"""卖了卖了""",8,2,2023
"""明天百分百跌五个点[卖出][卖出][卖出][卖出]""",8,2,2023
"""这样走快卖了""",8,2,2023
"""明天补跌""",8,2,2023
"""快跑""",8,2,2023
"""金融服务板块融资增持介入新力金融600318，站上牛熊线进入伍三浪上涨牛股技术特""",8,2,2023
"""现在买入是赚钱机会了""",8,2,2023
"""放心吧 这周还有新高""",8,2,2023
"""慢涨快跌是牛市的常态""",8,2,2023
"""主力，有人说你今天不能5个点以上，明天就要大跌，咱们不给看扁，好不好？""",8,2,2023
"""兄弟们全仓买入机会来了[上涨][上涨][上涨][上涨][胜利][加油]""",8,2,2023
"""7.40抛了，哈哈哈""",8,2,2023
"""潜伏了好几天，今天冲高走了，感谢""",8,2,2023
"""今天没有冲高五个点，明天大概率回调五个点[卖出][卖出][卖出][卖出]""",8,2,2023
"""现在金融行情，怎么能少了你，，开始补涨吧最起码得3个涨停""",8,2,2023
"""药王归来""",8,2,2023
"""文章中的逻辑还有待更多盘面走得验证！""",8,2,2023
"""对于龙头板块龙头股的操作到达一定阶段坚决要快进快出，高抛低吸！一旦趋势走坏坚决离""",8,2,2023
"""七块三到底是个什么梗，这么硬吗？""",8,2,2023
"""高开低走，低开低走，都大半年了什么时候才能回本""",8,2,2023
"""7.30是今日的坎啊""",8,2,2023
"""不出意外的话，近期还会有新信息公告。""",8,2,2023
"""看看越秀资本，你有点拉啊啊啊""",8,2,2023
"""涨啊你倒是，不是购买什么股份""",8,2,2023
"""木头轮换确立！""",8,2,2023
"""兄弟们跑主力出货[下跌][下跌][下跌][下跌][下跌][毛估估]""",8,2,2023
"""垃圾股，抛了，去买证券""",8,2,2023
"""兄弟们开盘直接跑[下跌][下跌][下跌][下跌][鼓掌][胜利]""",8,2,2023
"""新力金融：融资余额2.13亿元，创近一年新低（08-01）""",8,2,2023
"""起飞""",8,2,2023
"""还敢买，闷杀活该""",8,1,2023
"""关于最近券商板块的一些思考：自高层提出活跃资本市场，提振投资者信心这两句话以来大""",8,1,2023
"""10厘米""",8,1,2023
"""明天不得跌停啊""",8,1,2023
"""明天高开低走，杀猪盘，一定要小心大概回调点位6.6左右""",8,1,2023
"""这破股归破，但一启动就不会满足于一块钱涨幅。""",8,1,2023
"""涨停涨停[强壮]""",8,1,2023
"""我来预测，明天回踩7块，盘整几天，中报附近开始拉到8块横盘，出货""",8,1,2023
"""明天啥情况，还买的进去不[笑哭]""",8,1,2023
"""新力金融：拟以现金约878万元收购安腾投资持有的德润租赁0.8%股权""",8,1,2023
"""新力金融(600318.SH)拟收购关联方所持德润租赁0.8%股份 做大做强融资租赁业务""",8,1,2023
"""新力金融:安徽新力金融股份有限公司关于收购控股子公司少数股东股权暨关联交易的公告""",8,1,2023
"""新力金融:安徽新力金融股份有限公司第九届监事会第四次会议决议公告""",8,1,2023
"""新力金融:安徽新力金融股份有限公司第九届董事会第四次会议决议公告""",8,1,2023
"""新力金融:安徽新力金融股份有限公司独立董事关于第九届董事会第四次会议相关事项的独立意见""",8,1,2023
"""新力金融:安徽新力金融股份有限公司独立董事关于第九届董事会第四次会议相关事项的事前认可意见""",8,1,2023
"""1预测，明天围绕7.2上下浮动""",8,1,2023
"""短期见顶，先跑一波，下面等你""",8,1,2023
"""这一波冲到7.3差不多结束了，可以慢慢跌了""",8,1,2023
"""7.1收盘""",8,1,2023
"""第一目标位9.35，不接受任何反驳""",8,1,2023
"""22压死了？""",8,1,2023
"""看大众评论反向操作！是成功率很高的策略！""",8,1,2023
"""今天太平洋开板！先降级打击！提前思考：券商板块行情大概率行情还要继续（按围猎思维""",8,1,2023
"""快跑大跌开始[下跌][下跌][下跌][毛估估]""",8,1,2023
"""7.23先卖清了再说""",8,1,2023
"""快卖呀，下午大跌""",8,1,2023
"""董总你好，败走重组周年之际，公司脱虚向实有什么进展""",8,1,2023
"""外边卖飞啦。""",8,1,2023
"""大盘稳住3300是给投资者的信心啊。所以完全不看空。""",8,1,2023
"""如果不涨，下午就会缩量，否则红盘还会增量""",8,1,2023
"""废了，买正儿八经的证券去""",8,1,2023
"""城门立木的威力！采用快进快出！不涨停收盘就来回滚动！高抛低吸！一旦走坏绝不留恋（""",8,1,2023
"""真的是，d跟着券商走上去啊""",8,1,2023
"""放量没出新高""",8,1,2023
"""家人们跑诱多结束[下跌][下跌][下跌][下跌][胜利]""",8,1,2023
"""咱多少跟一点券商好吗，我很信任你的呢""",8,1,2023
"""跟着券商的步伐就好，我不要求别的""",8,1,2023
"""看谁跑得快，哈哈，今天证券开始埋人了""",8,1,2023
"""再拉一拉就可以开始重组了，就看这次收购什么资产了。""",8,1,2023
"""新力金融：融资净偿还1200.11万元，融资余额2.23亿元（07-31）""",8,1,2023
"""新力金融反弹开启！""",8,1,2023
"""如果明天一字板，会怎么样？""",7,31,2023
"""遵循上周五的策略，没能站稳737尾盘果断离场7成仓位，没有对错只是不贪不念而已…""",7,31,2023
"""事后再次验证情绪集体悲观的时刻就是出手的最佳时刻！""",7,31,2023
"""量价背离，明天必打跌""",7,31,2023
"""人弃我取，买在无人问津时，卖在人声鼎沸处，人性的交锋，有缘自知""",7,31,2023
"""太弱了，垃圾""",7,31,2023
"""冲[加油]""",7,31,2023
"""卖了，加仓证券了，不知道能咋滴""",7,31,2023
"""家人们快跑明天暴跌[下跌][下跌][下跌][毛估估]""",7,31,2023
"""统统跑了就有戏""",7,31,2023
"""吹吹水吹吹牛请勿相信""",7,31,2023
"""刚刚一卖就拉了，无语啊，要拍断大腿了，果然怕高的都是苦命人。""",7,31,2023
"""还好撤了[哈欠]没动力上去""",7,31,2023
"""密切关注偷偷走强的板块！中特估！""",7,31,2023
"""大智慧才是龙头，你这个是龙孙""",7,31,2023
"""这三个板块最近确实很强！//@蛰伏SJ :价值连城的帖子！""",7,31,2023
"""龙二便宜，但只买龙一！//@蛰伏SJ :太平洋假如今天不以涨停收盘就坚决降级打击""",7,31,2023
"""这时候还会跑的，还是不要玩了，""",7,31,2023
"""早盘你不边拉边打，就被你忽悠进去了""",7,31,2023
"""这个位置不上不下，太尴尬，走还是留，兄弟们。才刚回本。""",7,31,2023
"""有门了""",7,31,2023
"""怎么这么弱啊""",7,31,2023
"""这垃圾""",7,31,2023
"""家人们跑吧这垃圾不会升的[下跌][下跌][下跌][下跌][下跌][鼓掌]""",7,31,2023
"""城建发展选了这个垃圾""",7,31,2023
"""周五城建发展和选错了这个玩意""",7,31,2023
"""新力金融本周融资净买入1032.04万元，居多元金融板块第三""",7,30,2023
"""主观的提前思考+客观的资金认可+启动的前期及时介入+走势不符合自己的预期时及时止""",7,30,2023
"""周一不管涨跌全清，拿了快一年，错过了几个行情，这一次清了，7.3的本，只求不赔钱""",7,30,2023
"""周一低开7.10假意示弱，开盘秒拉水上三五点，十分钟内再次拉上至涨停封板[俏皮]""",7,29,2023
"""券商板块大涨我不是很意外，但中信证券涨停确实大超了我的预期！就如前段时间中国平安""",7,29,2023
"""新力金融：连续3日融资净买入累计1103.92万元（07-28）""",7,29,2023
"""市场上某些价投股（医药股）自去年大盘低点以来趋势已悄然发生变化，这里就是价投阵营""",7,28,2023
"""新力金融底部一阳吞双阴，后面看涨。""",7,28,2023
"""趁着这波大好行情和热点，拉两板过8再说，13打下来多少年了，该上了。""",7,28,2023
"""有没有17块的兄弟""",7,28,2023
"""7.5的本大家伙多少""",7,28,2023
"""从技术面来看是要走加速趋势，配合消息面，下周可期""",7,28,2023
"""7月28日，中国金融期货交易所（简称“中金所”）发布了2023年中长期资金风险管""",7,28,2023
"""历史上只要券商板块有行情，我基本都不会错过！而且大部分时候只用一招：城门立木战法""",7,28,2023
"""周一 只有两种可能""",7,28,2023
"""早上追进等抬轿""",7,28,2023
"""今天清仓的可能周一要拍断大腿，直接踏空。""",7,28,2023
"""城门立木已涨停收盘继续持有！券商板块还有个特征假如配合政策券商板块才能持续走强，""",7,28,2023
"""周一死翘翘，垃圾货""",7,28,2023
"""今天小赚。除了中芯其他都是基本仓。1.今天强于预期，需要跟随。2.先开超市，明天""",7,28,2023
"""做多意愿不强。""",7,28,2023
"""现在成本线附近，也有仓位了，进可攻退可守，也不怕你耍流氓了[旺柴]""",7,28,2023
"""卜老师新力可以卖了不，回调在买""",7,28,2023
"""我走了，龙头是别人不是你了""",7,28,2023
"""只要今天券商不跳水那基本就是真涨，直接满仓""",7,28,2023
"""买1000手试试手气""",7,28,2023
"""继续格局，赌一把。周一再说，反正这么多年了都等了，就不在乎这一天了。""",7,28,2023
"""牛""",7,28,2023
"""都清仓了，可以涨了""",7,28,2023
"""希望涨停""",7,28,2023
"""以前你没这么怂过啊""",7,28,2023
"""前期7.15消耗掉吧""",7,28,2023
"""给机会不走，别后悔。""",7,28,2023
"""$新力金融(SH600318)$""",7,28,2023
"""家人们全仓卖出[下跌][下跌][下跌][哭]""",7,28,2023
"""全仓卖出""",7,28,2023
"""这个月再稳健一些没事，八月很快就要到了。""",7,28,2023
"""说减就减""",7,28,2023
"""完犊子了""",7,28,2023
"""要拉板了，兄弟们，别被洗下车，这一波连板机会来了。""",7,28,2023
"""涨停！！！！！！冲啊！15！！！！""",7,28,2023
"""新力金融7月28日快速上涨""",7,28,2023
"""预测失误了，预计涨3个点，结果涨5个点""",7,28,2023
"""我猜下午开盘一下拉涨停！""",7,28,2023
"""人性不变故事永恒！再次转发牛人对券商板块看法！几十年的经验总结！""",7,28,2023
"""价格低市值小，金融光这2个字就值几个涨停了，，又是前期金融龙头妖股，下午可能游资""",7,28,2023
"""券商板块满屏的涨停！城门立木的威力！能不能持续走强还需要政策的加持！""",7,28,2023
"""不好意思啊！预测2个点，涨这么多，看来又失误了""",7,28,2023
"""再给大家打打气，如果下周一成功突破站上737就是主升浪拉高出货阶段，反之有利润就""",7,28,2023
"""我已经出了，涨跌随意！赚了15%""",7,28,2023
"""新力金融7月28日盘中涨幅达5%""",7,28,2023
"""溜了溜了，减仓一半""",7,28,2023
"""骂我是拖，嘲笑我的人呢，6.66及以下的全部最低3毛钱出完，成本降低了。涨停的话""",7,28,2023
"""6.97回本了，清仓，拿了7个月才回血，不容易呀""",7,28,2023
"""明牌还有人卖？""",7,28,2023
"""无敌起飞""",7,28,2023
"""能不能补缺口了？新力金融:我玩儿的就是一个真实老铁必须的双击666""",7,28,2023
"""能不能来个涨停[坏笑][囧]""",7,28,2023
"""走一步看一步8月能否突破前期月K高点9.35还需要不断确认和量能的突破。""",7,28,2023
"""你们这是在赌券商会一直涨，这个恐怕难吧，今儿券商量还挺大，来个上影就白扯""",7,28,2023
"""引入新主，待揭头盖。与汽车相关。""",7,28,2023
"""要出大阳线了！[鼓掌]""",7,28,2023
"""还可以，量能近期有温和启动前状态，两个小阳并排夹两小阴，孕线成立，后面还需要一个""",7,28,2023
"""老师，翰宇后市怎么看""",7,28,2023
"""老师，翰宇后市怎么看""",7,28,2023
"""老师，翰宇后市怎么看""",7,28,2023
"""太平洋假如今天不以涨停收盘就坚决降级打击！""",7,28,2023
"""快下来补缺口""",7,28,2023
"""绝对正宗金融支持创新股票""",7,28,2023
"""新力金融：融资净买入442.71万元，融资余额2.29亿元（07-27）""",7,28,2023
"""明天，大盘开砸，这个股，懂得都懂""",7,27,2023
"""恭喜没走的，明天低开低走，跌5个点。""",7,27,2023
"""4预测明天涨到6.9""",7,27,2023
"""2预测明天涨3个点""",7,27,2023
"""1预测，明天涨2个点""",7,27,2023
"""又短线围猎了一把！感觉后面还有机会！继续跟踪一下吧！""",7,27,2023
"""002229鸿博下周一高开或平开能买吗？如果低开是不是要调整了呢？谢谢""",7,27,2023
"""002229鸿博下周一高开或平开能买吗？如果低开是不是要调整了呢？谢谢""",7,27,2023
"""002229鸿博下周一高开或平开能买吗？如果低开是不是要调整了呢？谢谢""",7,27,2023
"""这股也就这水平了，没有重组题材，飞不高。""",7,27,2023
"""垃圾，完全奔着缺口去了""",7,27,2023
"""这次券商板块选了太平洋作为城门立木！能不能持续走强只能交给市场！这种票要信就早信""",7,27,2023
"""卖了等跌破缺口接回来""",7,27,2023
"""新力金融：融资净买入110.9万元，融资余额2.25亿元（07-26）""",7,27,2023
"""套死了CB16""",7,26,2023
"""价值连城的帖子！""",7,26,2023
"""新力金融：公司暂无出口业务""",7,26,2023
"""这样的走势主力何愁出不了货呢？上涨趋势中32个交易日拉伸2倍成交量187亿左右，""",7,26,2023
"""大伙认为这个调查结果怎么样？""",7,26,2023
"""该磨的时间一点都不会少，月末量持续放大，是上是下，慢慢等完这最后些日子就行了[得""",7,26,2023
"""这缺口明天希望不要回补，走震荡上行才有希望。回补短期又割韭菜了。""",7,26,2023
"""002305帮我看一下，""",7,26,2023
"""冲高降级打击！今天给的溢价不错！""",7,26,2023
"""-2.2%进来的，希望明天反包吃肉""",7,26,2023
"""请问贵司钢铁等贸易采购业务有何前景？请详细叙述。""",8,3,2023
"""真想出货发套，新力今天完全可以借昨天的人气，利用今天供销社逆市拉升的行情在高位玩""",7,26,2023
"""快补缺口下来再买""",7,26,2023
"""6.7的成本投资失败缺口必补""",7,26,2023
"""脸都不要了""",7,26,2023
"""昨天嗑了伟哥，今天原形毕露""",7,26,2023
"""房地产板块今天集体高潮！//@蛰伏SJ :游资的城门立木金科股份！机构的城门立木""",7,26,2023
"""一补窗就活埋，唉，垃圾""",7,26,2023
"""最后加仓机会""",7,26,2023
"""孟庆力无敌""",7,26,2023
"""买买买买买买买买买买买买买买买买买买买买买买买买买买买买买买买买买买买买买买买买""",7,26,2023
"""新力金融：连续5日融资净偿还累计139.3万元（07-25）""",7,26,2023
"""今天冲高减仓""",7,26,2023
"""事后来看确实有机会！运气不错！""",7,25,2023
"""这个不上不下的跳空，这是让人难受啊""",7,25,2023
"""明天找你""",7,25,2023
"""6月21号收盘后新力金融股吧出现情绪集体低迷！事后来看6月27号股价创出阶段性低""",7,25,2023
"""多久没涨停过了""",7,25,2023
"""了今天抽风进了点[微笑]""",7,25,2023
"""要出重组公告了""",7,25,2023
"""明天如果能涨停就清仓了，不玩了，拿了半年还亏1千多""",7,25,2023
"""明天涨停？？？我是怕死6.69卖了一半""",7,25,2023
"""过了今晚，想穷都难！""",7,25,2023
"""又骗人[滴汗]""",7,25,2023
"""这个缺口太可怕了""",7,25,2023
"""新力金融7月25日盘中涨幅达5%""",7,25,2023
"""还是那句话过了今晚，想穷都难！""",7,25,2023
"""又是一根长影线，是不是出货行情""",7,25,2023
"""游资的城门立木金科股份！机构的城门立木迟迟不出现！""",7,25,2023
"""反复割韭菜""",7,25,2023
"""今天月量破百万，涨幅最高过五个点，这个月还有四个交易日，下个月静候佳音。""",7,25,2023
"""垃圾，走了，大盘都飞了""",7,25,2023
"""庄家你自己看着办""",7,25,2023
"""玛德卖了，没卖在好位置。看剩下的发财""",7,25,2023
"""6.71卖掉6.26进的2000，成本又降低几毛，继续等下一个卖点把6.46进的""",7,25,2023
"""6.68""",7,25,2023
"""今天解放部分套牢盘。以后洗几天。然后往上冲了！！！！大伙们拿住了[火箭][火箭]""",7,25,2023
"""晒单""",7,25,2023
"""快跑出事了[下跌][下跌][下跌][下跌]""",7,25,2023
"""你不会上去之后又下了到原来的价位来玩吧[旺柴]""",7,25,2023
"""什么情况，早盘高开秒落""",7,25,2023
"""光速踩了下6.92的线就结束了？？？""",7,25,2023
"""新力金融7月25日快速上涨""",7,25,2023
"""套牢盘太多，静等下跌""",7,25,2023
"""卖卖卖卖卖卖卖卖卖卖卖卖卖卖卖卖卖卖卖卖卖卖卖卖卖卖卖卖卖卖卖卖卖卖卖卖卖卖卖卖""",7,25,2023
"""新力金融：连续4日融资净偿还累计93.48万元（07-24）""",7,25,2023
"""这个价位玩了几天了，也是""",7,24,2023
"""又想骗散户，静等下跌""",7,24,2023
"""哈哈，加速下跌""",7,24,2023
"""哈哈哈，下跌正式开始""",7,24,2023
"""这价格买到就是赚到，看到兄弟点个赞，不是托，不信可以去看看我以往的发帖[微笑]""",7,24,2023
"""明显是诱多，骗散户进场""",7,24,2023
"""要跌就赶紧跌，何必浪费时间""",7,24,2023
"""主力出货坚决""",7,24,2023
"""静等下跌""",7,24,2023
"""卖卖卖卖卖卖卖卖卖卖卖卖卖卖卖卖卖卖卖卖卖卖卖卖卖卖卖卖卖卖卖卖卖卖卖卖卖卖卖卖""",7,24,2023
"""一直控盘，不知道在想什么。突破还是下跌给个信号啊，天天这样横着织布。""",7,24,2023
"""抓打板小能手""",7,24,2023
"""谁能告诉我，这股3年亏损，会退市不？""",7,23,2023
"""新力金融本周融资净偿还49.71万元，居多元金融板块第十""",7,23,2023
"""新力金融：连续3日融资净偿还累计67.41万元（07-21）""",7,22,2023
"""新政策出来了，发行债券报告制，了解一下。明天跌停？""",7,21,2023
"""真是个""",7,21,2023
"""这届股友就喜欢这种一分钱玩一个月的好股[看空]""",7,21,2023
"""再见僵尸股，今天去其他票上抄底去。""",7,21,2023
"""继续转发一下！下极端个股的交易原则！""",7,21,2023
"""短期暴跌后第一次较为明显的反弹！继续跟踪！""",7,21,2023
"""供销社第三名，草""",7,21,2023
"""说说吧。今天能到什么高度？""",7,21,2023
"""新力金融：融资净偿还1.93万元，融资余额2.25亿元（07-20）""",7,21,2023
"""这是冷门股全仓卖掉，是完美的操作了""",7,21,2023
"""今天大盘又有些极端了！这个时候可以左侧交易！""",7,20,2023
"""装了一天到尾盘憋不住了吧""",7,20,2023
"""这股是要退市了吗？""",7,20,2023
"""压单了""",7,20,2023
"""有病吧""",7,20,2023
"""今天进了些，看运气怎样""",7,20,2023
"""没有最烂，只有更烂，孟庆力厉害""",7,20,2023
"""尊敬的董秘您好，请问公司产品有出口业务吗？如有，主要出口到哪些国家或地区？谢谢！""",7,26,2023
"""今天是涨是跌？好紧张。""",7,20,2023
"""新力金融：融资净偿还34.68万元，融资余额2.25亿元（07-19）""",7,20,2023
"""股吧小散还是太多，洗干净，没人说话就好了""",7,19,2023
"""主力根本卖掉，那里升呢？得全部散户，快跑！""",7,19,2023
"""主力不停出货，那里有得升呢？，长痛不如短，我今天割掉""",7,19,2023
"""这只股票太离谱，好像蜗牛一样，""",7,19,2023
"""这个月要是能缩到百万量左右，就很值得期待了。""",7,19,2023
"""继续跟踪！希望接下来成交量能再持续量缩！""",7,19,2023
"""本来就是个垃圾公司""",7,19,2023
"""安徽供销社三大上市公司，孟庆力最人才""",7,19,2023
"""这货就不跟供销社，还有那么多散户冲这个来[哈欠]速速跌""",7,19,2023
"""不停大手卖，那里有得升""",7,19,2023
"""麻痹，惨了。6.5接盘了。明天能全身而退吗""",7,19,2023
"""用点力，砸的不疼""",7,19,2023
"""这沟必在套现，怎么涨啊""",7,19,2023
"""兔宝宝怎么看，麻烦您看一下""",7,19,2023
"""金融也没怎么滴你，跌了你不让跌，涨了你又说别的，反正太难了，拿了多少股哔哔赖赖，""",7,19,2023
"""倒数前三榜上有名""",7,19,2023
"""还是倒数前三，孟庆力高""",7,19,2023
"""到头了""",7,19,2023
"""吧""",7,19,2023
"""低开高走，补缺口！""",7,19,2023
"""你好，能否介绍一下手付通公司最新的技术研发和业务拓展情况，谢谢！""",7,26,2023
"""新力金融：融资净买入5001元，融资余额2.25亿元（07-18）""",7,19,2023
"""下跌就在这几天。""",7,19,2023
"""超大单流出，这招明修栈道暗度陈仓可以""",7,18,2023
"""新力：很明显，老子七月就不上7，咋滴了？""",7,18,2023
"""大盘上反而不动了，fw""",7,18,2023
"""上7⃣""",7,18,2023
"""叼毛就这？""",7,18,2023
"""涨一次能跌一个月""",7,18,2023
"""无量上涨就是耍流氓""",7,18,2023
"""射完了，该下来了吧！[大笑][大笑][大笑][大笑][大笑]""",7,18,2023
"""来一波大的了""",7,18,2023
"""我看你最近应该要来一波了吧，还缺一根，大的""",7,18,2023
"""新力金融：融资净买入17.2万元，融资余额2.25亿元（07-17）""",7,18,2023
"""哥哥们，请问这股连续亏损会退市吗？目前会退市吗？""",7,17,2023
"""这几个月多了许多新面孔""",7,17,2023
"""再次滚入！""",7,17,2023
"""致力于金融成长～加油兄弟姐妹们""",7,17,2023
"""双顶高点已现""",7,17,2023
"""5块接回""",7,17,2023
"""出水芙蓉""",7,17,2023
"""今天，开砸""",7,17,2023
"""继续等待5.62""",7,16,2023
"""新力金融本周融资净买入441.57万元，居多元金融板块第三""",7,16,2023
"""小美金融""",7,15,2023
"""请问：有股友知道新力金融最新的并购重组情况吗？""",7,15,2023
"""无金融不牛市""",7,15,2023
"""新力金融：融资净偿还221.48万元，融资余额2.25亿元（07-14）""",7,15,2023
"""这只垃圾股，不段横盘整理，快跑！""",7,14,2023
"""这只股在冬眠，庄家为力涨""",7,14,2023
"""这垃圾真的是死股一只，没救了""",7,14,2023
"""[买买买][买买买][买买买]""",7,14,2023
"""[看多]""",7,14,2023
"""梦""",7,14,2023
"""卫宁健康股价走势大概率要进入第三阶段了！""",7,14,2023
"""最近来了批新拖，看来要大跌了""",7,14,2023
"""6.46能进吗？成本高不高？""",7,14,2023
"""孟庆力你跟哪个板块的，草""",7,14,2023
"""新力金融：融资净买入269.98万元，融资余额2.27亿元（07-13）""",7,14,2023
"""一颗小韭菜命，就是不让解套，还有7块以上的兄弟在么？""",7,13,2023
"""这公司的员工持股出完了吗？""",7,13,2023
"""新力金融，心力憔悴""",7,13,2023
"""这垃圾，还有人对它抱有幻想，""",7,13,2023
"""小狗金融""",7,13,2023
"""无力金融""",7,13,2023
"""新力社，草""",7,13,2023
"""存储芯片这一波赚麻了""",7,13,2023
"""成交量太少了吧。""",7,13,2023
"""新力金融上半年预计扭亏为盈，清收力度加大""",7,13,2023
"""什么东西""",7,13,2023
"""[买入]""",7,13,2023
"""托而不吃，可恶！[滴汗]""",7,13,2023
"""新力金融：融资净买入409.93万元，融资余额2.25亿元（07-12）""",7,13,2023
"""这票是干嘛吗的[想一下]""",7,12,2023
"""散户太多""",7,12,2023
"""，我是不卖""",7,12,2023
"""早上追的，怎么办？""",7,12,2023
"""1000万股LJ机构，坏了一锅好烫""",7,12,2023
"""垃圾""",7,12,2023
"""这大托单这么明显了？[为什么]""",7,12,2023
"""狗托配合无耻庄，完美！""",7,12,2023
"""这垃圾不涨也就罢了，还喜欢发套，，主力，一路走好。""",7,12,2023
"""$新力金融(SH600318)$""",7,12,2023
"""缺口补了，后面该一路上行了""",7,12,2023
"""真行[好困惑]""",7,12,2023
"""6.5扔了，太磨叽了""",7,12,2023
"""唱多的太多，上不去""",7,12,2023
"""天银机电能不能涨停？""",7,12,2023
"""上7元，上前期高点7.61，一路向上。""",7,12,2023
"""利好兑现？[为什么]""",7,12,2023
"""诱多，跑路""",7,12,2023
"""大伙们卖卖卖卖卖卖[下跌][下跌][下跌][下跌][毛估估]""",7,12,2023
"""出事了快跑，卖光光[下跌][下跌][下跌][下跌][惨!关灯吃面]""",7,12,2023
"""来来拉高出货吗？今天""",7,12,2023
"""【新力金融：上半年预盈2000万元-2600万元同比扭亏】新力金融发布业绩预告，""",7,12,2023
"""真的是可怜之人必有可恨之处不亏钱才怪；板凳十年冷，只能用冰冻三尺非一日之寒！投资""",7,12,2023
"""新力金融：融资余额2.21亿元，创近一年新低（07-11）""",7,12,2023
"""好事""",7,11,2023
"""明天来个大涨庆祝一下，预计会拉升5-8个点。""",7,11,2023
"""明天来个涨停庆祝下？""",7,11,2023
"""短期进来这么1.73万人进行“抄底”！这要是马上拉升，那这部分人都是赢家了！按股""",7,11,2023
"""业绩既然不亏损，还重组个毛。""",7,11,2023
"""新力金融2023年上半年预计净利2000万 -2600万同比扭亏为盈""",7,11,2023
"""新力金融：预计23年半年度归母净利润为2000万元至2600万元""",7,11,2023
"""新力金融：上半年预盈2000万元-2600万元 同比扭亏""",7,11,2023
"""新力金融：预计2023年上半年净利润为2000万元到2600万元""",7,11,2023
"""新力金融：预计上半年归母净利润2000万元至2600万元 同比扭亏为盈""",7,11,2023
"""新力金融:安徽新力金融股份有限公司2023年半年度业绩预告""",7,11,2023
"""回头看市场确实不单单是想做反弹的！无人驾驶的chatgpt时刻来到了吗？""",7,11,2023
"""无人驾驶相关城门立木个股走势相当犀利！""",7,11,2023
"""垃圾""",7,11,2023
"""无人驾驶是现阶段有一定持续性的板块！三只城门立木个股走势相当犀利！""",7,11,2023
"""泰山压顶[成交][成交][成交][成交][大笑][大笑][大笑][大笑]""",7,11,2023
"""每天看看，每天点赞""",7,11,2023
"""真稳，做T都没法做！""",7,11,2023
"""等跌到6.3在入手，现在有点高。""",7,11,2023
"""中报肯定是亏了，辅仁退市亏的太多了""",7,11,2023
"""新力布业，你值得拥有""",7,11,2023
"""这股唱多的拖一出来就卖就对了""",7,11,2023
"""又是倒数一天，孟庆力安徽的耻辱！""",7,11,2023
"""双规走起""",7,11,2023
"""储存芯片选错股了吗，眼睁睁看着德明利涨这么多了""",7,11,2023
"""天银机电市场龙头，冲啊""",7,11,2023
"""新力金融：融资净买入209.17万元，融资余额2.23亿元（07-10）""",7,11,2023
"""蚂蚁被罚70多亿，大金融也凉凉了""",7,10,2023
"""7.6的朋友还有在的吗""",7,10,2023
"""最近很强势至少跌不下去了""",7,10,2023
"""温和放量，趋势已经整成，看涨，等利好！""",7,10,2023
"""没有业绩预告说明还是亏损，这就是不涨的理由""",7,10,2023
"""每天都是资金流出。悬。赔点也撤了""",7,10,2023
"""根本没有人秒大鸭蛋""",7,10,2023
"""[买入]""",7,10,2023
"""董秘你好！公司是否有与蚂蚁金服、阿里巴巴等产开金融合作？如果有，可有大致内容说明""",7,26,2023
"""买了个假的多元金融""",7,10,2023
"""新力金融本周融资净偿还374.8万元，居多元金融板块第七""",7,9,2023
"""等你很久了[好困惑]还不动一下？""",7,8,2023
"""新力金融：融资余额2.21亿元，创近一年新低（07-07）""",7,8,2023
"""这股在6.3左右晃荡了好久了，""",7,8,2023
"""垃圾""",7,7,2023
"""倒数第三，草""",7,7,2023
"""fw""",7,7,2023
"""啧啧啧""",7,7,2023
"""大金融和供销社齐飞都带不起来的这fw""",7,7,2023
"""可以买了吗[为什么]""",7,7,2023
"""[买入]""",7,7,2023
"""有没有17块的兄弟""",7,7,2023
"""啥时候到9块啊""",7,7,2023
"""除声""",7,7,2023
"""新力金融：融资余额2.21亿元，创近一年新低（07-06）""",7,7,2023
"""$新力金融(SH600318)$""",7,6,2023
"""还看不到反转信号""",7,6,2023
"""卫宁健康股价走势进入第二阶段！进一步提高观察力度！""",7,6,2023
"""比起香溢融通差远了""",7,6,2023
"""哥好人劝你们赶紧走别留恋岁月""",7,6,2023
"""新力金融，今天我把买的股票，全抛了。在也不看这股""",7,6,2023
"""风紧扯呼""",7,6,2023
"""都走了？[为什么]""",7,6,2023
"""跌一毛非常轻松，涨一分比登天还难。""",7,6,2023
"""这么大的利好居然没涨？""",7,6,2023
"""垃圾股""",7,6,2023
"""天天跌，什么时候是个头？[怒][怒][怒]""",7,6,2023
"""新力金融：融资净偿还222.28万元，融资余额2.24亿元（07-05）""",7,6,2023
"""每次公告一发一堆，要注意安全啊""",7,5,2023
"""知道明天是黑周四，6.36元跑了三分之二，明天再接回，哈哈能赚多少差价？[亲][""",7,5,2023
"""谁想看这些公告啊。我们想看置换重组。""",7,5,2023
"""新力金融(600318.SH)：控股子公司德润租赁拟回购股权""",7,5,2023
"""新力金融:安徽新力金融股份有限公司关于控股子公司回购股份暨关联交易的公告""",7,5,2023
"""新力金融:安徽新力金融股份有限公司第九届监事会第三次会议决议公告""",7,5,2023
"""新力金融:安徽新力金融股份有限公司第九届董事会第三次会议决议公告""",7,5,2023
"""新力金融:安徽新力金融股份有限公司独立董事关于第九届董事会第三次会议相关事项的事前认可意见""",7,5,2023
"""新力金融:安徽新力金融股份有限公司独立董事关于第九届董事会第三次会议相关事项的独立意见""",7,5,2023
"""臭股，庄家冬眠在地下""",7,5,2023
"""$新力金融(SH600318)$""",7,5,2023
"""30分钟60分钟级别背离加死叉了，日线还好，看明天怎么走，这么个小压力都突破不了""",7,5,2023
"""我也寄希望于金融，但是你这样子。。。大盘又是下跌趋势""",7,5,2023
"""all in   随时10CM  重要的事说三遍""",7,5,2023
"""快发中报了，小心谨慎""",7,5,2023
"""记录：卫宁健康股价有开始企稳迹象！""",7,5,2023
"""涨一天，跌一个月的死货""",7,5,2023
"""都麻木了。""",7,5,2023
"""倒数第二，俺会孟肿处身""",7,5,2023
"""天天绿一点点线上挣扎。""",7,5,2023
"""新力金融：融资净买入227.53万元，融资余额2.26亿元（07-04）""",7,5,2023
"""34周了，最迟下周[上涨][上涨][上涨]""",7,5,2023
"""复盘的目的之一是找机会，之前有专门说过复盘值得关注（有交易机会的）的四类板块，这""",7,4,2023
"""看了五个月了，感觉这个月还挺关键的。""",7,4,2023
"""垃圾股，庄家力""",7,4,2023
"""无人驾驶概念板块里的城门立木！已经走得相当远了！直到今天市场上大部分人才看到！""",7,4,2023
"""市场给出了答案：无人驾驶板块.""",7,4,2023
"""这这股真是死鱼，臭臭的""",7,4,2023
"""新力金融，一动不动，""",7,4,2023
"""来个跌停我来抄底100股""",7,4,2023
"""拖快出来说话""",7,4,2023
"""密切关注短期跌幅空间和成交量的变化，以及散户情绪变化！""",7,4,2023
"""高利贷的马仔一来就完了，狗托""",7,4,2023
"""今天可以涨了""",7,4,2023
"""死人股""",7,4,2023
"""俺会处身""",7,4,2023
"""还在洗盘？[为什么]""",7,4,2023
"""卖了就涨真心话""",7,4,2023
"""现在只能希望仁东涨停，新力然后涨零头。""",7,4,2023
"""就这样，慢慢的，慢慢的，一下一下的，一下一下的，不要停。""",7,4,2023
"""新力金融：融资净偿还94.45万元，融资余额2.24亿元（07-03）""",7,4,2023
"""亢龙有悔[想一下]""",7,4,2023
"""连续涨了5天，明天不回调就开始飞了""",7,3,2023
"""看到4元""",7,3,2023
"""到了小压力位了，明天大盘好的话估计能过去，如果不好的话按这股的性子估计的往下走了""",7,3,2023
"""明天一字板    不解释""",7,3,2023
"""看看有没有极端交易机会？""",7,3,2023
"""主力是真的恶心""",7,3,2023
"""这出身自己在卖""",7,3,2023
"""记录：筹码进一步集中！""",7,3,2023
"""新能源汽车（叠加无人驾驶概念）反弹力度看赛力斯，现阶段汽车板块的城门立木！大金融""",7,3,2023
"""极端交易的方向板块还在反弹！//@蛰伏SJ :再次验证！//@蛰伏SJ :极端交""",7,3,2023
"""这票还剩点芝麻，就这样了，以后再也不碰了，还不如天天打板""",7,3,2023
"""就不能涨停吗？""",7,3,2023
"""仁东又要涨停了""",7,3,2023
"""现在倒数第四了，什么东西在卖呢？""",7,3,2023
"""[买入]""",7,3,2023
"""一个字就是干""",7,3,2023
"""这货每次高开都是低走""",7,3,2023
"""快跑呀要跌停了""",7,3,2023
"""韭菜把新力分手了""",7,2,2023
"""新力金融本周融资净买入118.34万元，居多元金融板块第四""",7,2,2023
"""散户在A股市场长期下来能否赚到钱？我的回答是：能！但很难！投资股市的门槛看似很低""",7,1,2023
"""量不够，不会有大行情。""",7,1,2023
"""是否有同样的机会？！""",7,1,2023
"""新力金融：融资净偿还30.58万元，融资余额2.24亿元（06-30）""",7,1,2023
"""为新力金融量身定做""",6,30,2023
"""打卡！打卡""",6,30,2023
"""all in   7月必涨""",6,30,2023
"""每个月波动越来越小，看来...[得意]是上是下，拭目以待""",6,30,2023
"""你大哥仁东在史诗级大底的基础上爆发了，你呢，还怂、""",6,30,2023
"""动都不动的fw""",6,30,2023
"""看评论及情绪方与大众反向操作（群众运动除外）！是我认为短线操盘的提高胜率的方之一""",6,30,2023
"""早盘继续挂跌停买入""",6,30,2023
"""再次验证！//@蛰伏SJ :极端交易方向！""",6,30,2023
"""仁东都涨停了，你还不涨""",6,30,2023
"""不对呀，这票有问题""",6,30,2023
"""继续押注二季报！""",6,30,2023
"""仁东都能涨停你在干什么""",6,30,2023
"""要退市了吗还是要st了呢。我7.5块的本好害怕""",6,30,2023
"""什么情况？直接按地上摩擦？""",6,30,2023
"""每天跌停狼来了，喊着喊着就真来了""",6,30,2023
"""新力金融：融资净买入206.85万元，融资余额2.25亿元（06-29）""",6,30,2023
"""人民币贬值，股市也难了""",6,29,2023
"""下个月可以来点故事吧？哈哈""",6,29,2023
"""这货净利连续亏损两年？为啥不带帽？哪位大佬知道啊？""",6,29,2023
"""新力金融：截至本公告披露日，本次新增担保后公司及控股子公司对外担保总额约5.04亿元""",6,29,2023
"""新力金融:安徽新力金融股份有限公司关于为控股子公司提供担保的公告""",6,29,2023
"""跌的少啊""",6,29,2023
"""是不是胡锡进在买入此股，感觉有点强啊""",6,29,2023
"""抛压太重，接不住[滴汗]""",6,29,2023
"""是因为我刚减仓了，你才涨的吧""",6,29,2023
"""庄""",6,29,2023
"""倒手刷成交量，诱多""",6,29,2023
"""穷庄""",6,29,2023
"""韭菜看不到希望了[坏笑][偷笑]""",6,29,2023
"""时刻准备，今天开始6.12继续买入，记得分批建仓，到5.85元即可全仓买进!未来""",6,29,2023
"""77.8%看涨那就跌死你们""",6,29,2023
"""减速器太高了不敢追，储存芯片是接下来的主线，重点看龙头大为股份伯维储存睿能科技铭""",6,29,2023
"""又跌停了早上""",6,29,2023
"""昨天让我投票，怎么没结果呢？[为什么]""",6,29,2023
"""庄天天集合竞价低吸，开盘卖掉做T，这票能涨就见鬼了[怒]""",6,29,2023
"""还没补缺口，等着跌停""",6,29,2023
"""新力金融：融资净偿还106.84万元，融资余额2.23亿元（06-28）""",6,29,2023
"""无量上涨，明天还得下来""",6,28,2023
"""今天为什么涨了？没理由啊！""",6,28,2023
"""涨到七块""",6,28,2023
"""拉升不能太明显吗？[为什么]""",6,28,2023
"""雄起！！！""",6,28,2023
"""拖和韭菜一堆，乌烟瘴气""",6,28,2023
"""人工智能产业链继续大幅度调整，赢家在卖！那场外就会有一部分流动资金！接下来赢家选""",6,28,2023
"""啥时候戴帽？""",6,28,2023
"""可能参股先正达！""",6,28,2023
"""大资金开始进来抄底了""",6,28,2023
"""跟中迪投资是一个板块吧""",6,28,2023
"""今天开会干嘛呢？[为什么]""",6,28,2023
"""卧槽。我摆着玩的。要不要一口气给我吃了""",6,28,2023
"""垃圾""",6,28,2023
"""罚科""",6,28,2023
"""买入投资一个股票，都有持有的理由和原因，当股票的走势和价格让你感到迷茫和困惑，那""",6,28,2023
"""诱多下杀，割肉止损。""",6,28,2023
"""新力金融：融资净买入83.91万元，融资余额2.24亿元（06-27）""",6,28,2023
"""房地产板块极端交易机会出现了吗？盘面思考：确实是有资金在做房地产板块（有资金提前""",6,28,2023
"""抄底 重要的事说三遍   不出意外整个7月属于新力""",6,28,2023
"""新力真的是要完蛋了，公司的发展没有一点让人看到希望，还是割肉出局吧""",6,28,2023
"""发自内心的文章""",6,28,2023
"""如有见解也不会套得死死的""",6,27,2023
"""继续压制个股逻辑！涨幅不一定大，但确定性确实不小！""",6,27,2023
"""韭菜就是稍微涨点就喊起飞，明天低开打回原形""",6,27,2023
"""房地产板块出现了有一定号召力的个股，会不会成为城门立木？持续关注！假如是城门立木""",6,27,2023
"""明天能涨停吗？亏了快1w了""",6,27,2023
"""主力下午出了不少货""",6,27,2023
"""这要是改名中国金融，立马涨停！[捂脸]""",6,27,2023
"""‘在此能否讨论新力，""",6,27,2023
"""大盘和板块这么好都起不来。""",6,27,2023
"""相信新力管理层会找到好的标的注入[上涨][上涨][上涨][上涨][得意]""",6,27,2023
"""对于当时ST板块出现下极端的一些思考！看起来有些“算命”的味道！对于极端交易者来""",6,27,2023
"""该股在房地产板块里有一定的号召力，属于机构票，前一段时间被选为房地产板块的城门立""",6,27,2023
"""极端交易方向！""",6,27,2023
"""这股想涨除非胡锡进买""",6,27,2023
"""板块大涨，你装死，垃圾就是垃圾""",6,27,2023
"""破5.85下一个目标就是3块左右，不要觉得我危言耸听，之前我就说过回到5块左右，""",6,27,2023
"""跌破6快了吧，攻击我的那些拖还在吗？""",6,27,2023
"""新力金融：连续4日融资净偿还累计915.6万元（06-26）""",6,27,2023
"""看到每天都跌跌不休，心情无比激动开心""",6,26,2023
"""价值回归，票值2块""",6,26,2023
"""这次要到4.5""",6,26,2023
"""俺会出身""",6,26,2023
"""大盘上周光脚阴线，今天又是跳空的光脚阴线，市场也没主线，休息了""",6,26,2023
"""7.8的本还有没有接下来该何去何从，大家有什么好的建议吗？我真不知道是该割肉该还""",6,26,2023
"""六元必破""",6,26,2023
"""五千手准备开砸""",6,26,2023
"""人气降到冰点，分时织布，这是到底了""",6,26,2023
"""赛力斯继续引领！//@蛰伏SJ :赛力斯继续引领新能源汽车反弹！""",6,26,2023
"""极端交易方向：1.新能源汽车，出现了城门立木！2.大金融，继续等城门立木！3.房""",6,26,2023
"""摊上合同纠纷的官司了""",6,26,2023
"""你极端交易了吗？！""",6,26,2023
"""不可能涨的了，大盘涨它不涨，版块涨它也不涨，割肉离场了，祝剩下的兄弟好运[哭][""",6,26,2023
"""6毛可见""",6,26,2023
"""大盘出现极端！！！""",6,26,2023
"""这是干什么？跌到亏一倍了，怎么玩？""",6,26,2023
"""亏了，先清仓了""",6,26,2023
"""快买呀要涨停了""",6,26,2023
"""还有14的兄弟吗？出来报个到""",6,26,2023
"""庄稼人明日计划0626""",6,25,2023
"""节前劫，节后再劫。明天又开盘，想想都没劲！""",6,25,2023
"""新力金融本周融资净偿还880.61万元，居多元金融板块第四""",6,25,2023
"""今天这个股票的公司，天眼查给我风险提示了，好像二十八号有一个官司，这个上边为啥不""",6,24,2023
"""转发""",6,24,2023
"""无论是公司的经营还是股票的走势己到生死存亡的时刻，连续三年的亏损，如不脱胎换骨则""",6,24,2023
"""下周5元哈""",6,22,2023
"""新力金融：连续3日融资净偿还累计880.61万元（06-21）""",6,22,2023
"""没想到人工智能产业链的剧烈调整就隔了2天！当时确实感受到人工智能产业链热度太高了""",6,22,2023
"""周五整体市场都不好，在人工智能板块剧烈调整的情况下其他大部分板块都被带下来了！我""",6,22,2023
"""中报出那么晚百分之百亏损""",6,21,2023
"""在这新力金融股吧集体低迷的时刻！再次转发我对新力金融炒作的核心逻辑分享！""",6,21,2023
"""新力金融股吧出现了久违的情绪集体低迷！""",6,21,2023
"""天天跌，无一日涨""",6,21,2023
"""庄家卖掉管住""",6,21,2023
"""继续掉，我看你能掉多少""",6,21,2023
"""还能跌成这样？！？我也是服了""",6,21,2023
"""别掉了""",6,21,2023
"""永远的垃圾，GOU庄股""",6,21,2023
"""垃圾""",6,21,2023
"""不玩了""",6,21,2023
"""人工智能产业链出现剧烈调整，防止主力明修栈道，暗度陈仓！大主力的老手法了！继续坚""",6,21,2023
"""阴跌了多久？难受""",6,21,2023
"""人工智能产业链板块出现剧烈调整！""",6,21,2023
"""真服了，这破股""",6,21,2023
"""受不了，溜了溜了""",6,21,2023
"""终止重组后，业绩不行，水泥减持公告。没有多少人熬住这一年吧。""",6,21,2023
"""出来干活吧，各位主力""",6,21,2023
"""急不得""",6,21,2023
"""跌""",6,21,2023
"""特黑了，处生""",6,21,2023
"""最后一洗了。""",6,21,2023
"""都没人发帖了，死气沉沉，我来买点玩玩""",6,21,2023
"""干啥啥不行，抢跌第一名！""",6,21,2023
"""可以可以，很给力，加油干""",6,21,2023
"""赶紧跌到4.8别丢人现眼""",6,21,2023
"""今天就这样了，收工休息""",6,21,2023
"""哈哈，""",6,21,2023
"""指数很不妙，轻指数重个股，做好t""",6,21,2023
"""稳住啊""",6,21,2023
"""苟住""",6,21,2023
"""新力金融：融资净偿还691.71万元，融资余额2.24亿元（06-20）""",6,21,2023
"""一些零散的思考：当一个长期处于低迷的机构票（或者说百亿市值以上的个股，这样体量的""",6,21,2023
"""新力牌。你值得拥有""",6,20,2023
"""明天挂个跌停试试能不能买到""",6,20,2023
"""庄家天天急出货，管住卖掉买药吃""",6,20,2023
"""安排""",6,20,2023
"""继续小玩一把！""",6,20,2023
"""龙头上海港湾明显比低位票四川路桥强，做了一个小t，吃肉的一天，保险破位了，不能上""",6,20,2023
"""fw""",6,20,2023
"""一半火焰一半海水，新力就像南极的冰川冰冷刺骨，死一般的沉寂，真佩服身处其中的散户""",6,20,2023
"""各位大哥们听我指挥操作快卖大事不妙啊，就是任性走为上策""",6,20,2023
"""我挂6.89出货[鼓掌][鼓掌][鼓掌][鼓掌]""",6,20,2023
"""早盘抛压很大（有资金利润兑现？！）！第一波拉升单位时间内花费了不少资金（有主力做""",6,20,2023
"""今天持仓满365天，从17块钱一路t到现在，回本路漫漫""",6,20,2023
"""有些纠结！想短线兑现利润（短线反弹确实不少了），但看见恒生电子又走强了，表明这个""",6,20,2023
"""脑机接口龙头创新医疗会不会破前高？四川路桥可以接""",6,20,2023
"""孟狗，左手倒右手！""",6,20,2023
"""离谱哈，明明是卖出的单为什么成交量是红色的?""",6,20,2023
"""砸咯""",6,20,2023
"""之前3w手压单，现在又在搞万手托单，我真服了你""",6,20,2023
"""垃圾""",6,20,2023
"""一万手硬钢？""",6,20,2023
"""饵料已经放下，就看有没有鱼儿上钩了[韭菜]""",6,20,2023
"""一万手。玩呢""",6,20,2023
"""打跌停，有本事你就别撤单，我吃完了你。""",6,20,2023
"""新力金融：融资净偿还114.31万元，融资余额2.31亿元（06-19）""",6,20,2023
"""半年多一点进步都没有，真tm的不是东西。""",6,20,2023
"""保险又可以看一看了""",6,20,2023
"""供销社咋悄悄的了？""",6,20,2023
"""都加速上涨了！思考：人工智能产业链的阶段性上极端又要到了吗？！""",6,19,2023
"""庄稼人明日计划0620""",6,19,2023
"""真正死股""",6,19,2023
"""房地产板块也有极端交易机会！等待城门立木的出现！""",6,19,2023
"""解套再也不见[好困惑]""",6,19,2023
"""金融业务萎靡趋势延续，传统业务没有新增长点，走不出真正意义的反转，顶多跟盘走小波""",6,19,2023
"""我就想知道7.8的还有没有人在！！！！！！！""",6,19,2023
"""这票到底怎么搞的，除了跟跌啥也不跟[怒]""",6,19,2023
"""今天关注建筑，首选龙头上海港湾""",6,19,2023
"""村BA火了，村超火了，村金融也该火了吧！为支持村金融，我投两手。""",6,19,2023
"""亏的裤子都快没了""",6,19,2023
"""恭喜工业富联今天（2023年6月19号）创自上市以来的新高！""",6,19,2023
"""二季度是亏损的吧""",6,19,2023
"""不猜顶！继续跟随盘面！反弹速度之快，时间之短！（机构游资化继续上演）""",6,19,2023
"""新董事长属于安逸型的，一季度扭亏就可以看出""",6,19,2023
"""赛力斯继续引领新能源汽车反弹！""",6,19,2023
"""6.27以下可以建仓了吧""",6,19,2023
"""久远海银走早了，少吃了20个点""",6,19,2023
"""人脑前期龙头创新医疗2天11个点，天天赚钱人都麻木了，花钱都没数了""",6,19,2023
"""每天都进来骂你一下，垃圾垃圾""",6,19,2023
"""又一次光荣地在板块中垫底，NMD垃圾""",6,19,2023
"""这个票迟早st，""",6,19,2023
"""投资的辅仁回本不卖，马上退市了。辅仁都红着。你绿了。""",6,19,2023
"""孟庆力海螺没减持，哪个不要脸的大单一直卖到现在？是新力社么？""",6,19,2023
"""割肉跑了。[哭]""",6,19,2023
"""哈哈哈哈，大家还盼着重组吗[旺柴][旺柴][旺柴]""",6,19,2023
"""暴跌才刚刚开始""",6,19,2023
"""倒数第一，彻底不要脸了""",6,19,2023
"""新力织布机，你值得拥有！""",6,19,2023
"""垃圾""",6,19,2023
"""这个垃圾股，回本我就跑。""",6,19,2023
"""估计周一要涨。庄家一直在吸筹筹没吸到在压着""",6,18,2023
"""转发""",6,18,2023
"""新力金融本周融资净偿还644.14万元，居多元金融板块第二""",6,18,2023
"""明天暴跌开始""",6,18,2023
"""看抖音上感觉好多人随便一个月就达到这样的收益了！看APP上的统计两年下来这个账户""",6,18,2023
"""曾经新能源汽车里的大牛股，跌起来也是非常之狠！期间只有一次有着明显的极端交易机会""",6,17,2023
"""大幅度调整之后，人工智能城门立木之一的工业富联继续大幅度上涨奔着上市以来的新高而""",6,17,2023
"""新力金融：融资净买入12.91万元，融资余额2.32亿元（06-16）""",6,17,2023
"""无为浪费时间，""",6,16,2023
"""快跑，这股庄家不停卖掉""",6,16,2023
"""昨天知道金融板块要涨，在新力金融和中航产融犹豫，结果买了这个，坑死人。""",6,16,2023
"""新力社，有没有小日子的味道""",6,16,2023
"""我6.28""",6,16,2023
"""又没有想骂新力金融的？点赞，报个成本价6.32""",6,16,2023
"""st吧""",6,16,2023
"""垃圾""",6,16,2023
"""快跑快跑快卖""",6,16,2023
"""6""",6,16,2023
"""你特么绿了就不要脸啦""",6,16,2023
"""天天骂，是因为我亏的多""",6,16,2023
"""新力退""",6,16,2023
"""随时停盘""",6,16,2023
"""还有人卖[为什么]""",6,16,2023
"""什么鬼，板块在拉你在跌？？？[囧]""",6,16,2023
"""买着你这个垃圾，也是倒了血霉""",6,16,2023
"""兄弟们两点半我来拉，你们快买""",6,16,2023
"""涨有量，跌缩量！""",6,16,2023
"""这支股咋回事啊？？？一点动静都没有？""",6,16,2023
"""完全不跟大盘涨，做其他票的机会没有了，套过了其他票上涨的机会了""",6,16,2023
"""券服板块今天表现不错！//@蛰伏SJ :再转一次！大盘行情还没真正启动！但是券服""",6,16,2023
"""大盘4000也上不去7块""",6,16,2023
"""7.1啥时候能解套""",6,16,2023
"""买一万股玩玩""",6,16,2023
"""这是躲过大盘暴涨吗？""",6,16,2023
"""如果不重组两年后就去三板。""",6,16,2023
"""$新力金融(SH600318)$""",6,16,2023
"""新力金融：连续4日融资净偿还累计657.05万元（06-15）""",6,16,2023
"""舍得的反弹大概率还要继续！中美之间的阶段性缓和有助于外资的流入！//@蛰伏SJ """,6,16,2023
"""明天会不会跌停""",6,15,2023
"""新能源汽车板块的城门立木确立了！假如新能源汽车板块要继续反弹，这个票大概率还是领""",6,15,2023
"""新力还能玩几年？""",6,15,2023
"""重组走起，这是最后的机会了""",6,15,2023
"""几个涨停啊？""",6,15,2023
"""与我对有着央企背景的ST股的推测如出一辙！看看市场如何演绎？提前思考，眼见为实，""",6,15,2023
"""明天脑机接口主力该如何应对""",6,15,2023
"""新能源板块你极端交易了吗？//@蛰伏SJ :新能源板块只存在极端交易机会！每一次""",6,15,2023
"""安徽地方国企盈利手段""",6,15,2023
"""可以可以，很稳健""",6,15,2023
"""NDM，大好行情板块倒数""",6,15,2023
"""就是不让涨""",6,15,2023
"""再不涨估计要被骂死了""",6,15,2023
"""浪费时间""",6,15,2023
"""大盘20个点主力这是掉阴沟里了吧""",6,15,2023
"""后面的老虎不让涨，孟庆力这只苍蝇只能造作，无奈啊！""",6,15,2023
"""入手人工智能分支脑机接口概念""",6,15,2023
"""有什么雷吗？不至于这样垃圾吧""",6,15,2023
"""这垃圾啥都不跟""",6,15,2023
"""天忒跌，真是不要脸的垃圾""",6,15,2023
"""啥跌跟啥""",6,15,2023
"""让你们恐惧""",6,15,2023
"""该庄该死""",6,15,2023
"""虽然全面注册制已经开始实施，ST的炒作价值会打大折扣，但我认为ST股还有被值得挖""",6,15,2023
"""重点观察的两只ST股！""",6,15,2023
"""无德，狗托无耻！""",6,15,2023
"""7块7的本，要命了""",6,15,2023
"""赶快买呀在不买就退市买不着了！""",6,15,2023
"""今天上班新华3个点没跑[哭]""",6,15,2023
"""垃级""",6,15,2023
"""下跌是好事""",6,15,2023
"""感谢庄让解套，不陪你了。""",6,15,2023
"""新能源汽车的城门立木确立了吗？！""",6,15,2023
"""就这叼样？""",6,15,2023
"""继续跌不要停""",6,15,2023
"""新力金融：连续3日融资净偿还累计469.66万元（06-14）""",6,15,2023
"""走的好纠结，明天继续，小阳线，涨不停！""",6,14,2023
"""垃圾""",6,14,2023
"""分时成交显示：下午2.51分，主力以6.4元的价格一笔卖了260万元，大资金开始""",6,14,2023
"""这么恶心，刚出就涨，绝对监视""",6,14,2023
"""这些压单想干嘛呢""",6,14,2023
"""涨停[鼓掌][鼓掌][鼓掌]""",6,14,2023
"""极端之后开出连续小阳线，感觉有机会！""",6,14,2023
"""舍得继续反弹//@蛰伏SJ :舍得今天开始反弹了，看看持续性如何""",6,14,2023
"""哟西，好样的，再横它半年[鼓掌]""",6,14,2023
"""大盘板块都可以，你够垃圾的""",6,14,2023
"""反正金融和供销社哪个跌跟哪个""",6,14,2023
"""保险太稳了""",6,14,2023
"""涨停板了""",6,14,2023
"""今天会有惊喜吗？""",6,14,2023
"""如果今天能放量上以上就是要启动了。""",6,14,2023
"""再转一次！大盘行情还没真正启动！但是券服板块（叠加了人工智能）已经涨了不少了！后""",6,14,2023
"""必须跌破6""",6,14,2023
"""新力金融：融资净偿还289.02万元，融资余额2.35亿元（06-13）""",6,14,2023
"""霸屏了呢""",6,13,2023
"""久远又要涨停了，新华保险天天涨""",6,13,2023
"""*ST同达，股东人数，3月20日15722，3月31日15163，4月10日14""",6,13,2023
"""行情即将启动，还不买？6.33成本盈利30%以上我才出[傲]""",6,13,2023
"""又想你涨，又不想你涨，好纠结""",6,13,2023
"""辅仁退了，今年业绩预估大幅亏损""",6,13,2023
"""不配红着。""",6,13,2023
"""200多斤，趴在身上，不动，什么感觉？""",6,13,2023
"""新力金融：融资净偿还52.67万元，融资余额2.38亿元（06-12）""",6,13,2023
"""$新力金融(SH600318)$""",6,12,2023
"""大盘底部特征之一：白马股闪崩！现阶段要积极寻找布局机会！坚守三大主线：1.人工智""",6,12,2023
"""舍得今天开始反弹了，看看持续性如何""",6,12,2023
"""明天只要收6.3以上就是短期趋势确立，否则就还是分歧当中""",6,12,2023
"""还能绿的[滴汗]""",6,12,2023
"""典型的老乡别走，还得跌""",6,12,2023
"""这成交量也是牛了啊。""",6,12,2023
"""万念俱灰""",6,12,2023
"""有能耐的早盘别撤单""",6,12,2023
"""人工智能+新能源汽车=无人驾驶看看持续性如何？//@蛰伏SJ :新能源板块只存在""",6,12,2023
"""又下来了。下午砸一下。[微笑]""",6,12,2023
"""等下边托单变成买单，并且出现第一个千手大单在考虑买进，否则这几天你都不会睡着觉[""",6,12,2023
"""拿一个月，赌你重组！""",6,12,2023
"""垃圾东西""",6,12,2023
"""下流坯子""",6,12,2023
"""NDM""",6,12,2023
"""这都横一年多了。并且洗不出人。""",6,12,2023
"""竞价跌停""",6,12,2023
"""庄稼人明日计划0612""",6,11,2023
"""新力金融本周融资净买入465.36万元，居多元金融板块第二""",6,11,2023
"""金融都做不下去了。还不转型吗？""",6,11,2023
"""再稳它个半年""",6,10,2023
"""新力金融：融资净买入193.45万元，融资余额2.39亿元（06-09）""",6,10,2023
"""完蛋""",6,9,2023
"""庄家不计成本卖掉，那里有得涨？""",6,9,2023
"""亏完了，毫无起色，没救了，7块以上的本啊""",6,9,2023
"""，天天急大单卖掉""",6,9,2023
"""你这假托单敢拉吗？""",6,9,2023
"""安徽兄弟不和孟庆力玩了""",6,9,2023
"""唱多之人都是不怀好意的人，迟早会跌到5块多的，急啥呢？赶着被[韭菜][韭菜][韭""",6,9,2023
"""两天竞价跌停""",6,9,2023
"""今天被套的，一个月后解套。""",6,9,2023
"""垃圾""",6,9,2023
"""竞价跌停""",6,9,2023
"""什么时候才能涨起？""",6,9,2023
"""大家欣赏下主力控盘的技术""",6,9,2023
"""这么无聊吗""",6,9,2023
"""开门那一波跌停是咋回事啊？""",6,9,2023
"""安徽国资是不是要注入资产了啊？路已经铺好了。""",6,9,2023
"""从巢湖跑到了合肥，你这是要升级还是要升天啊？""",6,9,2023
"""下午停牌了[抱拳][抱拳][抱拳][抱拳][抱拳]""",6,9,2023
"""新力金融：融资净偿还24.04万元，融资余额2.37亿元（06-08）""",6,9,2023
"""就一高利贷公司""",6,8,2023
"""垃圾股，躺在地下冬眠""",6,8,2023
"""明天给7个点就走了""",6,8,2023
"""换个牌照，就连续涨停了吗，今天刚买了900百手""",6,8,2023
"""垃圾""",6,8,2023
"""新力金融:安徽新力金融股份有限公司关于完成公司注册地址工商变更并换发营业执照的公告""",6,8,2023
"""这个形势不好，各位大哥卖卖卖卖卖卖吧""",6,8,2023
"""终于停牌了！""",6,8,2023
"""看它磨到几月份再涨""",6,8,2023
"""这个最底点，还会跌公？""",6,8,2023
"""妖股摇篮黑马之路！""",6,8,2023
"""$新力金融(SH600318)$""",6,8,2023
"""[买入][赞]""",6,8,2023
"""$新力金融(SH600318)$""",6,8,2023
"""涨停板了[抱拳][抱拳][呲牙][呲牙]""",6,8,2023
"""14块的本大家还在吗[怒]""",6,8,2023
"""垃圾垃圾垃圾，重要的事情说三遍""",6,8,2023
"""新力退""",6,8,2023
"""安徽3兄弟一如既往""",6,8,2023
"""兄弟们赶紧买呀在不买就退市买不着了！""",6,8,2023
"""坚持下去""",6,8,2023
"""没量了""",6,8,2023
"""赶紧的跌停，我好抄底[笑哭]""",6,8,2023
"""我来帮帮你吧""",6,8,2023
"""竞价跌停""",6,8,2023
"""又跌停""",6,8,2023
"""新力金融：融资净偿还83.9万元，融资余额2.37亿元（06-07）""",6,8,2023
"""我想解套""",6,7,2023
"""我想解套""",6,7,2023
"""在这个时点再次转发去年9月22号关于大白马闪蹦的看法，最近又开始了！（去年10月""",6,7,2023
"""再现大白马闪蹦！去年10月底出现过类似的情况，看来离变盘的时间不远了！市场要真正""",6,7,2023
"""不妙了，明天看谁跑得快""",6,7,2023
"""你这一把大压单摆着是想吓死我吗""",6,7,2023
"""三点钟准时停牌""",6,7,2023
"""新能源板块只存在极端交易机会！每一次新能源板块的连续加速下跌都是极端交易好时机！""",6,7,2023
"""有没有可能再跟比克电池来一泡啊。""",6,7,2023
"""控盘的人不让他涨，是在等风起吗！""",6,7,2023
"""这个家伙上个季度进了5000万人名币。""",6,7,2023
"""国资不会等st了才想起来重组，这个月重组概率很大。""",6,7,2023
"""反弹不少了！""",6,7,2023
"""久远和国新这一波没吃到，挺遗憾的""",6,7,2023
"""啊啊啊，用力啊啊啊。""",6,7,2023
"""成交量不够哦，大家加油啊。干。""",6,7,2023
"""我买了""",6,7,2023
"""[抱拳][抱拳][抱拳][抱拳][抱拳]重组了""",6,7,2023
"""大盘完蛋了，小心火烛[抱拳][抱拳][抱拳][抱拳][抱拳]""",6,7,2023
"""应该会在目前这个价位上下震荡了。""",6,7,2023
"""割肉了[抱拳][抱拳][抱拳][抱拳][呲牙]""",6,7,2023
"""SB股""",6,7,2023
"""还跌停呀""",6,7,2023
"""新力金融：连续4日融资净买入累计593.69万元（06-06）""",6,7,2023
"""希望明天低开高走吧，这周还是看涨的""",6,6,2023
"""庄稼人明日计划0607""",6,6,2023
"""公告呢[抱拳][抱拳][抱拳][抱拳][抱拳][抱拳][抱拳]""",6,6,2023
"""海螺说要减持，结果未减，意欲蒙骗散户交出筹码。看来会有大动作了。""",6,6,2023
"""果然不出所料又被套一批[韭菜][韭菜][韭菜]""",6,6,2023
"""终于停牌了[呲牙]""",6,6,2023
"""[呲牙][呲牙][呲牙][呲牙][呲牙]下手了，博个反弹[抱拳][抱拳][抱拳]""",6,6,2023
"""兄弟们一破6元全仓买买买买买[下跌][下跌][下跌][下跌]""",6,6,2023
"""赶快回到6.15了吧！[偷笑][偷笑][偷笑][大笑][大笑][大笑][大笑]""",6,6,2023
"""6元一下再买""",6,6,2023
"""兆龙互连涨疯了[哭]""",6,6,2023
"""这垃圾，主营业务实际上是租赁和P2P网贷，通俗的说法就是做包租婆兼放高利贷，这也""",6,6,2023
"""垃圾""",6,6,2023
"""庄家也累，消息等候室中[呲牙][呲牙][呲牙][呲牙][呲牙][呲牙][呲牙]恭""",6,6,2023
"""狼和狈的游戏""",6,6,2023
"""哈哈，画地图开始""",6,6,2023
"""山重水复疑无路，柳暗花明又一村。""",6,6,2023
"""恭喜大家了[抱拳][抱拳][抱拳][抱拳][抱拳][抱拳][干杯][干杯][干杯""",6,6,2023
"""水泥不卖了，现在还要打压吗？""",6,6,2023
"""假托单，骗子""",6,6,2023
"""保险才是当下最稳妥的，传媒和计算机不敢追了，这个周指数要往上走了""",6,6,2023
"""海螺没减持，我觉得是利好，掉到6.06再买一点，然后躺平等机会做t""",6,6,2023
"""一个200多见的男人趴在新力的身上，新力无法动弹，只能躺着，慢慢的呼吸。""",6,6,2023
"""保险+地产+银行+证券一起拉指数，大盘真的是没救了。""",6,6,2023
"""兄弟们，这票拿了一年了，有比我时间长的吗？""",6,6,2023
"""那几个冒绿光的统统都买了[偷笑]""",6,6,2023
"""这个票不动则已，一动就是重组要出消息了。""",6,6,2023
"""跌不动了，没有成交量了，随便一拉就起飞了。""",6,6,2023
"""赶紧的跌多些，我重仓100股""",6,6,2023
"""高开把我骗进来了[哭][哭][哭]我以后再也不碰了""",6,6,2023
"""嘻嘻，你慢慢磨，最好出根中阴才好。""",6,6,2023
"""今日涨停板了[抱拳][抱拳][抱拳][抱拳][抱拳]""",6,6,2023
"""新力金融：连续3日融资净买入累计287.06万元（06-05）""",6,6,2023
"""明天难道要涨停了吗？""",6,5,2023
"""猜中了，此刻还不是底，重组想想就好，最近这类消息越来越多了，看来又要套一批人了""",6,5,2023
"""不是5%要先公告吗？""",6,5,2023
"""两市是一只臭股，天天躺在地方冬眠""",6,5,2023
"""事关建设全国统一大市场，这场发布会信息量很大！中国政府网2023-06-0519""",6,5,2023
"""海螺和我们一样，也想多个涨停板后减持""",6,5,2023
"""紧接着就是停盘公告了吧[抱拳][抱拳][抱拳][抱拳][抱拳][抱拳][想一下]""",6,5,2023
"""不减持？海螺何不全部转让给抖音或习酒[抱拳][抱拳][抱拳][抱拳][抱拳]""",6,5,2023
"""新力金融:安徽新力金融股份有限公司股东集中竞价减持股份结果公告""",6,5,2023
"""持股5％以上的股东减持完成是要发公告了，今天没有发公告看来是还没减持完成，继续等""",6,5,2023
"""赌一把抖音音或习酒借壳壳，高管7块多增持，主力成本也是7元以上[抱拳][抱拳][""",6,5,2023
"""海螺大概率没有减持""",6,5,2023
"""26又买了一点，继续赌反弹""",6,5,2023
"""5.85元能见到""",6,5,2023
"""可以建仓了[抱拳][抱拳][抱拳][抱拳]不多买[想一下][想一下][想一下][""",6,5,2023
"""这成交量，很快就憋不住了！""",6,5,2023
"""缩量了，怎么看，大家伙说话[抱拳][抱拳][抱拳][抱拳]""",6,5,2023
"""强周期，水到渠成！水呢？""",6,5,2023
"""兆龙互连20cm，没吃到[哭]""",6,5,2023
"""海螺到底坚持没有，公告怎么也没有。""",6,5,2023
"""舍得也是我很喜欢的一只牧场股！这个票在酒类板块属于弹性很好的一个标的，经常有超预""",6,5,2023
"""俺们今日是恶意不买[抱拳][抱拳][抱拳][抱拳][抱拳][抱拳][抱拳]尾盘看""",6,5,2023
"""ST西域确实有筹码博弈价值！""",6,5,2023
"""横久必跌""",6,5,2023
"""ST""",6,5,2023
"""垃圾分类东西""",6,5,2023
"""6.26就是没赚它的钱，看看它还能下来多少的[偷笑][偷笑][偷笑][偷笑][偷""",6,5,2023
"""卧槽，千年老龟""",6,5,2023
"""下午我拉一下""",6,5,2023
"""套牢盘不割肉，暂时只看看[抱拳][抱拳][抱拳][抱拳]""",6,5,2023
"""不要买哦[抱拳][抱拳][抱拳][抱拳]""",6,5,2023
"""放心，不磨走你们，坚决不会涨。都得割肉走人""",6,5,2023
"""应该有风险""",6,5,2023
"""还在熬着？[呲牙]""",6,5,2023
"""太失望了，""",6,5,2023
"""银座股份赚2个点出了，加仓新华保险""",6,5,2023
"""还不如个ST股，垃圾""",6,5,2023
"""主力睡觉中""",6,5,2023
"""又是第一名，安徽高利贷厉害""",6,5,2023
"""这是个什么鬼哦""",6,5,2023
"""庄稼人明日计划0605""",6,4,2023
"""新力金融本周融资净买入260.77万元，居多元金融板块第四""",6,4,2023
"""水泥板块大有可为""",6,4,2023
"""RMB贬值了[抱拳][抱拳][抱拳][抱拳][抱拳]""",6,4,2023
"""怎么选股也不要买这种空壳公司，随便选传媒、科技股早就翻几倍，傻人钱多""",6,3,2023
"""新力金融：融资净买入173.47万元，融资余额2.34亿元（06-02）""",6,3,2023
"""板块轮动了，不好做了，还是保险稳点""",6,2,2023
"""2014年入住巢东的老股民回来报到了[抱拳][抱拳][抱拳][抱拳][抱拳][抱""",6,2,2023
"""这垃圾完全已入土为安了，毫无反弹迹象""",6,2,2023
"""看来都在等大跌啊，鸭蛋不少""",6,2,2023
"""兄弟们，准备吃肉了，茅台被新力收购了！直接坐火箭上太空！""",6,2,2023
"""没有压单，很容易就上去了应该""",6,2,2023
"""看着人家赚钱难受得，语无伦次了。""",6,2,2023
"""拖开始胡言乱语了，说明雷快要爆出来了""",6,2,2023
"""这货就是垃圾一个。都在涨你不涨，跌起来比谁都厉害！""",6,2,2023
"""屏蔽那个假南宁人，屏蔽家家美168""",6,2,2023
"""什么垃圾""",6,2,2023
"""底部小阳线！不谈价值，只谈拉上来的话能不能围猎到猎物！有企稳趋势，再考虑做不做超""",6,2,2023
"""大家嗨起来吧，下午三点停板了[抱拳][抱拳][抱拳][抱拳][抱拳]恭喜发财[干""",6,2,2023
"""转发""",6,2,2023
"""都在涨，就你跌，真是坑货""",6,2,2023
"""[大笑]假供销社吧""",6,2,2023
"""西风酒正在融资27亿元[抱拳][抱拳][抱拳][抱拳][干杯][干杯][干杯][""",6,2,2023
"""一群苍蝇""",6,2,2023
"""下午停牌收购了，[抱拳][抱拳][抱拳][抱拳][抱拳]""",6,2,2023
"""新力金融，不，是心力憔悴！""",6,2,2023
"""快割肉把。这个垃圾！""",6,2,2023
"""鸡肋鸡肋，""",6,2,2023
"""危机来了，快跑跑""",6,2,2023
"""巢东股份[抱拳][抱拳][抱拳][抱拳]马上重组了[干杯][干杯][干杯][干杯""",6,2,2023
"""午盘会拉涨停""",6,2,2023
"""买了新力金融简直比t还难受""",6,2,2023
"""还不让骂""",6,2,2023
"""6月8号金融会议，低位可以买点，高位可以等回调进一点，仓位控制好各位0""",6,2,2023
"""今天是水泥减持的最后一天了吧？""",6,2,2023
"""跌跌不休就是要这样呢，哈哈哈哈哈哈""",6,2,2023
"""秦港股份底部金波连阳，可以买入等风起""",6,2,2023
"""不配这多金融板块""",6,2,2023
"""焦点科技关注了没买，亏大了[哭]""",6,2,2023
"""垃圾啊""",6,2,2023
"""所有板块都在涨，实在没搞懂，你他么为啥又跌""",6,2,2023
"""经常回来看看，我走的到底对比对。时间成本都不够，看来这只是静悄悄的去了。""",6,2,2023
"""全仓有色，稀缺资源，黄金""",6,2,2023
"""天天打压，为什么？""",6,2,2023
"""保险银行在动了，一定要满仓干，中船，新华，银座吃肉""",6,2,2023
"""银座开盘就涨停了？""",6,2,2023
"""新力金融：融资净买入40.38万元，融资余额2.32亿元（06-01）""",6,2,2023
"""回头看都是大牛股！""",6,1,2023
"""中特估的三个代表！都走台阶式走势！我的想法中特估的故事还没完全讲完大概率还要接着""",6,1,2023
"""垃圾阿，让我回本就走，毫不犹豫""",6,1,2023
"""别急，5.8元见。""",6,1,2023
"""呵呵，你慢慢磨，我等你启动，不见不散。""",6,1,2023
"""中船科技这2天又赚疯了""",6,1,2023
"""银座股份明天大概率大涨了[大笑]""",6,1,2023
"""垃圾""",6,1,2023
"""収盘6.41左右，""",6,1,2023
"""安徽3兄弟""",6,1,2023
"""还不如仁东控股""",6,1,2023
"""看来大盘得涨1%才能红""",6,1,2023
"""做个超跌反弹！暂时离场！""",6,1,2023
"""继续押注线下消费细分行业龙头！""",6,1,2023
"""不配这个板块""",6,1,2023
"""久远放巨量了，先走了，抄底银座股份""",6,1,2023
"""退市新力""",6,1,2023
"""船舶异动，中船涨停？""",6,1,2023
"""保险异动，新华要涨停？""",6,1,2023
"""这个股年年亏损，达到退市条件没？""",6,1,2023
"""这股是不是有大雷""",6,1,2023
"""感觉你不配带金融两个字，赶快去改名吧""",6,1,2023
"""久远又要涨停了？""",6,1,2023
"""破6元我买点""",6,1,2023
"""件货第一了""",6,1,2023
"""真的有点无耻啦，这个股票""",6,1,2023
"""新力金融：融资净偿还199.99万元，融资余额2.32亿元（05-31）""",6,1,2023
"""转发""",5,31,2023
"""这次的会议内容是啥？感觉这个公告啥都没说的样子""",5,31,2023
"""新力金融:安徽新力金融股份有限公司2023年第一次临时股东大会决议公告""",5,31,2023
"""新力金融:安徽承义律师事务所关于安徽新力金融股份有限公司2023年第一次临时股东大会的法律意见书""",5,31,2023
"""本来以为昨天红包够大了，今天这个更狠！龙头板块龙头股的低吸策略还得再磨练磨练！""",5,31,2023
"""在市场悲观的时刻，继续开仓自己熟悉的股票！""",5,31,2023
"""早上强调的久远涨停""",5,31,2023
"""这轮经济周期最后的韭菜在农村，刀已经准备好了，就等一声令下开割了，下半年最晚年底""",5,31,2023
"""大盘温和放量了，上一次启动是保险带动银行中字头，这一次应该也是保险带头启动，入手""",5,31,2023
"""大盘3200点垂死挣扎，经济恢复预期看淡，唯有金融股能够拯救大盘了，银行要拉一波""",5,31,2023
"""又来一群指标拖，服了服了""",5,31,2023
"""冰火两重天！但从洪攻略思维思考：现在的痛点会转化为未来的甜点！现在的甜点会转化为""",5,31,2023
"""城门立木的威力！既可以往上带，当然也能有往下带的能力！""",5,31,2023
"""学会看图哈[胜利]""",5,31,2023
"""底部缩量，等待放量，看这波能走多远吧。""",5,31,2023
"""[买入]""",5,31,2023
"""各位的成本是多少？""",5,31,2023
"""久远""",5,31,2023
"""不是靠指标吃饭！""",5,31,2023
"""你就不能成为龙头？把天鹅按在脚下摩擦啊""",5,31,2023
"""出了，谢谢主力。前天还是6.24-6.27买了些。[微笑]""",5,31,2023
"""你和仁东个垃圾比就行""",5,31,2023
"""医药这么强，国新和久远能不能板？""",5,31,2023
"""牛批就是牛批""",5,31,2023
"""中船科技机会又来了，涨停""",5,31,2023
"""新力金融：融资净偿还20.31万元，融资余额2.34亿元（05-30）""",5,31,2023
"""明天肯定会涨的！""",5,30,2023
"""我糙，来大姨妈了。""",5,30,2023
"""[胜利][鼓掌][赞][买入]""",5,30,2023
"""今天只剩下你这臭不要脸的""",5,30,2023
"""这垃圾，死股一只，没救了""",5,30,2023
"""这没有压单，很容易就上去了应该""",5,30,2023
"""真是哭都没眼泪""",5,30,2023
"""五穷六绝""",5,30,2023
"""新力金融明天董事会要开，估计主要就是讨论破产后怎么办的问题!""",5,30,2023
"""来几个涨停让我回本么，亏的眼泪都出来了""",5,30,2023
"""能雄起几次吗？以前的36去哪里了，""",5,30,2023
"""投资几千万打水漂，算在今年年报亏损st了吧""",5,30,2023
"""收盘不红，我来一斤""",5,30,2023
"""新力能转型不良资产处理吗？""",5,30,2023
"""杀人诛心，狗托无敌，安徽供销社是财团，新力是旗下的一家公司，供销社其它公司盈亏，""",5,30,2023
"""就是博一个重组的""",5,30,2023
"""听说比克电池巴比Q了""",5,30,2023
"""退市辅仁对新立金融影响大吗？你们说说""",5,30,2023
"""每个月的前十天上涨概率大，十号以后基本都是坑""",5,30,2023
"""没办法止跌""",5,30,2023
"""温水煮青蛙阶段""",5,30,2023
"""放心吧，不跌到你们心灰意冷斩仓割肉，不会涨的。""",5,30,2023
"""一个月了，回来看下，还这个德性""",5,30,2023
"""新力金融：连续3日融资净买入累计334.97万元（05-29）""",5,30,2023
"""不涨停就涨停了[坏笑]""",5,30,2023
"""九阴真经即将练成。""",5,29,2023
"""新力金融:安徽新力金融股份有限公司关于公司为子公司、孙公司开展融资租赁业务提供担保的公告""",5,29,2023
"""今天6.33进场，[憨笑]""",5,29,2023
"""月初涨的概率大""",5,29,2023
"""连续几天就没红过，垃圾。""",5,29,2023
"""坐等6.5号[旺柴]""",5,29,2023
"""正宗比ST还ST""",5,29,2023
"""水泥还没凝固，怎么可能涨？""",5,29,2023
"""怎么就买了这个个垃圾""",5,29,2023
"""吗的！买进来就没红过。""",5,29,2023
"""看你还要垃圾到什么程度""",5,29,2023
"""倒数第二！[捂脸][捂脸]""",5,29,2023
"""现在板块带不动新力涨停的，各位大哥们别痴心妄想了[偷笑][偷笑][偷笑][偷笑]""",5,29,2023
"""供销社概念龙头，天鹅股份涨停了，""",5,29,2023
"""天鹅股份,明天继续涨停。带动整个供销的概念，涨停潮中农联合,湖南发展,新力金融,""",5,29,2023
"""转发""",5,29,2023
"""这没有供销社概念吗？""",5,29,2023
"""为什么，为什么?""",5,29,2023
"""纯正的供销社控股，还有重组预期，怎么就不涨那。""",5,29,2023
"""供销社概念也带不动你啊，你可是纯种的供销社控股啊。""",5,29,2023
"""2.3.4都是安徽的，这里的东西要好好查查了""",5,29,2023
"""6.31报的进去吗""",5,29,2023
"""没有希望了，各位兄弟们，听我指挥操作全仓卖掉是完美的选择[抓狂][抓狂][偷笑]""",5,29,2023
"""国新是和医保支付挂钩的国企龙头""",5,29,2023
"""AMC龙头海德股份涨了半年了，同样AMC业务新力就是一条虫""",5,29,2023
"""多久没涨停了""",5,29,2023
"""恭喜兆龙20cm，前期龙头久远不知道能不能板，焦点科技也值得关注，""",5,29,2023
"""智慧医疗龙一国新健康，龙二久远银海，接下来搞智能细分支医疗""",5,29,2023
"""金融板块跌幅龙头""",5,29,2023
"""中船小赚5个点""",5,29,2023
"""兆龙互连大赚20个点""",5,29,2023
"""为啥会有这种生气的股票""",5,29,2023
"""到底有啥坑，有啥雷""",5,29,2023
"""船舶和通信依然是最坚挺的""",5,29,2023
"""5.8元去了。哈哈。""",5,29,2023
"""我研究股票快二十年了，预测个股的走势还是颇有心得，最近几年来几乎还没有出过错！今""",5,29,2023
"""这个形态很危险，有可能连续几个跌停，很多线都破了""",5,29,2023
"""新力金融本周融资净买入777.51万元，居多元金融板块第二""",5,28,2023
"""新力金融：融资净买入51.13万元，融资余额2.31亿元（05-26）""",5,27,2023
"""这垃圾什么时候让我回笨""",5,26,2023
"""减持几号结束啊，""",5,26,2023
"""摩根士丹利来国内开公司，对新力是利好还是利空？""",5,26,2023
"""大姨妈都没有额。""",5,26,2023
"""回来看看，怎么跌成这样了？星期一来照顾你。[滴汗]""",5,26,2023
"""大盘绿你跟着跌，大盘涨，你也绿，垃圾""",5,26,2023
"""不配带金融两个字，垃圾垃圾""",5,26,2023
"""仁东都能站起来，你要怎么样才行呢？""",5,26,2023
"""中船大涨，要涨停了""",5,26,2023
"""大盘急跌，坚决杀入，等待中。""",5,26,2023
"""一条直线停止跳动的心""",5,26,2023
"""下跌还是得补仓啊""",5,26,2023
"""新力金融：融资净买入16.63万元，融资余额2.31亿元（05-25）""",5,26,2023
"""明天炒水泥，别忘了你叫巢东水泥""",5,25,2023
"""新力除了重组注入好资产不然就没大戏[吃瓜]""",5,25,2023
"""割肉了，""",5,25,2023
"""看到希望了吗？""",5,25,2023
"""电力板块城门立木！城门立木不倒，就继续参与电力板块！一旦城门立木倒下就坚决离场！""",5,25,2023
"""网名叫:共同药业主力的，超级嫩韭菜，在哪，哪被割""",5,25,2023
"""大金融反攻""",5,25,2023
"""没钱股市拿，好恶心""",5,25,2023
"""各位的持仓成本多少？""",5,25,2023
"""不同意见可以提但不要口臭！！！""",5,25,2023
"""有问题吗？""",5,25,2023
"""今年看到19""",5,25,2023
"""请关注我，有问题可以提我一一回答！非股东就免了哈！""",5,25,2023
"""持续炒作！游资主导！杭州热电城门立木！//@蛰伏SJ :电力板块属于人工智能产业""",5,25,2023
"""呀。怎么摊上你了""",5,25,2023
"""关注关注""",5,25,2023
"""新力金融：融资净偿还214.07万元，融资余额2.31亿元（05-24）""",5,25,2023
"""估计跌破6块""",5,25,2023
"""我买等好久严重超跌，恶庄控制""",5,24,2023
"""这股是恶庄家控制，跌成这样""",5,24,2023
"""兄弟们一起投反对票""",5,24,2023
"""我来啦兄弟们""",5,24,2023
"""新力金融:安徽新力金融股份有限公司2023年第一次临时股东大会会议材料""",5,24,2023
"""这股啥时候能入啊？喋喋不休啊""",5,24,2023
"""昨天差点6.66买入，图个吉利数字，看大盘不行，没买！""",5,24,2023
"""[胜利]""",5,24,2023
"""低于6.6买入都是安全的，只要不退市，就大胆买，反复t，成本一定会下来的。明天要""",5,24,2023
"""破股""",5,24,2023
"""明天还大跌吗？""",5,24,2023
"""真是耻辱""",5,24,2023
"""安徽省怎么有这么无耻的股""",5,24,2023
"""这股是有什么雷吗？就它跌得很""",5,24,2023
"""安徽人的耻辱""",5,24,2023
"""垃圾股，啥也不是""",5,24,2023
"""今天有点中极端的味道！""",5,24,2023
"""中船梭哈破前高""",5,24,2023
"""中船科技高看一眼""",5,24,2023
"""能不能涨停一次，饭都快吃不起了，7.7死哪去了""",5,24,2023
"""拿着退休金买了新力金融。相信你们，加油吧！""",5,24,2023
"""新力社，鬼子""",5,24,2023
"""多元金融涨的时候你不跟 供销社涨也不跟 现在跌起来倒是冲的快""",5,24,2023
"""最近过山车一样的行情""",5,24,2023
"""通信热点cpo让我赚肥了，接下来搞""",5,24,2023
"""新力这名字很鬼子""",5,24,2023
"""我认为新力今天直接冲破2000，和茅台一个档次。速速飞起哈哈哈""",5,24,2023
"""新力金融：连续3日融资净买入累计1056.73万元（05-23）""",5,24,2023
"""最近炒股一直亏钱，心态很差，真是亏钱容易赚钱难，没有任何办法。早上王府井低开低走""",5,23,2023
"""业绩增长有鬼用，长期躺地，好像田螺虫一样，爬不起""",5,23,2023
"""这股我已经买好久，长期躺在地下冬眠，无起色""",5,23,2023
"""明后决定走势""",5,23,2023
"""这个股是什么鬼""",5,23,2023
"""安徽省的垃圾，结局和华信一样""",5,23,2023
"""新力金融:安徽新力金融股份有限公司关于为控股子公司提供担保的公告""",5,23,2023
"""你们不识货，不要骂了，没品没素质""",5,23,2023
"""蛰伏为啥每天发布跟新力金融不相关的帖子呢？大家分析一下，而且是长期在股吧""",5,23,2023
"""谁知道新力有啥雷吗？""",5,23,2023
"""至少茅台价""",5,23,2023
"""天涯何处无草料，盆满钵满回头笑。""",5,23,2023
"""新力一直不分红吗？""",5,23,2023
"""来，大家一起来骂一遍，太垃圾，没发看""",5,23,2023
"""看来6.15还要下去。""",5,23,2023
"""潮水已退，一看就知谁在裸泳。""",5,23,2023
"""有着央企国企背景的ST股今天摘帽！这个运作周期挺长的为炒作相关公司提供了参考案例""",5,23,2023
"""两个字，去""",5,23,2023
"""看看整个板块能不能企稳了！持续跟踪相关标的！""",5,23,2023
"""让我回本筹码给你""",5,23,2023
"""辅仁药业退市，这个公司损失多少""",5,23,2023
"""大家都稳住！持有此股必有厚报！我能！别墅靠大海！""",5,23,2023
"""涨的时候跟不上，跌起来倒是第一啊""",5,23,2023
"""不错，奔跌停去了。""",5,23,2023
"""这个垃圾，浪费我赚钱的机会""",5,23,2023
"""涨一天，跌几个月，""",5,23,2023
"""你不涨，都是因为我选了你，我错了，行吗[国家队][国家队][国家队][国家队]""",5,23,2023
"""垃圾""",5,23,2023
"""垃圾，什么板块也不跟，走独立行情，已经入土为安了""",5,23,2023
"""压力冲不过去呀""",5,23,2023
"""回头是岸，走了。哈哈""",5,23,2023
"""昨天想卖，没有卖。今天又这样，简直吐血了，""",5,23,2023
"""资讯是条汉子狗""",5,23,2023
"""垃圾就是垃圾，没得救，毫无办法""",5,23,2023
"""给板块拖后腿就是你的使命[大笑]""",5,23,2023
"""你爷爷已经涨停，""",5,23,2023
"""太伤心了也是供销社概念哎""",5,23,2023
"""大哥，累了就歇会，每天拉一下就行""",5,23,2023
"""天鹅三个板了，你这垃圾""",5,23,2023
"""新力金融5月23日快速反弹""",5,23,2023
"""傻批公司自问自答，有没有打针业务，暂时没有""",5,23,2023
"""此股拿住就好，不用计较一城一池得失，必有厚报。""",5,23,2023
"""昨天卖了上周五买的，今天继续挂6.66，慢慢磨，成本越做越低""",5,23,2023
"""新力金融会不会成为供销社的龙头，国家战略应该支持""",5,23,2023
"""看中的三个ST股！持续跟踪一下！""",5,23,2023
"""新力金融：融资净买入580.53万元，融资余额2.29亿元（05-22）""",5,23,2023
"""萨批公司自编自问自答，垂子大爷在问你""",5,23,2023
"""该了，天天涨，涨不停""",5,22,2023
"""根据最近ST股板块明显出现下极端（由全面注册制的实施导致壳价值的下降和股票退市新""",5,22,2023
"""你爱咋咋咋，反正T了0.28跑了[笑哭][笑哭][笑哭]""",5,22,2023
"""又一只退市股""",5,22,2023
"""H333操作策略细则""",5,22,2023
"""海螺水泥配合主力还没减持呢，等下个月减持时间到，100%再出个减持公告""",5,22,2023
"""垃圾""",5,22,2023
"""这股票应该在16元以上，可惜主力弱点""",5,22,2023
"""从去年四月份止跌到现在基本就没事横盘，感觉现在不是升天就是下地狱""",5,22,2023
"""15块买的兄弟还有没有""",5,22,2023
"""这只股除了重组，根本就不能碰，兄弟们信我的，我拿命担保！""",5,22,2023
"""这票散户大多套在6.8-7.5中间，庄就在这磨，都不割肉就不涨""",5,22,2023
"""啥时候能解套啊""",5,22,2023
"""抓紧时间，不然回到解放前。""",5,22,2023
"""你大爷天鹅已涨停，拉拉跟上啊""",5,22,2023
"""董秘董事长都增持""",5,22,2023
"""快跑暴跌[下跌][下跌][下跌][惨!关灯吃面][加油]""",5,22,2023
"""诱多，派发，6元能看到""",5,22,2023
"""给机会跑了，不跑感觉又要凉""",5,22,2023
"""此票有劲股性活，应该有连板或连续上涨的趋势，结合供销社概念刚露头，应该有一波行情""",5,22,2023
"""难道[旺柴]""",5,22,2023
"""这次目标位多少？14？""",5,22,2023
"""H333实战交易贴！找到主线板块里弹性不错的股票（可以参考历史上走势不平庸的股票""",5,22,2023
"""冲高后调整8个交易日，老鸭头形态，突破压力位开启主升。""",5,22,2023
"""电力板块属于人工智能产业链后排！""",5,22,2023
"""这个股票不跟大盘，会偷涨""",5,22,2023
"""7.4的成本，本周能解套吗?""",5,22,2023
"""今天有点意外，走的是不是供销社，""",5,22,2023
"""低于4个点，都是瞎玩，4个点以上就能涨停。""",5,22,2023
"""统一大市场概率股，今天开始起飞。""",5,22,2023
"""天鹅又快涨停，你怎么这么拉啊""",5,22,2023
"""下引线吃完了，上引线吃不吃。""",5,22,2023
"""新低金融这波破6""",5,22,2023
"""见鬼了，一直跌""",5,22,2023
"""走了走了，板块""",5,22,2023
"""怎么还不跌停，我等着抄底呢！！！！""",5,22,2023
"""新力金融本周融资净偿还339.15万元，居多元金融板块第三""",5,21,2023
"""下周一清仓""",5,20,2023
"""我现在也关注一下新力，找机会买一点，看看下半年的结果""",5,20,2023
"""你们giaogiao地""",5,20,2023
"""新力金融：融资净买入132.9万元，融资余额2.24亿元（05-19）""",5,20,2023
"""$新力金融(SH600318)$""",5,19,2023
"""前段时间在减持现在观望""",5,19,2023
"""无语，我就想6.66再买点，怎么就不让我进""",5,19,2023
"""去TAMA的，祝主力一路走好，愿你天堂没有病痛。""",5,19,2023
"""快点跌停""",5,19,2023
"""巢东人杰地灵，怎么出了个孟庆力这种下作之物！""",5,19,2023
"""越来越难看了！""",5,19,2023
"""跌停跌停！！！""",5,19,2023
"""不知道啥时候回本""",5,19,2023
"""新力金融：融资余额2.22亿元，创近一年新低（05-18）""",5,19,2023
"""庄稼人明日计划0519""",5,18,2023
"""像田螺虫一样臭股""",5,18,2023
"""一般上面出现上影线的，短期见顶了，后面都是震荡下行，垃圾""",5,18,2023
"""歇菜了，没戏了""",5,18,2023
"""懒得骂的僵尸股了""",5,18,2023
"""董秘您好，已有接近8成的上市公司开通了微博、微信、抖音等新媒体沟通平台并在官网公""",5,22,2023
"""我已忍无可忍！下午干活！""",5,18,2023
"""头顶一炷香，不死也要伤。暴雷了？""",5,18,2023
"""典型庄股""",5,18,2023
"""这股有没有忍无可忍的大佬参与？？？""",5,18,2023
"""农副产品""",5,18,2023
"""新力金融：融资净买入100.85万元，融资余额2.25亿元（05-17）""",5,18,2023
"""新力唯一前途就是重组买资产靠现在这情况根本没戏[坏笑]""",5,17,2023
"""安徽没好股""",5,17,2023
"""红十字星，懂得都懂""",5,17,2023
"""安徽的股一个字服""",5,17,2023
"""坚持坚持""",5,17,2023
"""继续增持""",5,17,2023
"""没戏了，哥先走一步""",5,17,2023
"""安徽国企作风""",5,17,2023
"""回本就卖""",5,17,2023
"""天鹅板了 你新力一点没力""",5,17,2023
"""走吧在这纯粹是浪费行情""",5,17,2023
"""供销社概念起来了""",5,17,2023
"""$新力金融(SH600318)$""",5,17,2023
"""狗托又换一查了""",5,17,2023
"""6.70满仓，不怕你跌，哈哈。""",5,17,2023
"""新力金融：融资余额2.24亿元，创近一年新低（05-16）""",5,17,2023
"""咋不涨停呢""",5,16,2023
"""一个字，爽""",5,16,2023
"""太难了[哭]""",5,16,2023
"""此处当有问董秘！增发2亿准备买什么？回答拭目以待。股价上天。""",5,16,2023
"""上7都费劲，没救了，垃圾""",5,16,2023
"""买了就闭上眼""",5,16,2023
"""买了就闭上眼""",5,16,2023
"""估计该起飞了，没低点了抓住机会。""",5,16,2023
"""仙人指路，狗托无敌""",5,16,2023
"""我已满仓，哈哈""",5,16,2023
"""新力金融：融资余额2.26亿元，创近一年新低（05-15）""",5,16,2023
"""各位大神，7.46的本，还能上来吗[哭]，""",5,15,2023
"""净资产10.8亿，百分之二十2亿，定增这么点毛钱准备用来做什么呢？""",5,15,2023
"""6.70元满仓了。呵呵，看明天能涨3个点不。""",5,15,2023
"""现阶段大盘主要还是存量资金在博弈（围猎特征非常明显）涨多了就下跌，跌多了就上涨！""",5,15,2023
"""新力金融:安徽新力金融股份有限公司关于变更公司注册地址及修订《公司章程》的公告""",5,15,2023
"""新力金融:安徽新力金融股份有限公司关于召开2023年第一次临时股东大会的通知""",5,15,2023
"""新力金融:安徽新力金融股份有限公司章程(2023年5月修订)""",5,15,2023
"""新力金融:安徽新力金融股份有限公司第九届董事会第二次会议决议公告""",5,15,2023
"""新力金融:安徽新力金融股份有限公司第九届监事会第二次会议决议公告""",5,15,2023
"""新力目前还是跟风金融股 自己没独立行情 必须重组才有出路""",5,15,2023
"""爽的一批""",5,15,2023
"""你极端交易了吗？""",5,15,2023
"""明天高开就抛""",5,15,2023
"""跟st在一起有点吓人""",5,15,2023
"""一个股的强弱怎么看，就说新力，上午板块跌的时候，这货虽不是领跌，但基本跟龙头中粮""",5,15,2023
"""难道我看错了，垃圾股吗？""",5,15,2023
"""能翻红收盘吗？""",5,15,2023
"""今天有洗下车的吗""",5,15,2023
"""$中国平安(SH601318)$$新力金融(SH600318)$""",5,15,2023
"""海螺已经减持完了吧""",5,15,2023
"""垃圾，一天跌到解放前，没救了""",5,15,2023
"""跑""",5,15,2023
"""不够一天跌，坑货""",5,15,2023
"""从盈利200大洋，到今天亏损500大洋，这过山车坐的，次奥他主力的妈咪！！！！！""",5,15,2023
"""快点跌到5块！""",5,15,2023
"""st都不如了，两个板块垫底""",5,15,2023
"""还是没必要那么看空""",5,15,2023
"""拉了一个星期也该套人了，当减持是摆设哦，6月份也快到了，开埋""",5,15,2023
"""涨一个星期不够一天跌""",5,15,2023
"""还好上周五果断跑了，等到6.4以下再接回，继续t，目前成本8.7""",5,15,2023
"""生口""",5,15,2023
"""在洗一周回到6元以下再进场。""",5,15,2023
"""新力的原本业务趋势，想必孟总当家人也知道，食之无味，日渐萧条。想在位子上坐长久一""",5,14,2023
"""总有锤子选手来问能不能st，基本面的东西还问来问去的趁早跑远点。""",5,14,2023
"""市场还可能牛市？""",5,14,2023
"""新力金融本周融资净偿还457.48万元，居多元金融板块第三""",5,14,2023
"""业绩连续三年亏损，股价照涨；华金资本年年盈利，就是不涨。""",5,14,2023
"""大多数时候主线板块出现多只个股涨停时是降级打击的好时点！""",5,14,2023
"""新力金融会被st吗请大佬指点迷津""",5,13,2023
"""新力金融会被st吗请大佬指点迷津""",5,13,2023
"""让你们飞进入垃圾堆""",5,13,2023
"""这个看样子不会再跌了吧？大盘大跌也没影响它了""",5,13,2023
"""新力金融：融资余额2.27亿元，创近一年新低（05-12）""",5,13,2023
"""快要连板了坚持""",5,12,2023
"""两点半开始砸盘，准备好！""",5,12,2023
"""短期到头""",5,12,2023
"""护盘""",5,12,2023
"""顶""",5,12,2023
"""大盘今天又有些小极端了！又可以加仓滚入相关股票了！""",5,12,2023
"""现阶段新力涨的让持筹者与持币者都不舒服！那就继续持仓不动！""",5,12,2023
"""花十天半个月涨上来的有可能就三五天跌完！""",5,12,2023
"""这货危险下午可能变绿，翻脸不认人[呲牙][呲牙][呲牙][呲牙][呲牙][呲牙]""",5,12,2023
"""上涨也要考验人的耐心""",5,12,2023
"""这个位置好尴尬，就是不冲，快到解套点，T又不敢T，不T又怕下周回调，唉""",5,12,2023
"""这货咋这么费劲""",5,12,2023
"""699出货了，等着调整再说""",5,12,2023
"""大盘这样估计到3200去了，已走拜拜。""",5,12,2023
"""一个几万脑参粉的大托出现，当天股价最高点7.15，后面几天微涨。如果这些脑参粉按""",5,12,2023
"""一个几万脑参粉的大托出现，当天最高股价7.15，如果脑参粉当天按照大拖的想法买进""",5,12,2023
"""等待或即将红杏出墙""",5,12,2023
"""每天涨一点挺好""",5,12,2023
"""基金增持""",5,12,2023
"""黑色星期五，跌停稳了""",5,12,2023
"""新力金融：融资净偿还140.99万元，融资余额2.29亿元（05-11）""",5,12,2023
"""能不能像前年一样先在明天弄个涨停板，接着四个一字板！""",5,12,2023
"""明天开盘死疯跌哈哈[大笑][大笑]""",5,12,2023
"""垃圾股已经好久了，一回本就卖！""",5,11,2023
"""7.355的本，这颗小韭菜还有解套机会么？""",5,11,2023
"""这会还往外跑的主力可能是水泥吧""",5,11,2023
"""明天跌停""",5,11,2023
"""今天没走的估计明天吃面了。""",5,11,2023
"""明天又是艳阳天　６８８收盘""",5,11,2023
"""一包瓜子一包烟，一个破股看一天。""",5,11,2023
"""，没救""",5,11,2023
"""看我的指标吗？""",5,11,2023
"""新力实战交易贴！""",5,11,2023
"""看大众评论与他们反向操作，能提高成功率！""",5,11,2023
"""等大哥中油资本起飞吗""",5,11,2023
"""垃圾，就是过不了7，压的死死的""",5,11,2023
"""启　动""",5,11,2023
"""总所周知，马上要跌停了！""",5,11,2023
"""新力金融：融资净偿还2.01万元，融资余额2.3亿元（05-10）""",5,11,2023
"""听说又要收东西了""",5,10,2023
"""起来了""",5,10,2023
"""6.8收盘""",5,10,2023
"""一天的功夫五六个点，昨天提醒让大家伙跑路""",5,10,2023
"""一补就套，唉，真的是手贱的很，气人，没得救""",5,10,2023
"""那个比克电池芭比q了""",5,10,2023
"""看看中油资本""",5,10,2023
"""在出货明天黑色日""",5,10,2023
"""就是出货，一群人还在意Y""",5,10,2023
"""赶紧跑吧黑周四大跌""",5,10,2023
"""6月份再看吧！""",5,10,2023
"""问大家一个问题这实力服不服？""",5,10,2023
"""洗盘""",5,10,2023
"""历史总是极其的相似[微笑]。""",5,10,2023
"""这股有毒啊，每次一补窗就准跌，无语了""",5,10,2023
"""德森 、德明不买点自家股票吗？""",5,10,2023
"""狗托们嗨起来，你们最无敌""",5,10,2023
"""今天有望上攻731高地？""",5,10,2023
"""走了，金融最弱一个""",5,10,2023
"""请问贵司业务能否支持数字人民币服务？未来将往哪个方向扩展？""",5,22,2023
"""加油来个涨停吧""",5,10,2023
"""谁说的是“仙人指路”""",5,10,2023
"""坐等跌停""",5,10,2023
"""新力金融：融资净买入175.52万元，融资余额2.3亿元（05-09）""",5,10,2023
"""今天708追高了，不过准备拿两天看看能否修复上行！""",5,9,2023
"""跑了，过几天在进""",5,9,2023
"""这股长上影线就没见不跌的""",5,9,2023
"""这个超级主力很有钱啊！每天涨停板都给你打开，每天都给你买进的机会！难道要复制20""",5,9,2023
"""这段时间我继续做多！""",5,9,2023
"""就看明天金融和证券还能不能继续走强，如果能顶住，就明天还能高看一线，过7""",5,9,2023
"""出坑了吗""",5,9,2023
"""三线开花  蚂蚁上树""",5,9,2023
"""终于等来来了高换手""",5,9,2023
"""玩完，今天又补在高位，没救了，这根影线明天没戏了""",5,9,2023
"""明天跌停""",5,9,2023
"""这个货不好好涨""",5,9,2023
"""主力开始出货""",5,9,2023
"""减持暂停了，这2天要回调了""",5,9,2023
"""七块一毛多套的人不多，所以到了这个位置，主力歇菜哑火，重要的是七块三毛到五毛的套""",5,9,2023
"""一泻千里""",5,9,2023
"""这根长上影线还真的够长哦""",5,9,2023
"""13的本，补窗补到7.355，套一年了，这次能不能解套，""",5,9,2023
"""这几天表现的还算可以，有点真金融假供销社的意思哦""",5,9,2023
"""这个位置好纠结要不要补窗，套了几年了，几次补窗，都越补越跌""",5,9,2023
"""今天肯定长上影线喽""",5,9,2023
"""兄弟们快跑[下跌][下跌][下跌][下跌][惨!关灯吃面][想一下]""",5,9,2023
"""试盘? 仙人指路 ？次日涨停？""",5,9,2023
"""冲冲冲""",5,9,2023
"""拉了个寂寞""",5,9,2023
"""一，000617中油资本（低吸套利为主）二，300075数字政通（下方看28这个""",5,9,2023
"""好不容易天晴些乌鸦嘴又出三小""",5,9,2023
"""涨停。""",5,9,2023
"""来了老弟""",5,9,2023
"""新力金融5月9日快速上涨""",5,9,2023
"""这两天海螺在减持，是谁再接？""",5,9,2023
"""兄弟们快跑，出事了[下跌][下跌][加油][得意]""",5,9,2023
"""妖股风范[呲牙]""",5,9,2023
"""大主力拉权重企图激活市场，背后的逻辑！""",5,9,2023
"""看看后面券服板块表现如何？""",5,9,2023
"""多元金融好些涨停了，怎么不见你涨停？明天涨停吗？""",5,9,2023
"""新力是走势最弱的多元金融股了，这么小的盘，股价又低，基金还不如游资厉害，目前看看""",5,9,2023
"""青驡取水  草上飞""",5,9,2023
"""主力发力了""",5,9,2023
"""抛盘差不多了？！""",5,9,2023
"""通信设备大涨吃肉，20cm来了""",5,9,2023
"""大盘都涨了3400，为什么各股还在压值""",5,9,2023
"""开盘前再转一次！持续性大概率和人工智能产业链炒作周期可以比一比，高度可能比不了！""",5,9,2023
"""请问贵司有参与国企改革吗？有具体的改革方案吗？""",5,22,2023
"""兄弟们快跑吧！马上要跌了""",5,9,2023
"""新力金融：融资余额2.28亿元，创近一年新低（05-08）""",5,9,2023
"""开埋""",5,9,2023
"""抽疯""",5,8,2023
"""中信银行是走的最快的银行股了且成交量并未放出巨量（说明有很大的预期差）！期待它继""",5,8,2023
"""两市唯一名字：金融两字的大金融股，类似军工长城军工，明天散发到位，全仓干[上涨]""",5,8,2023
