"""九丰能源03月26日获沪股通增持10.53万股""",3,27,2024
"""上一波赚三十W，这一波主升会有七十W，九丰随时展开主升浪，筹码已收集完毕。""",3,26,2024
"""[囧]7连阴""",3,26,2024
"""兄弟们，抢筹码上车了，杀呀！""",3,26,2024
"""加油努力砸盘要用力，砸不下来没关系，至少要收绿[吃瓜][吃瓜][吃瓜]，主力加油""",3,26,2024
"""我的妈呀，还好走的早，要不又吐出去了""",3,26,2024
"""这个票北向是反向指标""",3,26,2024
"""九丰能源：融资净偿还91.69万元，融资余额7816.34万元（03-25）""",3,26,2024
"""九丰能源03月25日获沪股通增持8.34万股""",3,26,2024
"""放量触底。""",3,25,2024
"""九丰能源好像又要收购中国油气了""",3,25,2024
"""美国下一目标要制裁氦气，我国氦气占大部分依赖进口，半导体与航天科技之类制作需要氦""",3,25,2024
"""就跌这么点还想骗兄弟们上车？打发叫花子呢[大笑][大笑][大笑]""",3,25,2024
"""25，再买点玩玩[下跌][下跌][下跌][下跌]""",3,25,2024
"""全球首艘运气船今日正式下水投入运营""",3,24,2024
"""27阶段底部。""",3,24,2024
"""九丰能源本周融资净买入131.49万元，居燃气板块第五""",3,24,2024
"""九丰能源本周沪股通持股市值增加4307.97万元，居燃气板块第一""",3,24,2024
"""北向越跌越买，越买越跌！香港的韭菜大老远来被主力收割，不容易啊[大笑]，妥妥的韭""",3,24,2024
"""九丰能源：融资净买入76.29万元，融资余额7908.02万元（03-22）""",3,23,2024
"""九丰能源03月22日获沪股通增持55.79万股""",3,23,2024
"""北向资金越买越跌！！！""",3,22,2024
"""一手哥大杀四方""",3,22,2024
"""说啦下跌趋势没人信，这下信啦吧，哈哈，""",3,22,2024
"""速度，再跌五个点以上[赞][胜利][下跌][下跌]""",3,22,2024
"""破位了""",3,22,2024
"""都是越来越高往上走，最次横盘，这个是回头接人吗？""",3,22,2024
"""九丰能源：融资净买入23.87万元，融资余额7831.73万元（03-21）""",3,22,2024
"""九丰能源03月21日获沪股通增持33.4万股""",3,22,2024
"""调整结束。""",3,21,2024
"""前几天发帖在评论区回复粉丝说傲农生物要走第二波连板，已经实现了，明天我要梭哈肯特""",3,21,2024
"""说啦下跌趋势，[大笑]那天放量，那天底背离反转在进场啦""",3,21,2024
"""九疯人猿""",3,21,2024
"""九丰什么时候变九封，不过看它的股权结构以及股东们的历史表现，确实挺不靠谱的[旺柴""",3,21,2024
"""兄弟们，我回来指导主力工作了[梭哈][梭哈][梭哈]""",3,21,2024
"""大穹顶""",3,21,2024
"""[加油]加油（跌停）涨停你可以的""",3,21,2024
"""这不是低，还要创新低[下跌][看空][卖出][卖出]""",3,21,2024
"""[大笑][大笑]真好，赶紧砸到25""",3,21,2024
"""大家知道那个加氢站的进展吗？董秘办公室一直都不回复这个问题，是不是烂尾了啊？""",3,21,2024
"""九丰能源：融资净偿还54.57万元，融资余额7807.87万元（03-20）""",3,21,2024
"""九丰能源03月20日获沪股通增持41.05万股""",3,21,2024
"""这个票根本不敢拉，大单想走出去很困难，买盘太小，看涨很难""",3,20,2024
"""聪明？就是个垃圾庄""",3,20,2024
"""这个主力太聪明啦，有大单就上百手出货，没承接盘就化整为零，小单慢慢出，""",3,20,2024
"""下跌通道形成，25可以抄底。""",3,20,2024
"""今天又是阴跌的一天""",3,20,2024
"""这个圆弧顶太丑了""",3,20,2024
"""九丰能源：融资净偿还70.49万元，融资余额7862.43万元（03-19）""",3,20,2024
"""恭喜之前跟上安邦护卫，和傲农生物的股友吃肉了，明天准备建新仓，宝地矿业""",3,20,2024
"""破27再买""",3,19,2024
"""明天终于要大跌了券神提醒这么多天还有那么韭菜执迷不悟认为要一直涨券神这波融券到2""",3,19,2024
"""macd量越来越小，股价高位顶背离，[大笑]日线死叉，大家猜猜会下跌多少，调整多""",3,19,2024
"""这个，幸亏昨天把你卖了，被你折磨了一年半，就挣了10个点，还不够老子利息，""",3,19,2024
"""股市老话说的好，久盘必跌[下跌][下跌][看空][看空][卖出]""",3,19,2024
"""我买了，我买了才跌的。史带不想赚钱啦？""",3,19,2024
"""说啦，阴跌史带金融出货，估计也没人信，哈哈，""",3,19,2024
"""有点像做头的感觉了""",3,19,2024
"""锅盖顶""",3,19,2024
"""不来根大阳就不好玩了，走出园狐顶了。""",3,19,2024
"""肯定绿[韭菜][赞]""",3,19,2024
"""一手哥[哈欠]""",3,19,2024
"""天天玩狼来的套路，今天会来真的吗""",3,19,2024
"""垃圾""",3,19,2024
"""九丰能源：融资净买入156.39万元，融资余额7932.92万元（03-18）""",3,19,2024
"""九丰能源03月18日获沪股通增持24万股""",3,19,2024
"""独立行情，反弹新高手到擒来。""",3,18,2024
"""牛逼，自选股上就一个绿色股票。就是九疯""",3,18,2024
"""洗完了吧，明天再不涨，别怪我画个圈圈诅咒你""",3,18,2024
"""史带金融去年减持百分之5一下后，就不需要申报啦，，现在清仓减持啦，原因就在这""",3,18,2024
"""券神提醒下跌加速中看多的减仓清仓23附近有反弹""",3,18,2024
"""这股为啥只有卖盘没有买盘，说白了，就这么多想套现的筹码在嗷嗷待哺，是个资金也只想""",3,18,2024
"""集结号吹响""",3,18,2024
"""机构占坑不出力.这行情闭眼买股都比这货强啊""",3,18,2024
"""史带金融的持续不断的减持吓跑了很多资金，这股稍微拉一些哪怕无量，担心减持的资金无""",3,18,2024
"""不知道啥意思，有大的利空吗""",3,18,2024
"""垃圾能源，猪都不如""",3,18,2024
"""这货就不能正常涨一下吗？""",3,18,2024
"""真是服了""",3,18,2024
"""到啦该跌的时候，大盘涨上天也没用，哈哈，无力回天""",3,18,2024
"""不跟板块了？""",3,18,2024
"""不管你们唱空做多，还是做空唱多，不到50+不卖[呲牙][呲牙][呲牙]立贴为证！""",3,17,2024
"""看看九丰能源的韭菜们被折磨的得了狂想症了，发射火箭，海上出现一艘船也变成九丰能源""",3,17,2024
"""天然气运回来啦[大笑]""",3,16,2024
"""九丰能源：融资余额7776.53万元，创近一年新低（03-15）""",3,16,2024
"""好股不惧风浪，T到9元成本[偷笑]""",3,15,2024
"""这票换手率这么低，高位又没量，我不信它是出货，后期应该会有一波大行情""",3,15,2024
"""火了""",3,15,2024
"""拉后腿了今天""",3,15,2024
"""我又来了""",3,15,2024
"""就是废油桶，握草""",3,15,2024
"""韭菜们去看看，是不是一样的，有些人会说的，我是拿长线的，哈哈，嘴硬""",3,15,2024
"""一群散户。被几个拖，忽悠进来还不信，非跌倒你们信为止，""",3,15,2024
"""券神我只想赚公司钱好心劝韭菜多头速速逃离最后一次提醒本券神已经60%融券20月底""",3,15,2024
"""九丰能源：融资净偿还103.37万元，融资余额8934.29万元（03-14）""",3,15,2024
"""九丰能源03月14日获沪股通增持40.72万股""",3,15,2024
"""第三次星舰试飞跨越式进步！！""",3,14,2024
"""后面[大笑]跌倒26一下，就知道谁对谁错啦""",3,14,2024
"""无量上涨，谨防回调！""",3,14,2024
"""九丰能源：融资净买入123.28万元，融资余额9037.66万元（03-13）""",3,14,2024
"""九丰能源03月13日获沪股通增持16.89万股""",3,14,2024
"""券神提醒大家限售股转融通即将回归暴风雪来了再不清仓看多将尸骨无存""",3,13,2024
"""要拉早拉了.要调整了.大盘也是.没量谁买.""",3,13,2024
"""火箭燃料以后供不应求。""",3,13,2024
"""盘子已很轻。""",3,13,2024
"""这里的黎明静悄悄""",3,13,2024
"""日线顶背离，10点左右的回调要开始啦""",3,13,2024
"""九丰能源：融资净买入441.55万元，融资余额8914.38万元（03-12）""",3,13,2024
"""九丰能源03月12日获沪股通增持18.41万股""",3,13,2024
"""九丰能源里面的散户越来越少了""",3,12,2024
"""太阴险啊，每天一点点出货，6天涨一天跌光。[大笑]""",3,12,2024
"""六连阳一天就淹没[想一下]""",3,12,2024
"""九丰几天涨2个多点今天一次跌干净！！！""",3,12,2024
"""外面的大好行程被这货耽误了，跑吧，哪怕明天涨停！""",3,12,2024
"""说啦还不信，说顶背离啦，要下跌，[大笑]散户被几个拖忽悠的感觉明天就要60啦""",3,12,2024
"""主力开始进场了，""",3,12,2024
"""股""",3,12,2024
"""券神提醒大家今天是做多逃命的最后一天券神今天融券开始""",3,12,2024
"""请问贵公司在LNG冷能行业中的有没有投资？投资效果如何？在LNG冷能有没有长期规""",3,18,2024
"""九丰能源：融资净偿还27.21万元，融资余额8465.51万元（03-11）""",3,12,2024
"""九丰能源03月11日被沪股通减持38.77万股""",3,12,2024
"""盘过四十再加速，才能立意高远。""",3,11,2024
"""九丰能源:关于“九丰定02”可转债2024年付息的公告""",3,11,2024
"""明天大概率涨停""",3,11,2024
"""五连阳了，""",3,11,2024
"""碎步五连阳，明天涨停。""",3,11,2024
"""继续吹，[大笑]才来的拖继续吹""",3,11,2024
"""走独立行情的票，只要业绩不差，后续可能就是翻倍行情，这票有牛股潜力，现在买入，赌""",3,11,2024
"""今天这个量，收盘不拉上去的话明天就悬了。。先减仓了""",3,11,2024
"""券神即将回归！！！加油涨到30元开始融券[加油][加油][加油][加油][加油]""",3,11,2024
"""在憋大招吗""",3,11,2024
"""好票，慢慢爬""",3,11,2024
"""估计这里的散户也就我看空啦，其他都是看多，[大笑][大笑]""",3,10,2024
"""九丰能源本周融资净偿还1442.21万元，居燃气板块第二""",3,10,2024
"""九丰能源本周沪股通持股市值减少609.73万元，居燃气板块第三""",3,10,2024
"""有人天天说自己涨停@开泥头车创主丽 """,3,9,2024
"""九丰能源：融资净偿还469.35万元，融资余额8492.72万元（03-08）""",3,9,2024
"""九丰能源03月08日被沪股通减持15.43万股""",3,9,2024
"""这个股有那么香吗，所有散户都是重点买入。真是能不清，这是拖还是真正的投资者""",3,8,2024
"""重点关注买入""",3,8,2024
"""您好！ 请问截至3月8号，公司股东人数是多少？谢谢！""",3,18,2024
"""一手哥太强了""",3,8,2024
"""跌停无极限""",3,8,2024
"""绿毛龟""",3,8,2024
"""今天和昨天一模一样的剧本""",3,8,2024
"""九丰能源：融资净买入127.23万元，融资余额8962.07万元（03-07）""",3,8,2024
"""九丰能源03月07日获沪股通增持5.01万股""",3,8,2024
"""“低碳从娃娃做起——九丰能源公益基金”暨“绿色可持续发展”环境教育与意识提升活动正式启动""",3,7,2024
"""顶背离，[好困惑]连续4天未突破，大家小心啦，明天""",3,7,2024
"""下来就是加仓的机会，一股不要卖。""",3,7,2024
"""完了，29，3又没跑[哭]""",3,7,2024
"""业绩稳步增长，价值投资吧。""",3,7,2024
"""什么时候能有个涨停呢""",3,7,2024
"""早盘拉升，谨防回调！""",3,7,2024
"""又是等死的一天""",3,7,2024
"""九丰能源：连续4日融资净偿还累计1388.7万元（03-06）""",3,7,2024
"""九丰能源03月06日被沪股通减持31.66万股""",3,7,2024
"""12月1号走势大家引以为戒。一路阴跌不放量，连续4天突破不了29。""",3,6,2024
"""看看政府工作报告吧，2024商业航天发射元年，不急""",3,6,2024
"""不构成投资推荐2024年No.4""",3,6,2024
"""不像龙头该有的样子""",3,6,2024
"""快变绿[大笑]""",3,6,2024
"""久疯，玩完了啊""",3,6,2024
"""九丰自己玩自己的，有人控盘了""",3,6,2024
"""九丰今天啦涨停，他就确定的上涨，不然还是诱多，[大笑]，这人也就是坏，这个位置可""",3,6,2024
"""错过了南京公用""",3,6,2024
"""臭垃圾[怒][怒]""",3,6,2024
"""[怒]""",3,6,2024
"""您了走势也太独立了，嘛也不跟""",3,6,2024
"""无用股[下跌][卖出]""",3,6,2024
"""你是真垃圾啊，一涨就砸[大笑]""",3,6,2024
"""缺德得很""",3,6,2024
"""九丰能源：连续3日融资净偿还累计1337.05万元（03-05）""",3,6,2024
"""九丰能源：融资净偿还467.06万元，融资余额9467.86万元（03-04）""",3,5,2024
"""九丰能源03月04日获沪股通增持40.64万股""",3,5,2024
"""走势步伐坚毅，强势股特质。""",3,4,2024
"""两天没涨，明天破30[赞]""",3,4,2024
"""最近才发现，九丰第二个九安，九丰大帝又回来啦，[大笑]这几个拖大家记忆犹新不""",3,4,2024
"""吧里有人去年赚了3w还拿出来秀，还到处认长辈，是谁啊？""",3,4,2024
"""赶紧加仓，年报增加30%，一季报应该增加25%。""",3,4,2024
"""涨停都不解我心头之恨""",3,4,2024
"""九丰能源本周融资净买入877.23万元，居燃气板块第二""",3,3,2024
"""九丰能源本周沪股通持股市值减少1844.69万元，居燃气板块第二""",3,3,2024
"""本轮牛市，三大主线，科技、绩优、中特估，九丰可列绩优股，主升浪已经展开。""",3,3,2024
"""北向减持筹码交换，九丰星期直冲九天！""",3,2,2024
"""九丰能源：融资净偿还288.61万元，融资余额9934.93万元（03-01）""",3,2,2024
"""九丰能源03月01日被沪股通减持39.78万股""",3,2,2024
"""买在今天最高点了[哭]""",3,1,2024
"""冲进来好多人接盘被套""",3,1,2024
"""废气""",3,1,2024
"""30千年阻挡""",3,1,2024
"""晶圆加工需要使用多种气体，1.氧气：用于清洗、氧化和燃烧等工艺过程中。2.氮气：""",3,1,2024
"""海南最近发布了氢能的中长期规划，公司有没有积极融入？""",3,1,2024
"""氢能现在很受国家重视，公司在氢能方面的布局有什么进展？""",3,1,2024
"""您好！请问截至2月29号，公司股东人数是多少？谢谢！""",3,6,2024
"""哈哈哈哈哈没有新人让忽悠进来吧，[大笑]一看昨天忽悠的人就好多""",3,1,2024
"""拖是真多""",3,1,2024
"""人气大幅飙升，只要今天再大涨，有望进入200""",3,1,2024
"""九丰能源：融资净买入440万元，融资余额1.02亿元（02-29）""",3,1,2024
"""九丰能源02月29日被沪股通减持7.52万股""",3,1,2024
"""今天氢能源大部分个股都涨停，难道九丰不是氢能源吗？""",2,29,2024
"""几天又来啦那么多人，看来不少人追进来啦[大笑]""",2,29,2024
"""26.68一溜溜发，好意头哦，玩笑""",2,29,2024
"""广州南沙氢能源项目什么时候完工？""",2,29,2024
"""这个股有什么炒作概念吗[为什么]""",2,29,2024
"""九丰绩优+半导体+氢能源+清洁能源+商业航天发射火箭特种气体供应商+LNG题材满""",2,29,2024
"""明天涨停""",2,29,2024
"""燃气的王！""",2,29,2024
"""九丰能源是半导体气体最大供应商。""",2,29,2024
"""氢能源竟然有35家涨停[滴汗]""",2,29,2024
"""氢能源个股几个20cm,难道九丰不比那些垃圾强？""",2,29,2024
"""推进剂的成本通常在火箭总成本中占15％至30％，""",2,29,2024
"""有走主升浪的冲动。""",2,29,2024
"""九丰能源火箭燃料最大供应商，火箭成本大头是燃料。""",2,29,2024
"""九丰量化太厉害啦，""",2,29,2024
"""这么弱啊""",2,29,2024
"""九丰能源：融资净偿还46.47万元，融资余额9769.28万元（02-28）""",2,29,2024
"""九丰能源02月28日获沪股通增持5.06万股""",2,29,2024
"""吧里有个小丑，一年赚了3万，到处认长辈，是谁啊？""",2,28,2024
"""散户都拔网线了，主力疯狂出货""",2,28,2024
"""今天能少跌点就不错啦，已经选择诱多行为，[大笑]大家休息吧，去看看科技板块后排的""",2,28,2024
"""真差劲""",2,28,2024
"""得好好查一下了，在国家需要你的时候你缺拖后腿，不想干了""",2,28,2024
"""啧啧啧，这股没啥人交易哇，交易量惨淡""",2,28,2024
"""你的氦气呢？""",2,28,2024
"""主升开搞。""",2,28,2024
"""6g通信要发射6万颗卫星，需要的燃料不得了。""",2,28,2024
"""九丰能源是清洁能源+军工航天科技股。这2板块都是国家发展支持大方向，2板块涨跟涨""",2,28,2024
"""九丰能源：连续3日融资净买入累计1092.1万元（02-27）""",2,28,2024
"""九丰能源02月27日被沪股通减持21.15万股""",2,28,2024
"""有些人真是小丑，拿自己的年收入出来秀，结果被别人秀了一脸！""",2,27,2024
"""独立行情，前途无量。""",2,27,2024
"""最近有一只永远不敢发持仓的dog跑来污染空气，还妄想九峰跌到5块哈哈哈，殊不知自""",2,27,2024
"""你就连涨停6个不行吗""",2,27,2024
"""做任何事情都应该正心正念！知行合一，不忘初心，守正不阿！做人，炒股一个道理！不受""",2,27,2024
"""解禁90亿左右，谁敢进来拉升""",2,27,2024
"""九丰能源：融资净买入124.55万元，融资余额9167.99万元（02-26）""",2,27,2024
"""请问公司拟投建海南商业航天发射场特燃特气配套项目进展如何？何时投入使用？""",2,27,2024
"""一共就反弹到一点，看来还要跌到22，量化太厉害啦，""",2,26,2024
"""这波反弹没赶上，别人的股反弹几十个点，九丰业绩出了怎么不涨啊，我好难受，我想吃肯""",2,26,2024
"""请问公司预计2024年利润不低于15亿是依据哪方面的业务增长计算的？人民币持续维""",2,27,2024
"""分红？？？？""",2,25,2024
"""九丰能源：融资净买入319.79万元，融资余额9043.44万元（02-23）""",2,24,2024
"""元宵节 | 万家灯火 共聚团圆""",2,24,2024
"""我想赚钱吃肯德基[微笑]""",2,23,2024
"""五毛钱玩一天""",2,23,2024
"""天然气行情也要跟着煤炭和石油一起啊""",2,23,2024
"""今天26.8把原来减的全部加回来目标价依然维持50元不变，不忘初心[干杯]与新老""",2,23,2024
"""今天组织券商去给公司献计，如何市值管理""",2,23,2024
"""今天开会也没什么鸟用""",2,23,2024
"""以前天天吹九丰的人，也不见啦，怎么都跑啦吗，""",2,23,2024
"""昨天涨三个点，今天赶紧跌回去，[好困惑]真厉害。涨一个点感觉太难啦""",2,23,2024
"""主线又回到AI了，难熬""",2,23,2024
"""10个点够了""",2,23,2024
"""大盘涨1万点，这个破股也是下跌""",2,23,2024
"""九丰能源：融资净偿还484.41万元，融资余额8723.65万元（02-22）""",2,23,2024
"""九丰能源02月22日被沪股通减持19.25万股""",2,23,2024
"""本来不想多说话，但这个股吧被几个苍蝇搞得乌烟瘴气，在其它股吧从来没见过。大家记住""",2,22,2024
"""明天高开可以减仓了[呲牙]，涨停更嗨[大笑]""",2,22,2024
"""每天一个开盘涨停板，让空们没有机会买！业绩优秀，还能让空肆无忌惮做空？""",2,22,2024
"""九丰能源：融资净买入608.61万元，融资余额9208.06万元（02-21）""",2,22,2024
"""1/5仓位，看今天期货不该减仓的做T的[捂脸]""",2,21,2024
"""九丰能源(605090)：优质分红成长稳健，能服+特气加速扩张，4家机构给予“买入”评级""",2,21,2024
"""之前那个股友J66666呢，好久看不到了，改了啥名""",2,21,2024
"""不跟大势，不跟热点，九丰就是要走独立行情，夏虫不可以语冰，没有见过牛市的，不可能""",2,21,2024
"""真的垃圾，涨不过板块""",2,21,2024
"""九丰能源：融资净偿还52.27万元，融资余额8599.45万元（02-20）""",2,21,2024
"""能源污染，5块都不值，一个消息的事""",2,20,2024
"""请问公司预计2024年利润不低于15亿是依据哪方面的业务增长计算的？人民币持续维""",2,21,2024
"""这么多大长腿排列在一起想干啥呀？""",2,20,2024
"""反抽结束了""",2,20,2024
"""蠢蠢欲动。""",2,20,2024
"""请问公司留的咨询电话一直无人接听，另外号码还是总机的号码，也不知道分机号码，一直""",2,21,2024
"""九丰能源：融资净买入107.01万元，融资余额8651.71万元（02-19）""",2,20,2024
"""九丰能源02月19日被沪股通减持9.14万股""",2,20,2024
"""明天补涨吗，还套11个点""",2,19,2024
"""又不跟大盘了节后红包呢""",2,19,2024
"""完全符合预期，[大笑]知道是跌的，没想到低开低走""",2,19,2024
"""您好！请问截至2月8号，公司股东人数是多少？谢谢！""",2,21,2024
"""开工大吉 | 迎接好运""",2,18,2024
"""九丰特气体签约投资航天发射火箭项目怎没有动静？""",2,10,2024
"""春节 | 金龙迎春""",2,10,2024
"""一天白玩""",2,8,2024
"""九丰能源： 公司及子公司累计担保情况""",2,8,2024
"""九丰能源:关于公司为子公司提供担保的公告""",2,8,2024
"""下午跳水""",2,8,2024
"""诱多也没用的，我是空仓了""",2,8,2024
"""清仓空出资金弹药了，留下的发财""",2,8,2024
"""回补缺口吧？""",2,8,2024
"""凝心聚力抓安全 安全为基齐落实--九丰集团召开2024年安全生产委员会第一次会议""",2,8,2024
"""九丰能源：融资净偿还573.09万元，融资余额8798.92万元（02-07）""",2,8,2024
"""九丰能源02月07日被沪股通减持74.14万股""",2,8,2024
"""九丰能源副总经理杨小毅被警示""",2,7,2024
"""怀念二哈名字的股。""",2,7,2024
"""控得死死的""",2,7,2024
"""此轮牛市九丰主打。""",2,7,2024
"""感谢拉升主力证金劵商，这把融资抄底筹码平仓锁利归还融资了""",2,7,2024
"""节前主力也会出货，节后还不知道怎么回事呢""",2,7,2024
"""怎么诱多也是空仓…主力你随意""",2,7,2024
"""今天会出获利盘""",2,7,2024
"""九丰能源：融资净偿还474.22万元，融资余额9372万元（02-06）""",2,7,2024
"""九丰能源02月06日被沪股通减持95.34万股""",2,7,2024
"""请问贵公司截至到2024年1月31日收盘股东人数是多少，谢谢""",2,21,2024
"""建议九丰能源每股派息不低于1元。""",2,6,2024
"""截止到今天，公司股东户数多少？""",2,6,2024
"""买了，别跟着我买，你们又不知道我什么价钱买的。""",2,6,2024
"""啥也不是""",2,6,2024
"""新来的散户有好看的""",2,6,2024
"""22.5融券清仓[大笑][大笑][大笑]谢谢九丰再见了朋友们去金贵银业融券了""",2,6,2024
"""九丰能源：连续3日融资净买入累计325.56万元（02-05）""",2,6,2024
"""那些嘴硬的人呢，说啦会到22，极端情况20都会破，[大笑]那些拖一直在哪拖。害人""",2,5,2024
"""九丰能源(605090)：优质分红成长稳健，能服+特气加速扩张，4家机构给予“买入”评级""",2,5,2024
"""基民为了避险，会大量赎回，基金不得已就得卖出股票，什么好股都会砸""",2,5,2024
"""管理层和董秘办公室的全部都已经放假过节去了吗？放假时间安排通知一下""",2,6,2024
"""反弹太慢了，没有资金拉燃气""",2,5,2024
"""程序交易太明显了，碰不得！""",2,5,2024
"""看到20""",2,5,2024
"""各位新老朋友，都还安好！我来看你们了，预祝你们新年福泰安康[干杯]""",2,5,2024
"""经济我们这边独好…[兴奋][兴奋][兴奋]""",2,5,2024
"""基金在拼命卖出，到20抄底。""",2,5,2024
"""不跌停都对不起才进来的散户""",2,5,2024
"""完犊子了""",2,5,2024
"""漫天的遍地黄金无奈子弹不多呀[牛][牛]""",2,5,2024
"""九丰能源本周融资净偿还716.91万元，居燃气板块第三""",2,4,2024
"""九丰能源本周沪股通持股市值减少2405.89万元，居燃气板块第一""",2,4,2024
"""民企的分红率就是低啊，一股赚2块，才分4毛，连银行利率都不到，只能靠长期股价阴跌""",2,4,2024
"""钱都卖船去了，分红太少了。""",2,4,2024
"""年报在2.2左右，4季度赚了4.4毛钱，跌到22可以加仓。""",2,4,2024
"""量化，转融通的受害股！""",2,3,2024
"""九丰能源：融资净买入101.35万元，融资余额9727.87万元（02-02）""",2,3,2024
"""九丰能源02月02日被沪股通减持29.71万股""",2,3,2024
"""董秘您好，请问公司现有几艘运输船？还在建造未交付的有几艘？""",2,6,2024
"""九丰能源明年的业绩将大幅增长，，，，。""",2,2,2024
"""天天阴跌无止尽！""",2,2,2024
"""又让九丰的高管们有借口回购了。拿股东的钱回购股票分给高管，双赢，真好！""",2,2,2024
"""23.9抄底三成，都是便宜东西""",2,2,2024
"""破了25，就会到20，21肯定能买到，这是我总结的规律。""",2,2,2024
"""大牛股下午涨停""",2,2,2024
"""散户重仓集中营""",2,2,2024
"""九丰能源：融资净买入105.86万元，融资余额9626.52万元（02-01）""",2,2,2024
"""九丰能源02月01日获沪股通增持30.65万股""",2,2,2024
"""吧里来了一个风掂，在每个帖子下回复很无脑的话。看语句逻辑感觉智商、学历都很低。此""",2,1,2024
"""[旺柴]最近跌的最狠的就是量化扎堆的中小盘股，哪些股最近狂砸出货的就是量化控盘的""",2,1,2024
"""绩优股，买了就做长线投资，耐心持有等待美国加息！以后还想在25元以下买入那就只能""",2,1,2024
"""有没有回购注销计划来拯救这阴跌不止的股价？""",2,6,2024
"""咋回事啊，大盘涨，你又不跟了""",2,1,2024
"""都红了，你还绿油油""",2,1,2024
"""一直处于下跌通道，真弱啊，看中也不敢买了，再等等。""",2,1,2024
"""股价低于发行价，回购注销吧！""",2,1,2024
"""对于这个二级市场不理性的下跌，请问公司有无任何对策？""",2,6,2024
"""感觉今天危险""",2,1,2024
"""九丰能源：融资净偿还866.37万元，融资余额9520.66万元（01-31）""",2,1,2024
"""九丰能源01月31日被沪股通减持12.86万股""",2,1,2024
"""硬抗了一天，尾盘泄了，明天再抗起来吧""",1,31,2024
"""长线牛股""",1,31,2024
"""公司要闻｜江南造船为九丰能源建造的93000立方米超大型液化气船提前一个月交付""",1,31,2024
"""您好！请问截至1月31号，公司股东人数是多少？谢谢""",2,6,2024
"""本来想着补完缺口可以买点，没想到更弱了，继续观望。这股感觉要废！""",1,31,2024
"""加仓了四阴不破阳，应该在洗盘""",1,31,2024
"""北上把机构摩擦的差不多了…[兴奋][兴奋][兴奋]""",1,31,2024
"""说实话，真的不希望上涨""",1,31,2024
"""真是厉害啊""",1,31,2024
"""跌破发行价还可以介入""",1,31,2024
"""国内这帮证券从业者真是够，一个个的研报都是为了配合出货的，你的心不会痛吗？""",1,31,2024
"""已经很强了，业绩不好的股都跌的惨不忍睹""",1,31,2024
"""随时飙。""",1,31,2024
"""涨一天，跌四天，全程只为套人啊，[大笑]""",1,31,2024
"""缺口已补，拉回可以买入，拉不回继续观望。""",1,31,2024
"""砸的不够…跌停还行，可以介入点""",1,31,2024
"""今天看你表现""",1,31,2024
"""九丰能源：融资净买入10.06万元，融资余额1.04亿元（01-30）""",1,31,2024
"""九丰能源01月30日被沪股通减持35.73万股""",1,31,2024
"""祝贺九丰能源购建93000立方米VLGC船（新紫荆花号）完成命名和交付""",1,30,2024
"""九丰能源：1月30日召开董事会会议""",1,30,2024
"""九丰能源:董事会议事规则""",1,30,2024
"""九丰能源:股东大会议事规则""",1,30,2024
"""九丰能源:2024年第一次临时股东大会决议公告""",1,30,2024
"""九丰能源:募集资金使用管理办法""",1,30,2024
"""九丰能源:防范控股股东及关联方占用公司资金专项制度""",1,30,2024
"""九丰能源:融资与对外担保管理办法""",1,30,2024
"""九丰能源:第三届监事会第一次会议决议公告""",1,30,2024
"""九丰能源:关于募投项目“购建1艘LPG运输船”实施完成的公告""",1,30,2024
"""九丰能源:关于选举产生第三届监事会职工代表监事的公告""",1,30,2024
"""九丰能源:关于董事会、监事会换届选举完成暨聘任高级管理人员、审计机构负责人、证券事务代表的公告""",1,30,2024
"""九丰能源:北京国枫律师事务所关于公司2024年第一次临时股东大会的法律意见书""",1,30,2024
"""九丰能源:会计师事务所选聘制度""",1,30,2024
"""九丰能源:第三届董事会第一次会议决议公告""",1,30,2024
"""九丰能源:公司章程""",1,30,2024
"""九丰能源:独立董事工作制度""",1,30,2024
"""装不下去了，补缺口去吧，补了我买点。。。""",1,30,2024
"""做股就做九丰，良心公司。""",1,30,2024
"""可以今天能红""",1,30,2024
"""今天又补了一点，降低成本""",1,30,2024
"""再说一遍卖房加仓年底至少翻倍年后至少十倍明年必定百倍十年必定万倍错过就是一辈子""",1,30,2024
"""九丰能源：融资净偿还67.81万元，融资余额1.04亿元（01-29）""",1,30,2024
"""九丰能源01月29日被沪股通减持44.66万股""",1,30,2024
"""都怪我今天加仓了两次""",1,29,2024
"""加仓买入不犹豫，赌明天大盘""",1,29,2024
"""就问你们服不服…？什么是利好？什么是利空…？股票上涨就是利好…下跌就是利空…[偷""",1,29,2024
"""不见兔子，不撒鹰！""",1,29,2024
"""跌无可跌，无需再跌。""",1,29,2024
"""上周九丰能源、聚灿光电等公司发布分红派息预案[24/01/29]""",1,29,2024
"""想让我交出带血的筹码吗？[偷笑]""",1,29,2024
"""还有多少老司机在九丰，我都一年半了""",1,29,2024
"""辛亏周五卖了你，看来又能抄底了""",1,29,2024
"""转发""",1,28,2024
"""九丰能源本周融资净偿还229.45万元，居燃气板块第十二""",1,28,2024
"""九丰能源本周沪股通持股市值减少6007.06万元，居燃气板块第一""",1,28,2024
"""九丰能源：融资净买入81.01万元，融资余额1.04亿元（01-26）""",1,27,2024
"""这个票盘子也不大，业绩也有支撑，没有游资进来拉一波呢""",1,26,2024
"""券商今日金股：7份研报力推一股（名单）""",1,26,2024
"""不需要市值管理吗，北向资金不吃货吗""",1,26,2024
"""都闪开…让主力先走""",1,26,2024
"""26.7价位随意砸…[兴奋]""",1,26,2024
"""研报一响，机构全跑""",1,26,2024
"""九丰能源于重庆投资成立清洁能源新公司""",1,26,2024
"""分析师大幅调整18股盈利预测，1股距离目标价仍12成上涨空间[24/01/26]""",1,26,2024
"""该跌停了吧…""",1,26,2024
"""继续砸""",1,26,2024
"""有人不让他涨，发了好几个研报""",1,26,2024
"""咱就是说研报魔咒嘛时候是个头""",1,26,2024
"""东吴证券维持九丰能源买入评级 预计2023年净利润同比增长20.65%""",1,26,2024
"""2023年业绩预告点评：优质分红成长稳健，能服+特气加速扩张""",1,26,2024
"""光大证券维持九丰能源买入评级 预计2023年净利润同比增长20.38%""",1,26,2024
"""多股获机构看好，目标涨幅最大146.64%(1-25)""",1,26,2024
"""九丰能源：融资净偿还15.5万元，融资余额1.04亿元（01-25）""",1,26,2024
"""九丰能源01月25日被沪股通减持168.62万股""",1,26,2024
"""因配偶短线交易公司股票，九丰能源时任副总经理杨小毅遭上交所监管警示""",1,25,2024
"""是了，掉头就是往60去了，这波利好明天不是涨停也起码5个点收盘""",1,25,2024
"""V观财报｜九丰能源副总经理杨小毅被监管警示：配偶短线交易""",1,25,2024
"""好冷清啊""",1,25,2024
"""燃气板块属你最牛。""",1,25,2024
"""关于对江西九丰能源股份有限公司时任副总经理杨小毅予以监管警示的决定""",1,25,2024
"""民生证券维持九丰能源推荐评级 预计2023年净利润同比增长20.56%""",1,25,2024
"""2023年业绩预告点评：23年利润同比高增，24年成长势头延续""",1,25,2024
"""赚7.6个点跑路了""",1,25,2024
"""尾盘减了一点出来""",1,25,2024
"""我先撤，去中字头抢钱，你们继续发财，年后再见。""",1,25,2024
"""今天是北上砸盘吧…？""",1,25,2024
"""九丰能源涨超7%，预计2023年归母净利润同比增长19.27%-22.03%""",1,25,2024
"""加油板""",1,25,2024
"""九丰能源股价异动 2023年净利润预计增长19.27%—22.03%""",1,25,2024
"""1000万就拉涨停，红海局势越来越紧张，直接拉涨停板""",1,25,2024
"""爽！""",1,25,2024
"""23年预计归母净利润符合预期，提升股东回报彰显长期发展信心""",1,25,2024
"""德邦证券上调九丰能源买入评级 预计2023年净利润同比增长21.66%""",1,25,2024
"""冲过20天线减仓，换煤炭股[得意]""",1,25,2024
"""九丰能源、中国石油共同成立能源科技新公司""",1,25,2024
"""重大利好来了，九丰和中国石油联姻成立能源科技新公司""",1,25,2024
"""九丰能源、中国石油共同成立能源科技新公司""",1,25,2024
"""分红+业绩展望，白马股已经明牌""",1,25,2024
"""中泰证券维持九丰能源买入评级 预计2023年净利润同比增长19.92%""",1,25,2024
"""三大业务稳步推进，看好未来持续成长""",1,25,2024
"""明显被人打压了，上次果断增持没起作用，公司只能发布大利好，寄希望于广大股民""",1,25,2024
"""无论怎么看数据和财报都觉得这个价格被低估了[摊手]""",1,25,2024
"""国盛证券维持九丰能源买入评级 预计2023年净利润同比增长20.38%""",1,25,2024
"""九丰能源：融资净偿还155.97万元，融资余额1.04亿元（01-24）""",1,25,2024
"""2023年净利预增两成 九丰能源实控人提议现金分红""",1,25,2024
"""意欲何为？九丰能源“意外”透露2024年业绩展望""",1,24,2024
"""这股看来以后适合做长线了""",1,24,2024
"""说别的都没用！就问明天能不能涨3%？""",1,24,2024
"""得，业绩预增，提议分红，再加研报，明天又是冲高回落发套的一天，不收绿就得念佛了""",1,24,2024
"""A股没有价值投资，北向资金一直在买入，股价一直在趴着，谁在压盘，给谁压""",1,24,2024
"""九丰能源：2023年净利润预增19.27%-22.03% 实控人提议2023年10派4元""",1,24,2024
"""这个热点蹭得不错。今天下午证监会刚刚开会，表态要让长期回报高的公司成为市场典范，""",1,24,2024
"""公司实控人占了快60%的股份，现在赚了点钱就大比例分红，把钱分到自己的口袋，公司""",1,24,2024
"""九丰能源(605090.SH)：预计2023年净利润同比增长19.27%到22.03%""",1,24,2024
"""九丰能源2023年净利润预增19%-22% 2024年目标不低于15亿元""",1,24,2024
"""九丰能源(605090.SH)发预增，预计2023年净利13亿元到13.3亿元，同比增长19.27%到22.03%""",1,24,2024
"""九丰能源(605090.SH)实控人提议公司2023年年度现金分红每10股派4元""",1,24,2024
"""九丰能源：实控人提议2023年向全体股东每10股派发现金红利4元""",1,24,2024
"""善啊""",1,24,2024
"""九丰能源：预计2023年归母净利润13亿-13.3亿元 预计2024年盈利不低于15亿元""",1,24,2024
"""九丰能源：预计23年年度归母净利润同比增长19.27%至22.03%""",1,24,2024
"""九丰能源-2024年度业绩预告（01-25）""",1,24,2024
"""九丰能源：2023年净利同比预增 实控人提议现金分红""",1,24,2024
"""九丰业绩好，盘子也不大，看盘面主力控盘的，就是不涨。这个市场看业绩看公司质地买股""",1,24,2024
"""九丰能源:关于实际控制人提议持续提高股东回报暨2023年度现金分红的公告""",1,24,2024
"""九丰能源:关于2023年度业绩预告、股东回报暨2024年度业绩展望的公告""",1,24,2024
"""没人去问最新股东数吗？""",1,24,2024
"""请问近期公司经营上出现了重大的失误？或者有什么利空消息提前让机构知道了？""",1,25,2024
"""丢啊""",1,24,2024
"""24铁底。""",1,24,2024
"""才进就退场，认输出啦，亏一个点，厉害，果然明牌的东西都是为啦割韭菜的""",1,24,2024
"""这波下去，无底可守了，直接看16了，价值回归啊[滴汗]""",1,24,2024
"""对于公司二级市场估价阴跌不止，请问公司有什么对策？""",1,25,2024
"""又补了两万股等两年翻两番""",1,24,2024
"""砸过头了，还有获利盘吗？""",1,24,2024
"""最近散户进来不少，必须洗一洗""",1,24,2024
"""九丰能源：融资净买入53.5万元，融资余额1.05亿元（01-23）""",1,24,2024
"""九丰能源01月23日被沪股通减持24.69万股""",1,24,2024
"""董秘你好！新试航的船什么时候交付？""",1,25,2024
"""目前公司二级市场股票价格已经严重低估了，请问公司有没有管理层人员有计划增持二级市""",1,25,2024
"""开心了""",1,23,2024
"""这波掉头应该能到60了""",1,23,2024
"""九丰能源：连续3日融资净偿还累计579.06万元（01-22）""",1,23,2024
"""九丰能源01月22日被沪股通减持26.3万股""",1,23,2024
"""作为一个小散户，当你突然间发现，某一时刻，你把手上的股票全部卖掉，可以瞬间把股票""",1,22,2024
"""又要回20了""",1,22,2024
"""只认趋势（5）""",1,22,2024
"""九丰能源:2024年第一次临时股东大会会议资料""",1,22,2024
"""公司经营比较稳定，建议公司能进一步提高现金分红，比如将现金分红比率提高每年盈利的""",1,25,2024
"""大A继续砸，砸到强平仓就好了""",1,22,2024
"""我竞价又进来抄底了，不好意思大家我又来了，明天继续砸我继续加仓[笑哭]""",1,22,2024
"""哟，跌这么厉害呢，空仓无压力，欢喜过大年。你们慢慢等反转""",1,22,2024
"""跌成笑话了""",1,22,2024
"""明天千股涨停""",1,22,2024
"""目前公司股价严重低于公司的价值，强烈建议公司回购""",1,25,2024
"""最后的疯狂。""",1,22,2024
"""是我害了大家，我周五本来想让大家买冲高再跑，谁知道尾盘都没冲高，一看人气上来资金""",1,22,2024
"""这么多筹码集中去哪了？""",1,22,2024
"""月线调整，本月没机会""",1,22,2024
"""这个股唯一厉害的主力不放量就完成啦出货，出货在拉升过程中出的，高位接盘都是散户，""",1,22,2024
"""股息率太低，起码腰斩一次才有长线投机价值[得意]""",1,22,2024
"""您好！请问截至1月20号，公司股东人数是多少？谢谢！""",1,25,2024
"""尊敬的董秘您好！请问贵司当前股东人数是多少？谢谢！""",1,25,2024
"""中泰证券首次给予九丰能源买入评级 预计2023年净利润同比增长19.92%""",1,21,2024
"""同心多元化战略明确，特气矩阵加速成长""",1,21,2024
"""九丰能源本周融资净偿还233.59万元，居燃气板块第八""",1,21,2024
"""九丰能源本周沪股通持股市值减少3644.71万元，居燃气板块第一""",1,21,2024
"""九丰集团与永安电力、中富石油、永宁总公司举行股权合作签约仪式""",1,20,2024
"""九丰能源：融资净偿还79.35万元，融资余额1.07亿元（01-19）""",1,20,2024
"""九丰能源01月19日被沪股通减持120.56万股""",1,20,2024
"""下周一开盘冲高是逃跑的机会，大盘后市要看看2646点那个支撑位的有效性。轻仓是最""",1,19,2024
"""放一年翻一翻""",1,19,2024
"""不看了，资金流入满仓就是干，马上拉涨停，没买的可以买了，机会不等人，这波要翻倍""",1,19,2024
"""把钱还我。我不玩了[哭][哭][哭]""",1,19,2024
"""九丰能源：融资净偿还307.24万元，融资余额1.08亿元（01-18）""",1,19,2024
"""九丰能源01月18日获沪股通增持34.51万股""",1,19,2024
"""新老朋友今天又走了多少？我在这给你们站岗[晕]5月份就刚好两年了，满仓待涨…目标""",1,18,2024
"""超出认知的一天""",1,18,2024
"""[笑哭][笑哭][呲牙]""",1,18,2024
"""雪""",1,18,2024
"""各位股东跌到什么价位能买""",1,18,2024
"""股托害人""",1,18,2024
"""幸好30块的时候卖掉了""",1,18,2024
"""没离目标又进了一大步""",1,18,2024
"""那些头铁的，嘴硬的，说啦要跌还在那一直唱多。""",1,18,2024
"""跌到25下面加仓，等年报行情。""",1,18,2024
"""——""",1,18,2024
"""九丰能源：融资净买入293.45万元，融资余额1.11亿元（01-17）""",1,18,2024
"""九丰能源01月17日被沪股通减持19.7万股""",1,18,2024
"""九丰能源：公司期货和衍生品业务在审批额度范围内有序开展""",1,17,2024
"""九丰能源：目前公司船队运力充足 自主控制的运输船均在正常、安全运营中""",1,17,2024
"""九丰能源(605090.SH)：公司长约资源来自东南亚，船运不经过红海""",1,17,2024
"""九丰能源：公司长约资源来自东南亚 船运不经过红海""",1,17,2024
"""有2023年年报预告吗？""",1,25,2024
"""最好跌破26…跌到25.2左右加仓""",1,17,2024
"""儿子可以出货了…""",1,17,2024
"""一手一手的成交是主力吗？""",1,17,2024
"""彻底躺平…爱咋咋地""",1,17,2024
"""连续十个""",1,17,2024
"""九丰能源：融资净买入133.44万元，融资余额1.08亿元（01-16）""",1,17,2024
"""今天北上继续买买买…""",1,16,2024
"""最糟糕的情况，没人愿意割肉，没有资金做多，只好缩量阴跌""",1,16,2024
"""不到25不要碰""",1,16,2024
"""病负担走势""",1,16,2024
"""20等你""",1,16,2024
"""融资融券的票不可能上涨太多的…""",1,16,2024
"""1年半的股东了，仓位1/3，成本10元，做其它票去了，不会再减持了，看5年后能不""",1,16,2024
"""九丰能源：连续3日融资净偿还累计845.05万元（01-15）""",1,16,2024
"""看好你今年翻一番""",1,16,2024
"""九丰能源01月15日被沪股通减持39.55万股""",1,16,2024
"""九丰能源购建93000方VLGC船（新紫荆花号）顺利完成试航""",1,15,2024
"""20等你""",1,15,2024
"""赶紧卖，要跌了""",1,15,2024
"""这么快就召开第一次股东大会，这效率是不是值得点赞！23年业绩肯定很好的了！[赞]""",1,15,2024
"""原计划1月10日交付的两艘船呢？是否自己交付了？""",1,15,2024
"""今天能给个机会吗？""",1,15,2024
"""注意！九丰能源将于1月30日召开股东大会""",1,14,2024
"""九丰能源：1月14日召开董事会会议""",1,14,2024
"""星期天都不休息呀，发那么多公告！""",1,14,2024
"""九丰能源:董事会薪酬与考核委员会工作细则""",1,14,2024
"""九丰能源:董事会提名委员会工作细则""",1,14,2024
"""九丰能源:独立董事候选人声明与承诺(李胜兰)""",1,14,2024
"""九丰能源:期货和衍生品交易业务管理制度""",1,14,2024
"""九丰能源:关于修订《公司章程》及制定、修订相关制度的公告""",1,14,2024
"""低成本海气进口+下游顺价弹性，没得说了…""",1,14,2024
"""深圳城燃顺价启动，华南有望跟进，低价格海气+终端价格笼子打开，九丰加油！""",1,14,2024
"""九丰能源:内部控制管理制度""",1,14,2024
"""九丰能源:独立董事候选人声明与承诺(王新路)""",1,14,2024
"""九丰能源:独立董事专门会议工作细则""",1,14,2024
"""九丰能源:中国国际金融股份有限公司关于公司调整募投项目投入金额的核查意见""",1,14,2024
"""九丰能源:董事会战略与ESG委员会工作细则""",1,14,2024
"""九丰能源:董事会提名委员会关于公司第三届董事会董事候选人的审查意见""",1,14,2024
"""九丰能源:第二届董事会第三十二次会议决议公告""",1,14,2024
"""九丰能源:关于董事会、监事会换届选举的公告""",1,14,2024
"""九丰能源:独立董事提名人声明与承诺(王新路)""",1,14,2024
"""九丰能源:独立董事候选人声明与承诺(周兵)""",1,14,2024
"""九丰能源:关于召开2024年第一次临时股东大会的通知""",1,14,2024
"""九丰能源:内部审计制度""",1,14,2024
"""九丰能源:关于调整募投项目投入金额的公告""",1,14,2024
"""九丰能源:董事会审计委员会工作细则""",1,14,2024
"""九丰能源:独立董事提名人声明与承诺(周兵)""",1,14,2024
"""九丰能源:信息披露管理制度""",1,14,2024
"""九丰能源:独立董事提名人声明与承诺(李胜兰)""",1,14,2024
"""九丰能源:第二届监事会第二十四次会议决议公告""",1,14,2024
"""九丰能源本周融资净偿还796.78万元，居燃气板块第三""",1,14,2024
"""九丰能源本周沪股通持股市值增加3895.87万元，居燃气板块第一""",1,14,2024
"""20等你""",1,14,2024
"""这个玩意是真恶心人啊""",1,13,2024
"""九丰能源：融资净偿还220.01万元，融资余额1.09亿元（01-12）""",1,13,2024
"""九丰能源01月12日获沪股通增持36.41万股""",1,13,2024
"""我早盘竞价卖了，买了三角，不亏损""",1,12,2024
"""大鹏展翅？""",1,12,2024
"""年报增长20%，每股收益在2.12元，每股分红1元。""",1,12,2024
"""只要大家一股不卖，让买的都在涨停价买，方能自救""",1,12,2024
"""今天正式关注这个股票，买了几十手试试水，希望下午涨停""",1,12,2024
"""季5线看下。有缘人""",1,12,2024
"""社保基金养老金高位应该跑完了，到25下面可以抄底""",1,12,2024
"""过三个月再来吧""",1,12,2024
"""2023.12.29的解禁提前几个月早早的公告，而2024.1.15的解禁却只提""",1,12,2024
"""25下面可以炒底，等年报行情。""",1,12,2024
"""九丰能源：融资净偿还351.15万元，融资余额1.11亿元（01-11）""",1,12,2024
"""九丰能源01月11日获沪股通增持36.62万股""",1,12,2024
"""整个上升通道没有破坏的情况下、主力资金并没有立场的情况下、利好并没有兑现的情况下""",1,11,2024
"""这是在卖公司啊！""",1,11,2024
"""我己经找不到脸在哪了，我那历害的娘啊！""",1,11,2024
"""谁能把那一坨铲出去呀""",1,11,2024
"""可以建仓了""",1,11,2024
"""目前公司的每一艘船都在安全运行中吗？""",1,17,2024
"""卖了。看空的别说咱们悄悄的做空挣钱就行了""",1,11,2024
"""再跌2块我介入…24.5左右介入""",1,11,2024
"""再好的股吹很啦都不行，22年九丰大底，九丰第二个九安，23年又来几个，[大笑]""",1,11,2024
"""好了，现在没借口了？不怪大盘了？""",1,11,2024
"""已经加满仓，大盘这么好今天肯定会红""",1,11,2024
"""26.78加的仓""",1,11,2024
"""你虽虐我千百遍，我仍待你如初恋，满仓梭哈了""",1,11,2024
"""四季度期货亏损多少金额？""",1,17,2024
"""真是不行了，又要解禁，没人敢拉""",1,11,2024
"""虽然止跌了，但没有量啊""",1,11,2024
"""九丰未动，买入中百集团。""",1,11,2024
"""请问公司的船运回来的时候是否要经过红海？红海事件有没有给公司产生不良影响？""",1,17,2024
"""27以下了，有敢买的吗？我还要再等等。""",1,11,2024
"""生出来到现在从来没有这么硬气过，尽然没有竞价""",1,11,2024
"""今天停盘了""",1,11,2024
"""您好！请问截至1月10号，公司股东人数是多少？谢谢！""",1,17,2024
"""九丰能源：融资净买入59.97万元，融资余额1.15亿元（01-10）""",1,11,2024
"""九丰能源01月10日获沪股通增持40.24万股""",1,11,2024
"""九丰能源比很多公司好多了，但是这个市场确实出了问题。""",1,11,2024
"""九丰能源(605090.SH)：启动电解水制氢相关的技术储备工作""",1,10,2024
"""九丰能源(605090.SH)：截至目前，公司自主控制8艘运输船""",1,10,2024
"""60日线也破了，真不知道那些瞎唱多的，拿多少工资一天，那么狠""",1,10,2024
"""坚持自己的看法，那些阴阳怪气的东西少来我下面评论，我亏和赚和你一毛钱关系没有。""",1,10,2024
"""北上今天全接…""",1,10,2024
"""走势看不懂了，九丰出三成仓，亚振出全仓，留现金观望。""",1,10,2024
"""20等你""",1,10,2024
"""走了走了[为什么]看不明白""",1,10,2024
"""有缘人季5线23.76元""",1,10,2024
"""真佩服你们这些吹牛逼的，明明拐头向下趋势，硬吹啊""",1,10,2024
"""真好，又是倒数第一名。不行跌停吧""",1,10,2024
"""九丰能源：融资净偿还453.77万元，融资余额1.14亿元（01-09）""",1,10,2024
"""九丰能源01月09日被沪股通减持68.55万股""",1,10,2024
"""外资天天买，天天跌""",1,9,2024
"""九丰能源(605090.SH)约253.18万股限售股将于1月15日上市流通""",1,9,2024
"""九丰能源：部分可转债解除锁定前转股产生的限售股上市流通""",1,9,2024
"""九丰能源:关于提前归还部分暂时补充流动资金的闲置募集资金的公告""",1,9,2024
"""九丰能源:关于部分可转债解除锁定前转股产生的限售股上市流通的公告""",1,9,2024
"""九丰能源:中信证券关于公司部分可转债解除锁定前转股产生的限售股上市流通的核查意见""",1,9,2024
"""九丰集团荣获国家管网“卓越诚信合作伙伴”奖 ，四川华油中蓝荣获“开拓进取合作伙伴”奖""",1,9,2024
"""少说多做，珍惜筹码，逢低加仓。股吧不言，后会有期。[抱拳][抱拳][抱拳]""",1,9,2024
"""诱多成功…""",1,9,2024
"""筹码过去集中所以要绿下去咯哈哈哈哈[看空][看空][看空][看空][看空][看空""",1,9,2024
"""这波相信大盘反弹昨天加仓做T,成功[笑哭]""",1,9,2024
"""筹码过于集中，导致成交量明显萎缩，坐等放量突破""",1,9,2024
"""调整到位。""",1,9,2024
"""今天大盘反弹已定""",1,9,2024
"""就是干！股价拉的比兔子还快[笑哭][笑哭][笑哭]""",1,9,2024
"""九丰未动，出了海通发展，买入亚振家居。""",1,9,2024
"""请问公司最近有船要交付吗？""",1,10,2024
"""不服就是干[得意][得意][得意]""",1,9,2024
"""九丰能源：融资净买入168.17万元，融资余额1.19亿元（01-08）""",1,9,2024
"""九丰能源01月08日获沪股通增持100.8万股""",1,9,2024
"""老朋友都走了吗[大笑]我继续躺着…不到50不清仓""",1,8,2024
"""九丰能源:关于董事会和监事会换届选举暨征集候选人的提示性公告""",1,8,2024
"""卖不到高点""",1,8,2024
"""明天继续跌，刹不住啦[大笑]""",1,8,2024
"""早就说啦下跌趋势中，还不信，有的跌慢慢磨""",1,8,2024
"""有缘人看下季5线在哪哈""",1,8,2024
"""箱体破位，止损出局，一股不留""",1,8,2024
"""水下已入，欧耶！""",1,8,2024
"""加仓""",1,8,2024
"""才2000万就能砸2个点下来，可想而知筹码有多集中""",1,8,2024
"""应该可以补了""",1,8,2024
"""2个点加半层，加到2.5层""",1,8,2024
"""啥时候没有拖啦，啥时候结束，继续买吧，根本买不完""",1,8,2024
"""主力吸筹珍惜筹码太珍贵了别轻易卖不然买不回来好股大利好""",1,8,2024
"""九丰能源本周融资净买入486.04万元，居燃气板块第一""",1,7,2024
"""九丰能源本周沪股通持股市值增加2787.22万元，居燃气板块第二""",1,7,2024
"""不求卖在最高点，也不求买在最低点。出去浪了一圈，有得有失，周一我又回来啦[微笑]""",1,6,2024
"""W低构造完成，下周开启上涨之路""",1,6,2024
"""红海航线一一仃船一一运费上涨""",1,6,2024
"""九丰能源：融资净偿还501.3万元，融资余额1.17亿元（01-05）""",1,6,2024
"""九丰能源01月05日获沪股通增持46.8万股""",1,6,2024
"""九丰能源大包，巨大""",1,5,2024
"""只认趋势（2）""",1,5,2024
"""预报马上来，提前潜伏好时机""",1,5,2024
"""九丰又有新签约！氢能和特气新突破！~""",1,5,2024
"""减持不用公告，可以随便抛啦，[好困惑]要命，撤退啦，你们继续坚守吧，反转在买进，""",1,5,2024
"""北上继续抄底""",1,5,2024
"""洗一洗小散们""",1,5,2024
"""破26.42介入""",1,5,2024
"""请问贵公司在氢能源方面开展了哪些工作，取得了怎么样的成效？""",1,10,2024
"""18:14:56【七部门：加快液化天然气（LNG）、甲醇、氨、电池等动力形式的绿""",1,5,2024
"""别割肉了兄弟，留点根做种""",1,5,2024
"""广东九丰集团有限公司签订了“共建大规模氢能全产业链工业性示范工程的合作协议”""",1,5,2024
"""跌停破26介入还可以""",1,5,2024
"""一群散户喊涨，目前来看短期震荡，涨是不可能的，啥时候把坑挖出来啦再看涨""",1,5,2024
"""20等你""",1,5,2024
"""收集很多筹码了吧…！真能笑死个苍蝇""",1,5,2024
"""这样的洗盘有何意义…？有几个散户能卖的…？""",1,5,2024
"""真愁死了，垃圾啊，""",1,5,2024
"""利好在路上，耐心胜过黄金，拿住筹码，离爆发不远了""",1,5,2024
"""都散了吧，业绩好没主力玩，说明游击队在下面埋了什么""",1,5,2024
"""仓位几天未动了，今日出了广深铁路，九丰加了一层仓，加仓海通，下午有机会T出来。""",1,5,2024
"""现在只有等3月份的年报行情了""",1,5,2024
"""天天就是翻来覆去的洗""",1,5,2024
"""买入的好时机来了""",1,5,2024
"""久等吃好面今天一碗大面多头一定不要走哈要狠狠地吃饱""",1,5,2024
"""九丰能源：连续6日融资净买入累计1698.05万元（01-04）""",1,5,2024
"""火箭都要发，你的油料库搞好没有。一年可以发16发，以后可能40发左右。还不发""",1,4,2024
"""这股主力洗盘特别狠，怪不得散户给洗光了，佩服""",1,4,2024
"""20日线和布林线中轨的压制今天要是能突破，趋势就走好了""",1,4,2024
"""新一轮涨升要展开。""",1,4,2024
"""煤这么涨。你也是能源啊""",1,4,2024
"""昨天没涨停，今天再拉一波""",1,4,2024
"""从今天开始带SHI的是不是出入自由了，被这搅SHI棍搅了一年多了，郁闷""",1,4,2024
"""一年时间，4.4万股东人数，洗到1.9万人数，呵呵^_^""",1,4,2024
"""九丰能源：连续5日融资净买入累计1512.21万元（01-03）""",1,4,2024
"""九丰能源01月03日获沪股通增持44.4万股""",1,4,2024
"""九丰能源买了怎么办？？？""",1,4,2024
"""九丰能源：截至2023年12月31日“可转债”累计转股约382万股""",1,3,2024
"""九丰能源:关于持股5%以上股东持股比例被动稀释至5%以下的权益变动提示性公告""",1,3,2024
"""九丰能源:简式权益变动报告书""",1,3,2024
"""九丰能源:关于可转债转股结果暨股份变动的公告""",1,3,2024
"""九丰能源(605090.SH)：截至2023年12月31日，公司股东总人数为19792户""",1,3,2024
"""股东户数下降是好事，但总感觉闷不啃声才好，现在散户都知道了，恐怕不易拉升""",1,3,2024
"""一年比点时间股东数从5.8万人下降到1.97万人，人均市值从11万到36.88万""",1,3,2024
"""20等你""",1,3,2024
"""等着九丰讲故事[呲牙]""",1,3,2024
"""九丰能源股东户数下降24.30%，户均持股36.88万元""",1,3,2024
"""明天高开穿M20[微笑]""",1,3,2024
"""那位大哥这么猛，尽然风平浪静，不知不觉就进去了，怎么做到的""",1,3,2024
"""有冲动的感觉，怎奈跟风盘不足。""",1,3,2024
"""压单必涨""",1,3,2024
"""请问，公司在氢能方面的布局有具体进展吗？取得怎样的成绩？""",1,10,2024
"""今天拉个涨停吧""",1,3,2024
"""中国神华都创15年新高了，你还在磨蹭什么？难道煤炭比天然气更好吗？""",1,3,2024
"""有5个点够跌了…""",1,3,2024
"""大哥，你是不是有雷啦，业绩这么好，没人买？""",1,3,2024
"""正宗的去散户化走势…[偷笑]""",1,3,2024
"""我以为我网卡了，晕死，没人竞价，这么过分的？""",1,3,2024
"""九丰能源：连续4日融资净买入累计793.57万元（01-02）""",1,3,2024
"""这个股还有大的利空吗""",1,2,2024
"""我看华润材料、顺发恒业等很多公司已经发了年末的股东人数，请公司正面回复下截止到2""",1,3,2024
"""忙了一天，就这？""",1,2,2024
"""老规矩收盘绿明天大跌""",1,2,2024
"""低于27买一点。""",1,2,2024
"""离LNG船交付使用越来越近了""",1,2,2024
"""九丰未动，T出了3个点的海通发展，开了新仓广深铁路。""",1,2,2024
"""24年重点配置""",1,1,2024
"""此股今天量有点大，有可能在拉升过程中，主力跑掉一部分，年底的股东人数可能会明显增""",12,31,2023
"""春江水暖鸭先知，23年是牛市初期的躁动，有头脑的老投资者，已开始有所斩获，今后十""",12,31,2023
"""重点关注""",12,31,2023
"""$九丰能源(SH605090)$""",12,30,2023
"""弱弱的问吧里的那几位空哥一下，唱空真实收钱能收多少啊，帮港狗收那么多便宜筹码，方""",12,30,2023
"""东方财富APP搜“年账单”，解锁你的2023年投资成就~""",12,30,2023
"""掐指一算，2024小九有机会""",12,30,2023
"""2024[买入][上涨][财神]""",12,30,2023
"""年度收市了，也马上结年了，股票表现优秀，期待年度业绩表现[旺柴]""",12,30,2023
"""23年涨了快40个点，还有这么多人不满意，真不知道咋想的，外面跌成狗了""",12,30,2023
"""新年快乐，明年再战""",12,30,2023
"""元旦快乐，明年再战""",12,30,2023
"""元旦快乐，明年再战""",12,30,2023
"""转发""",12,30,2023
"""一群韭菜装大神啦""",12,29,2023
"""东方财富APP搜“年账单”，解锁你的2023年投资成就~""",12,29,2023
"""东方财富APP搜“年账单”，解锁你的2023年投资成就~""",12,29,2023
"""东方财富APP搜“年账单”，解锁你的2023年投资成就~""",12,29,2023
"""新年快乐""",12,29,2023
"""27.7出来，完了，被坑啊，要不要追""",12,29,2023
"""请问公司有没有计划停止参与转融通业务？""",1,3,2023
"""做空的柚子药完[大笑]""",12,29,2023
"""唱多的拖，太多啦，看自己的认知拿吧，有涨的可能，大概率是跌倒25块多""",12,29,2023
"""最后一天也不红？""",12,29,2023
"""[哈欠]""",12,29,2023
"""机会来了""",12,29,2023
"""卖了。""",12,29,2023
"""还要跌""",12,29,2023
"""让主力先""",12,29,2023
"""今天卖房加仓必定发财""",12,29,2023
"""都走完了吗？走完我就开始拉升啦！如果还在买进我就继续砸了哦""",12,29,2023
"""逆势大跌[滴汗]""",12,29,2023
"""这就是双头的杀伤力，没一根大阳不可能改变继续下的局面。""",12,29,2023
"""九丰能源：融资净买入196.35万元，融资余额1.08亿元（12-28）""",12,29,2023
"""九丰能源12月28日获沪股通增持17.23万股""",12,29,2023
"""资金净流入还跌成狗，谁能解释一下？""",12,28,2023
"""20等你""",12,28,2023
"""神仙打架，谁赢谁输。""",12,28,2023
"""没完没了了是吧""",12,28,2023
"""买了170万你这，拿了大半个月亏损9万离场，气爆了。靠着光伏今天找回了口大血""",12,28,2023
"""北上：买不完根本买不完""",12,28,2023
"""不要脸，人家一片红，你绿的好看""",12,28,2023
"""九丰能源荣获“2023年度上市公司董办优秀实践案例”""",12,28,2023
"""明天大跌。今天跑，明天进。就这样。我去新能源挣点回来了。""",12,28,2023
"""加仓吗""",12,28,2023
"""没量就没人气#新能源赛道反攻开启？#""",12,28,2023
"""原来最难的不是下跌有多可怕，是看着别人在飞舞。。。。。难受香菇金针菇。。。。""",12,28,2023
"""九丰能源：融资净买入69.62万元，融资余额1.06亿元（12-27）""",12,28,2023
"""九丰能源12月27日获沪股通增持33.66万股""",12,28,2023
"""九丰震荡上涨的概率比较大""",12,27,2023
"""九丰能源此股适合......""",12,27,2023
"""预计年报应有股本转赠和现金分红方案。""",12,27,2023
"""$九丰能源(SH605090)$""",12,27,2023
"""九丰、中创物流未动，加仓海通发展。""",12,27,2023
"""九丰能源：连续5日融资净偿还累计1875.37万元（12-26）""",12,27,2023
"""这个视角看九丰""",12,26,2023
"""今天有割肉的吗？""",12,26,2023
"""反人性的，人弃我取[可怜]""",12,26,2023
"""现在股市的走势还有买基金的吗？""",12,26,2023
"""幸好30卖了""",12,26,2023
"""这个股一群散户疯狂看好，毕竟股市赚钱事少数人，反着做，他们看多，等他们割出来在买""",12,26,2023
"""这标签看起来像个笑话""",12,26,2023
"""扭捏作态，小心闪了腰。""",12,26,2023
"""今作，九丰未动，割了依依，加仓中创物流和海通""",12,26,2023
"""九丰能源：连续4日融资净偿还累计1734.08万元（12-25）""",12,26,2023
"""我的九丰现在收益率30%左右，到目前为止没有动过任何卖出的想法。虽然看多看空是大""",12,25,2023
"""九丰能源(605090.SH)：153.38万股限售股12月29日解禁""",12,25,2023
"""但心的500多万股只有区区153.38万解禁，市值才4300多万元，影响不大，主""",12,25,2023
"""九丰能源：约153.38万股限售股12月29日解禁""",12,25,2023
"""九丰能源(605090.SH)约153.38万股限售股将于12月29日上市流通""",12,25,2023
"""九丰能源:中信证券关于公司向特定对象发行可转换公司债券挂牌转让事项的核查意见""",12,25,2023
"""九丰能源:中信证券关于公司非公开发行的部分限售股上市流通的核查意见""",12,25,2023
"""九丰能源:关于向特定对象发行的部分可转换公司债券解除锁定并挂牌转让的公告""",12,25,2023
"""九丰能源:关于非公开发行的部分限售股上市流通的公告""",12,25,2023
"""九丰能源12月26日会有一波像样的行情""",12,25,2023
"""九丰能源:中国国际金融股份有限公司关于公司2023年持续督导现场检查报告""",12,25,2023
"""30.1的本，折磨的实在受不了，亏损4W，泥膜……""",12,25,2023
"""这是干嘛呢，一个拼命买一个拼命卖吗，一来一回，6666666""",12,25,2023
"""新一轮上涨。""",12,25,2023
"""就差我那2万股是吗，给你了，实在拿不住了28.17割肉出局。""",12,25,2023
"""就差我那2万股，坚决走，实在拿不住了""",12,25,2023
"""关键节点，第一个起动涨停位会不会有支撑，周K月K收官会是什么样？还要面临小额解禁""",12,25,2023
"""压力位缩量 看看后边修复的强弱了 弱的话就可以不玩了""",12,25,2023
"""没有外资接盘，直接没有承接了，一泻千里了吗？""",12,25,2023
"""跌破26.85介入""",12,25,2023
"""这次知道多恶心了吧？""",12,25,2023
"""这个月开始回调了，解禁完了再说吧""",12,25,2023
"""听说你的气是澳大利亚那边，不走红海，跌什么呢？""",12,25,2023
"""纷争开始了加油跌跌停好加仓哈哈哈哈""",12,25,2023
"""今天就先涨个5个点稳定一下军心吧。。。。。。""",12,25,2023
"""今天不红盘，趋势就走坏了，期待今天心想事成收红盘""",12,25,2023
"""今作，九丰，依依未动，海通开盘20.29卖了19.36接回；中创物流加了二成""",12,25,2023
"""今天北上不交易，能看到谁砸盘了吧…丢国人的脸""",12,25,2023
"""华泰证券首次给予九丰能源买入评级 目标价35.7元""",12,25,2023
"""做个好梦，明天涨停[大笑]""",12,24,2023
"""九丰能源本周融资净偿还1665.54万元，居燃气板块第二""",12,24,2023
"""九丰能源本周沪股通持股市值增加565.98万元，居燃气板块第三""",12,24,2023
"""今天发现，我的贴被删除，不知道是什么原因。我也没有公布买卖点。有什么不妥吗？""",12,24,2023
"""民生证券维持九丰能源推荐评级 预计2023年净利润同比增长38.36%""",12,24,2023
"""事件点评：再收购华油中蓝12%股权，加码天然气产业布局""",12,24,2023
"""20等你""",12,23,2023
"""九丰能源：连续3日融资净偿还累计1345.94万元（12-22）""",12,23,2023
"""九丰能源12月22日被沪股通减持33.37万股""",12,23,2023
"""外资一直买，内资不愿拉""",12,22,2023
"""每日全球并购：九丰能源拟进一步收购华油中蓝12%股权传诺华制药和阿斯利康有意收购Cytokinetics（12/22）""",12,22,2023
"""下车的别后悔，上车的别高兴太早了。没有大的主力资金介入，只有游资做波段，大家注意""",12,22,2023
"""今天还有上车的吗？""",12,22,2023
"""九丰能源(605090)：稀缺的国产氦气、商业航天特气标的，“资源+终端”特气战略加速推进，8家机构给予“买入”评级""",12,22,2023
"""九丰能源拟1.05亿元买华油中蓝12%股权 股价涨0.49%""",12,22,2023
"""九丰最让人放心的就是利好不断""",12,22,2023
"""20等你""",12,22,2023
"""坚定看多""",12,22,2023
"""趋势彻底走坏，能走早点走，不能走的1月再补充。这个月没戏""",12,22,2023
"""看来打压还是内资…""",12,22,2023
"""九丰、依依股份未动，卖了宁波海运，加仓中创物流和海通""",12,22,2023
"""突然来个短线交易，又再拟一个收购，然后计算器冒烟事件又出来了，这个情况有个复杂，""",12,22,2023
"""https://wap.eastmoney.com/a/202312222940""",12,22,2023
"""近来美国天然气涨价了。全球天气极冷，需求大增""",12,22,2023
"""九丰能源：融资净偿还639.32万元，融资余额1.11亿元（12-21）""",12,22,2023
"""九丰能源12月21日获沪股通增持28.33万股""",12,22,2023
"""下有获利，上有套牢，有点麻烦""",12,22,2023
"""九丰能源拟继续增持华油中蓝 标的公司去年实现归母净利润2.6亿元""",12,21,2023
"""九丰能源：副总经理配偶买卖公司股票 构成短线交易""",12,21,2023
"""为什么是九丰""",12,21,2023
"""九丰能源：1.05亿元购买华油中蓝12%股权，进一步推进清洁能源业务发展战略""",12,21,2023
"""九丰能源(605090.SH)高管杨小毅亲属短线交易公司股票""",12,21,2023
"""九丰能源(605090.SH)拟进一步收购华油中蓝12%股权 推进清洁能源业务发展战略""",12,21,2023
"""九丰能源(605090.SH)：拟斥资1.05亿元收购华油中蓝12%股权""",12,21,2023
"""九丰能源:关于进一步购买四川华油中蓝能源有限责任公司12%股权的公告""",12,21,2023
"""九丰能源:关于公司高级管理人员亲属构成短线交易及致歉的公告""",12,21,2023
"""九丰能源(605090.SH)：截至目前，运营天然气井已增长至约110口""",12,21,2023
"""九丰能源：公司积极推动清洁能源业务高质量发展，加快能源服务与特种气体业务布局""",12,21,2023
"""分析九丰能源近一年来股东人数和股价的关系，预测未来趋势！""",12,21,2023
"""垃圾，造的什么孽，连指数的尾巴丁跑不过""",12,21,2023
"""公司四季度营业环境面临的较大的挑战是哪些？""",12,25,2023
"""看你翻红比堪比难产""",12,21,2023
"""公司天然气井下能服现在发展怎么样?请问服务了有多少口井了？""",12,21,2023
"""被量化玩坏了""",12,21,2023
"""主力被解禁资金吓到了，不敢拉""",12,21,2023
"""20等你""",12,21,2023
"""九丰的长约全部都在东南亚，不受影响，这波红海冲突，感觉又有不受影响的长约，又有8""",12,21,2023
"""今作，九丰、海通发展未动，依依减了二成仓位；11.82买入宁波远洋，11.7""",12,21,2023
"""星期四连竞价都不敢竞了？[为什么]""",12,21,2023
"""九丰能源：融资净偿还598.62万元，融资余额1.18亿元（12-20）""",12,21,2023
"""九丰能源12月20日获沪股通增持65.4万股""",12,21,2023
"""海上局势不稳，天然气，航运码头价格升高。今天没进的不知道还有多少机会""",12,20,2023
"""大盘不好，大家不要相互埋怨，看好坚守就是，看空就卖出""",12,20,2023
"""20等你""",12,20,2023
"""主力出货，几个拖一直唱多，看的真想笑""",12,20,2023
"""九丰第二个九安""",12,20,2023
"""不压到发行价不介入""",12,20,2023
"""大家别买，还要跌。""",12,20,2023
"""个股天天跌""",12,20,2023
"""主力不上班就没有不跌的理由，中国股市一直起不来是有原因的，一个做T就害死很多股了""",12,20,2023
"""刺激成功即将大涨""",12,20,2023
"""今作，九丰、依依未动，卖了美芝股份，17.21买入海通发展。""",12,20,2023
"""就问25.98慌不慌吧。。。。。。""",12,20,2023
"""九丰能源：融资净买入57.78万元，融资余额1.24亿元（12-19）""",12,20,2023
"""九丰能源12月19日获沪股通增持30.57万股""",12,20,2023
"""前天卖的，加进去了[微笑]""",12,19,2023
"""自从我进来，就不涨了，都是我的问题""",12,19,2023
"""大半个月前发过一次贴，自我做起不吹票。在这个十分特殊的点位实在忍不住了提一句：同""",12,19,2023
"""20等你""",12,19,2023
"""主力不出工，只能被动跟着往下沉。外面也不安全，抱定你了，是我的终归是我的。""",12,19,2023
"""今天飞昆明出差，落地开机一片绿油油。今天未操作。""",12,19,2023
"""必须的跌到24一下不然真套不住这群散户""",12,19,2023
"""直接跌停嘛，一点点跌最可恶了。唱多的那位卖房大哥，天天在这叫人买也不知啥意思""",12,19,2023
"""控盘力度太高了，大哥只想慢慢拉，过年到35当过年红包如何，拜托大哥们了真的是一股""",12,19,2023
"""完蛋了，估计要到24""",12,19,2023
"""请问有年报业绩预告吗？四季度乐观吗？""",12,21,2023
"""就问慌不慌吧。。。。。""",12,19,2023
"""今年冬天能源必是主线，停航+寒流风口主线""",12,19,2023
"""今天卖房买入必定发财""",12,19,2023
"""这个位置纠缠不休，向下的可能大。没到我的心理价位，继续拿着等待。""",12,19,2023
"""来回织布呢""",12,19,2023
"""31是顶嘛""",12,19,2023
"""没有资金参与进来，没有一鼓作气突破120分钟级别指标，再不来个大阳突破就危险了，""",12,19,2023
"""九丰除了海气自己没有开发外，其他管道是不是都已经打通了？""",12,19,2023
"""红尘来呀来去呀去，都是一场梦，顶住。。。。。。。。。。冲啊""",12,19,2023
"""昨天盘面又有好多500手，公司又在回购？""",12,19,2023
"""九丰能源：融资净偿还377.38万元，融资余额1.23亿元（12-18）""",12,19,2023
"""今天要低开，我就管不住手把做T的几万块钱全梭哈了""",12,19,2023
"""九丰能源12月18日被沪股通减持70.12万股""",12,19,2023
"""板块倒下了""",12,19,2023
"""九丰能源(605090.SH)：随着募投船舶的交付，公司能源物流服务业务有望实现较快增长""",12,18,2023
"""今后几天必走向？？？""",12,18,2023
"""控盘力度太高了，大哥只想慢慢拉[大笑]，过年到35当过年红包如何，拜托大哥们了[""",12,18,2023
"""管你怎么玩，我是等你们来抬轿子的[捂脸][捂脸][捂脸]""",12,18,2023
"""九丰能源：LNG与LPG船舶方面 截至目前 公司自主控制8艘运输船""",12,18,2023
"""九丰能源：截至2023年12月1日 公司回购计划实施完成 实际回购公司股份合计4075600股""",12,18,2023
"""谁知道12月29日解禁的股票增发价是多少？""",12,18,2023
"""无量反抽，下跌趋势""",12,18,2023
"""转发""",12,18,2023
"""20等你""",12,18,2023
"""1""",12,18,2023
"""九丰能源、依依股份、美芝股份末动，13.05买了点首华燃气。""",12,18,2023
"""要怎么可以让大家知道九丰有自己的船呢[想一下]""",12,18,2023
"""公司LNG船和LPG船一共几艘，全部自用吗？募投项目两艘船什么时候下水？""",12,18,2023
"""快报快报：两大航运“大动脉”罕见受阻！四大航运巨头宣布暂停航行！运输成本要大涨？""",12,18,2023
"""快报快报""",12,18,2023
"""跌停来了卖房买入发财了""",12,18,2023
"""红海停摆影响最大的就是液化天然气了，天然气又要涨涨涨了[鼓掌]""",12,18,2023
"""九丰能源本周融资净买入763.22万元，居燃气板块第五""",12,17,2023
"""九丰能源本周沪股通持股市值减少757.86万元，居燃气板块第二""",12,17,2023
"""20等你""",12,17,2023
"""一年后会发现现在这个位置还在山脚下，估值这么便宜，光清洁能源和能服业务撑这个价格""",12,17,2023
"""期待明天的表现""",12,17,2023
"""这个是寒潮概念吗""",12,17,2023
"""关注""",12,16,2023
"""不破就拿着，破了就走，我估摸着要有一波行情""",12,16,2023
"""九丰能源：融资净买入100.32万元，融资余额1.27亿元（12-15）""",12,16,2023
"""九丰能源12月15日获沪股通增持74.62万股""",12,16,2023
"""必经之路～～～""",12,15,2023
"""感觉九丰要泄了，后劲不足了，也不像出货，出货要拉高，要放量，筹码峰底部筹码没有松""",12,15,2023
"""头顶三炷香，不死也重伤。""",12,15,2023
"""走吧，赶紧走""",12,15,2023
"""可以狠砸…让北上赚钱""",12,15,2023
"""不跌停没有意义了""",12,15,2023
"""破26在说吧…""",12,15,2023
"""20天线一破20元还会远吗[大笑][大笑][大笑][大笑][大笑]""",12,15,2023
"""666大单拆成小单多比被动卖出，造成大资金净流入的假象，出生榜一""",12,15,2023
"""赶紧跌[想一下]""",12,15,2023
"""钝刀子割肉""",12,15,2023
"""20等你""",12,15,2023
"""没活力了~~""",12,15,2023
"""熟悉的味道，又有了启动前的感觉了，差不多了吧，真的会去碰一下20线？真的要有个大""",12,15,2023
"""靠，这是为什么啊，我可是卖了南京公用加仓的你的，真是啪啪啪打脸，南京公用50%收""",12,15,2023
"""这货不和板块同步""",12,15,2023
"""突然没人玩了，晕呼呼，唉，安静的等待......""",12,15,2023
"""涨跌随意些吧…""",12,15,2023
"""看看儿子如何演绎…""",12,15,2023
"""2""",12,15,2023
"""真垃圾啊[哭]""",12,15,2023
"""每天板块都涨不赢""",12,15,2023
"""开盘卖了安妮股份，买进南京公用和九丰；南京港、依依末动。""",12,15,2023
"""只要都不卖，跨年大妖必须是九丰""",12,15,2023
"""九丰能源：融资净偿还631.04万元，融资余额1.26亿元（12-14）""",12,15,2023
"""九丰能源12月14日获沪股通增持34.97万股""",12,15,2023
"""一个小平台，缺个大长腿""",12,14,2023
"""版块里最弱的，谁再吹，日S你！！！""",12,14,2023
"""该涨不涨，明天要向下了""",12,14,2023
"""板块倒数不要怕卖房买入有惊喜坐等发财一起拉拉拉""",12,14,2023
"""九封这个票是属于什么板块的""",12,14,2023
"""是不是有什么消息，看不明白""",12,14,2023
"""还龙头？别拖后腿[滴汗]""",12,14,2023
"""板块都涨两个点""",12,14,2023
"""最近一段时间了燃气这么强，不跟一跟嘛""",12,14,2023
"""九丰不是龙头了""",12,14,2023
"""太弱了""",12,14,2023
"""今天涨停[呲牙]""",12,14,2023
"""做t的人太多了""",12,14,2023
"""黄线不跟还是下来…""",12,14,2023
"""买了个什么玩意[捂脸]""",12,14,2023
"""3""",12,14,2023
"""九丰、中百、依依未动。南京港7.69加了一层仓，8.38买了安妮股份""",12,14,2023
"""今明两天再不上就成双头了。""",12,14,2023
"""做T的假外资昨天跑了[大笑]""",12,14,2023
"""九丰能源：连续5日融资净买入累计3428.94万元（12-13）""",12,14,2023
"""涨过了，还能串一串？""",12,14,2023
"""九丰能源12月13日被沪股通减持50.65万股""",12,14,2023
"""不好意，军团这里的配置全部清仓跑掉了，留下的发财""",12,13,2023
"""看明天的走势""",12,13,2023
"""今日总结，九丰T出2个点，中百集团被埋，今日建仓的南京港被埋4个多点，依依未动。""",12,13,2023
"""明天高开高走""",12,13,2023
"""压一单吃一单，什么节奏，反动不动，T也不做，继续继续""",12,13,2023
"""什么玩意""",12,13,2023
"""20等你""",12,13,2023
"""要洗的那么干净吗，没必要吧，板块走那么好机构给短线吃点肉吧……""",12,13,2023
"""这主力真废""",12,13,2023
"""吐血，还绿了""",12,13,2023
"""所有均线向上，做成这样你不要告诉我还选择向下吧。""",12,13,2023
"""今天30.45卖出九丰能源，27附近买回。完美t""",12,13,2023
"""真是弱""",12,13,2023
"""你浪费这行情了""",12,13,2023
"""31.5算不算压力位""",12,13,2023
"""30.25出昨天进的九丰能源，8.03买入南京港，中百集团、依然股份未动。""",12,13,2023
"""九丰能源：连续4日融资净买入累计2865.74万元（12-12）""",12,13,2023
"""九丰能源12月12日获沪股通增持61.55万股""",12,13,2023
"""建言献策助发展，凝心聚力共奋进！""",12,12,2023
"""明天下来我买点吧""",12,12,2023
"""美滋滋，九丰永远不会让耐心的人失望，劝大家不要被一些挑梁小丑搞坏心态[呲牙]""",12,12,2023
"""九丰能源：公司对外实际担保余额折合人民币共计约17.86亿元""",12,12,2023
"""九丰能源:关于公司及子公司为子公司提供担保的公告""",12,12,2023
"""九丰能源:关于发行股份、可转换公司债券及支付现金购买资产并募集配套资金实施进展的公告""",12,12,2023
"""双曲线二号验证火箭10日在中国酒泉卫星发射中心完成第二次飞行试验，九丰的产品能用""",12,13,2023
"""mb的，把我洗出去了，劳资吐血了""",12,12,2023
"""加油""",12,12,2023
"""20等你""",12,12,2023
"""这个主力……""",12,12,2023
"""建仓""",12,12,2023
"""红给我看""",12,12,2023
"""马上大降温，燃气估计要炒一波，加上业绩也还不错，可以适当买一点了""",12,12,2023
"""还不反转？""",12,12,2023
"""没用""",12,12,2023
"""今作，割了苏常柴A，24.52加仓九丰，今天合适的时候T出今天加仓的部分，继""",12,12,2023
"""准备好，面对惊喜吧。。。。。。最近股吧都这么冷静的吗？""",12,12,2023
"""九丰能源：连续3日融资净买入累计2519.02万元（12-11）""",12,12,2023
"""九丰能源12月11日被沪股通减持144.66万股""",12,12,2023
"""强弩之末""",12,12,2023
"""这个主力是洗王！""",12,11,2023
"""请问截止到12月，公司回购了多少数量？""",12,18,2023
"""大家要下车的可以下车了，不想下的系好安全带，不要被晃到了""",12,11,2023
"""善庄。""",12,11,2023
"""转发""",12,11,2023
"""先别急，等我两天""",12,11,2023
"""获利走了，落袋为安""",12,11,2023
"""我们股东要做的，就是期望他能上热门榜50名""",12,11,2023
"""东吴证券：全国一张网继续推进及运价下调 天然气资源流动性增强、需求释放""",12,11,2023
"""1国务院印发《空气质量持续改善行动计划》 大力发展新能源和清洁能源】""",12,11,2023
"""悔不当初啊！从九丰跑到立新能源，猪油蒙了心，被套一年多了，唉！""",12,11,2023
"""下来吧别装了""",12,11,2023
"""敢买就跌，不敢买就涨！""",12,11,2023
"""九丰能源12月11日盘中涨幅达5%""",12,11,2023
"""要卖的赶紧卖，不送了""",12,11,2023
"""[加仓][加仓][加仓][加仓][上涨][上涨][买入][买入][买入][买入]""",12,11,2023
"""[加仓][加仓][加仓][加仓][上涨][上涨][买入][买入][买入][买入]""",12,11,2023
"""恭喜大家今天涨停了，今天涨。""",12,11,2023
"""现价卖出的，不知道多钱买的啊？""",12,11,2023
"""下午又会绿了吗？主力真会玩，躺平主力你随意""",12,11,2023
"""28.32加仓九丰，5.38建仓中百集团；依依未动，择机出苏常柴。""",12,11,2023
"""连续五天高开低走了[滴汗]""",12,11,2023
"""怎么说。高开低走？""",12,11,2023
"""今天有没有强心计，来一计[围观]""",12,11,2023
"""看空的，建议销户""",12,11,2023
"""九丰能源本周融资净偿还149.06万元，居燃气板块第十""",12,10,2023
"""九丰能源本周沪股通持股市值增加5866.62万元，居燃气板块第二""",12,10,2023
"""能不能跌一跌，让我买进来""",12,10,2023
"""炒未来[大笑]""",12,10,2023
"""九丰能源：融资净买入1834.6万元，融资余额1.19亿元（12-08）""",12,9,2023
"""不给力啊还没破28真稳要发财了。。捏住必上500""",12,8,2023
"""盲猜收盘水下两个点""",12,8,2023
"""赶紧跑吧，这票也是不跑等死的票！！！！！！！""",12,8,2023
"""恶心给恶心开门，恶心到家了[怒]。""",12,8,2023
"""这股就这样喜欢刺激的可以移步新潮能源""",12,8,2023
"""有个说盯上我了，叫我不要拉黑他，现在倒好，把我给拉黑了。这个小丑在我贴下面莫""",12,8,2023
"""怎么这么弱，板块拖油瓶啊！""",12,8,2023
"""这个垃圾""",12,8,2023
"""燃气板块领涨，为什么还这副德性，什么想法来着，无语了""",12,8,2023
"""板块最拉""",12,8,2023
"""本月有解禁股不易追高，高抛低吸为上！""",12,8,2023
"""今作：集合竞价出北京文化，资金买入九丰能源，等合适的时机T一点九丰；依依未动""",12,8,2023
"""华油中蓝12%的股权在上海联交所转让，九丰大概率会接手吧？[大笑]""",12,8,2023
"""今天验证上车错了，还是没上车错了，反正涨了没上错了喷死，跌了上车的喷死，一起打乱""",12,8,2023
"""拿稳了，就算低开也别被洗下车了[大笑][大笑]""",12,8,2023
"""九丰能源：融资净买入300.4万元，融资余额1.01亿元（12-07）""",12,8,2023
"""九丰能源12月07日获沪股通增持51.26万股""",12,8,2023
"""明天涨停！！！""",12,7,2023
"""看样子又要开始涨了""",12,7,2023
"""国务院：大力发展新能源和清洁能源第一财经国务院印发《空气质量持续改善行动计划》。""",12,7,2023
"""上热门了怎么说，不会跌太多了吧[呲牙]""",12,7,2023
"""这年头，好心提醒下风险，被那些股托，没素质的人莫名其妙喷，你说你，看好就坚定持有""",12,7,2023
"""阶段底部。""",12,7,2023
"""还好上周五走了，当时就说了不少托和研报。就不是啥好事[笑哭]""",12,7,2023
"""坚定持有，今日份加仓[呲牙]""",12,7,2023
"""让儿子先走""",12,7,2023
"""浪费了一次好的趋势""",12,7,2023
"""这些险资机构是真的坏，怪不得散户游资不愿意来呢""",12,7,2023
"""直接点来个跌停26好上车[大笑][大笑]""",12,7,2023
"""最新回购完成了打算注销吗？""",12,12,2023
"""如果日线级别死叉，往下还得15个点左右""",12,7,2023
"""今作，高点卖了引力传媒，北京文化打开买了一点。九丰能源、依依股份持有未动。""",12,7,2023
"""人心不能太贪，31高点为什么不跑路，吃套的都是活该，坐等25以下接回来""",12,7,2023
"""在里面的都站岗了""",12,7,2023
"""精准诱多，厉害""",12,7,2023
"""九丰能源：融资净偿还981.58万元，融资余额9804.59万元（12-06）""",12,7,2023
"""九丰能源12月06日获沪股通增持45.62万股""",12,7,2023
"""社保有钱了，明天大举加仓[捂脸][捂脸][捂脸]""",12,6,2023
"""九丰能源(605090)：8家机构给予“买入”评级——稀缺的国产氦气、商业航天特气标的，“资源+终端”特气战略加速推进""",12,6,2023
"""还在不停的诱多，真厉害，下跌中的反弹，[大笑]看来25一下才是最安全的""",12,6,2023
"""第一目标回购上限，第二目标39.98，希望不要让我失望。""",12,6,2023
"""不要抱有幻想""",12,6,2023
"""今作，九丰28.70加一成仓位；依依股份未动，引力传媒在跌停板接了一点点，主""",12,6,2023
"""暂时不补仓，深度回调后视情况而定！""",12,6,2023
"""北上：买不完，根本买不完""",12,6,2023
"""走弱了""",12,6,2023
"""看好就坚定持有，今日份加仓[得意]""",12,6,2023
"""行情结束的，真快，88""",12,6,2023
"""最高点那50万我买的，好坑。湖北企业专坑湖北人。草了，买的南京好多了""",12,6,2023
"""主力还是不强啊""",12,6,2023
"""北向接盘，一般都是行情结束，不走就套着吧""",12,6,2023
"""九丰能源：融资净偿还1319.35万元，融资余额1.08亿元（12-05）""",12,6,2023
"""九丰能源12月05日获沪股通增持60.48万股""",12,6,2023
"""26元5毛，等""",12,6,2023
"""各位朋友，我们买股票都是为了挣钱，不是挣骂来了。每个人观点不同，可以各抒己见，看""",12,5,2023
"""29.7""",12,5,2023
"""转发""",12,5,2023
"""今作，九丰未动，坚持持有；依依股份加一层仓位，高位卖出有友食品，如明天低开较""",12,5,2023
"""收盘收回来，站上五日均线""",12,5,2023
"""加仓干就是了""",12,5,2023
"""九丰又获奖了，也不宣传下，真是务实又低调[赞][赞]""",12,5,2023
"""要有30万，今年不上班都可以了[呲牙]""",12,5,2023
"""不怕死的可以上了""",12,5,2023
"""被死主力坑了，站在了山顶，看这趋势还得下跌，先清仓避险，25以下再考虑接回来""",12,5,2023
"""今天破29.星期三破28星期四破27星期五破26星期五尾盘可以买回来""",12,5,2023
"""日线顶背离，拐头向下，[大笑]准备下一个平台洗盘吗""",12,5,2023
"""gameover""",12,5,2023
"""九丰能源：融资净买入16.86万元，融资余额1.21亿元（12-04）""",12,5,2023
"""九丰能源12月04日获沪股通增持36.51万股""",12,5,2023
"""这多日的上影线好吓人""",12,4,2023
"""那个小鱼不出来叨叨了吗[笑哭]，叽叽歪歪了几天就跌了几天""",12,4,2023
"""那个小鱼不了[笑哭]，哔哔了几天就连跌了几天""",12,4,2023
"""洗盘蓄势。""",12,4,2023
"""涨了赚了还不跑、过年没肉吃稻草！军团集结号""",12,4,2023
"""解禁""",12,4,2023
"""发这是啥意思？是亏傻了？""",12,4,2023
"""今天主打89""",12,4,2023
"""主力真的好心倒车接人…？谁信呢…跑吧""",12,4,2023
"""等26再入手""",12,4,2023
"""你是真kj""",12,4,2023
"""12月29号，这个月底解禁 525.6 万股""",12,4,2023
"""尾盘接一点，看看明天能不能做个T，感觉还得整几天""",12,4,2023
"""一起砸到主力爆仓""",12,4,2023
"""赶紧跑""",12,4,2023
"""今天跌停""",12,4,2023
"""小散快接下午涨停""",12,4,2023
"""所有的利好就是出货…还说啥呢""",12,4,2023
"""你下来叫小散接盘里，小散不瓜""",12,4,2023
"""今日九丰仓位未动，依依仓位未动，9.62开了一点有友食品小仓。""",12,4,2023
"""今天挺激烈""",12,4,2023
"""明年一季度业绩将会产生很大提升，拭目以待。""",12,4,2023
"""接盘侠上吧…[偷笑]""",12,4,2023
"""今天小目标32""",12,4,2023
"""周末利好多，九丰今天加速上34，开启C浪行情""",12,4,2023
"""九丰能源：未来能源服务有望实现较快增长""",12,4,2023
"""在高位最积极发言，上蹿下跳的人要小心了。不要理他""",12,3,2023
"""散户还敢跟进吗？现在离主力出货价已经差不多了，该走可以走了。""",12,3,2023
"""九丰能源本周融资净偿还1982.15万元，居燃气板块第一""",12,3,2023
"""九丰能源本周沪股通持股市值减少918.45万元，居燃气板块第二""",12,3,2023
"""主力也没耐心了。准备往上干了，没买的散户朋友赶紧上车。""",12,2,2023
"""吧里一堆唱多，加上什么什么研报。好像跑对了，下周五会告诉我答案的[偷笑]""",12,2,2023
"""官方文件！南京2所重量级新建学校释放重磅消息……""",12,2,2023
"""中国银河维持九丰能源推荐评级 预计2023年净利润同比增长19.82%""",12,2,2023
"""稀缺的国产氦气、商业航天特气标的，“资源+终端”特气战略加速推进""",12,2,2023
"""锁住底苍，锁住利润""",12,2,2023
"""70几亿，这么多机构来买。筹码不够分。散户朋友们多买点。莫让机构抢走了。""",12,2,2023
"""九丰能源下个月上60，看下高新发展就知道了""",12,2,2023
"""九丰能源：融资净买入272.75万元，融资余额1.21亿元（12-01）""",12,2,2023
"""九丰能源12月01日获沪股通增持31.79万股""",12,2,2023
"""九丰能源：公司完成回购 总计回购约408万股""",12,1,2023
"""九丰能源：对实现2024年15亿元利润考核目标有信心""",12,1,2023
"""【调研快报】九丰能源接待Tiger Global等多家机构调研""",12,1,2023
"""回购完成了，该调整了""",12,1,2023
"""前三季度总收入怎么减少了？""",12,1,2023
"""机构重仓的票都是走趋势，该加速冲一波了""",12,1,2023
"""感谢九丰一年让我获利43%了，原计划拿到100%，目前计划有变，博一下200%[""",12,1,2023
"""九丰能源:九丰能源:2023年11月7日至11月30日投资者关系活动记录表""",12,1,2023
"""九丰能源:关于以集中竞价交易方式回购公司股份进展暨回购计划实施完成的公告""",12,1,2023
"""走了一点点[大笑][献花]但是底仓要锁住""",12,1,2023
"""大神们走不走呢。""",12,1,2023
"""Pinbar形态，要回调了""",12,1,2023
"""太弱了，量也跟不上""",12,1,2023
"""请问截止到12月，公司回购了多少数量？""",12,6,2023
"""破30指日可待""",12,1,2023
"""这个价格已经很高了，不要激进冒险了""",12,1,2023
"""尾盘进场，兄弟们，下周有好戏""",12,1,2023
"""31.09进的，被5000手买盘大哥气质感动了。""",12,1,2023
"""继续等待。。。。。。""",12,1,2023
"""红盘直接进场，健稳的兄弟低吸进场""",12,1,2023
"""董秘你好，公司23年三季报显示公司营业总收入基本持平但净利润同比增加21.13%""",12,1,2023
"""猜猜是谁吃的？""",12,1,2023
"""庄家大单拉升进，小单打压跌，增仓积极呀！后市继续看好！""",12,1,2023
"""5000多手的是哪位？""",12,1,2023
"""九丰能源12月1日快速回调""",12,1,2023
"""观看神仙打架，刺激。""",12,1,2023
"""国内LNG价格暴涨""",12,1,2023
"""今天该那条臭鱼出来表演了，再来一波提示风险吧！C！""",12,1,2023
"""九丰能源：融资净偿还233.82万元，融资余额1.18亿元（11-30）""",12,1,2023
"""九丰能源11月30日被沪股通减持47.02万股""",12,1,2023
"""九丰能源605090本人系统2023-10-24日选出，经过20个交易日的整理，""",12,1,2023
"""九丰能源:九丰能源:2023年11月7日至11月30日投资者关系活动记录表""",12,1,2023
"""问一下还有套在里面的弟兄吗？""",11,30,2023
"""九丰利好连连，森泰能源天然气今年涨价30%，半导+航天军工概念。""",11,30,2023
"""最近酒疯这么上头，去年拿到现在都回本了[捂脸]，果然，只要拿着不动就不会亏""",11,30,2023
"""九转信号！惠发食品、太极集团、九丰能源出现触顶特征[23/11/30]""",11,30,2023
"""真诚的提一句：唱多的都是持有的兄弟，希望九丰能源走出跨年行情就不要再发帖吸引人，""",11,30,2023
"""收盘价（除权后）创上市以来新高，业绩概念独特，九丰疯起来""",11,30,2023
"""爽呀，死捂不卖正确了，坚信中国来牛市""",11,30,2023
"""从10月20日开始布局九丰能源，到目前己经收了30个点利润了，个人感觉趋势还在，""",11,30,2023
"""去年十二月森泰并入公司报表，请问今年森泰与公司并表了没有？""",12,1,2023
"""全体安静，安静，安静""",11,30,2023
"""最靓的仔。""",11,30,2023
"""听说又合并一个公司，市值按常理是会增加，所以股票会大涨。想知道增加的公司实力如何""",11,30,2023
"""九丰能源(605090.SH)：前三季度森泰能源实现良好、稳定经营""",11,30,2023
"""明年春时涨至99元左右""",11,30,2023
"""一直看一直看，就是不买就是在涨[好困惑]""",11,30,2023
"""快跑，明天低吸""",11,30,2023
"""2年了，终于解套了，出还是不出？""",11,30,2023
"""走了""",11,30,2023
"""今天31，明天32，。。。。。。。。。""",11,30,2023
"""第二目标31今天已经达到，第三目标不知道要定多少？你们说了算。""",11,30,2023
"""今天走的全是股神""",11,30,2023
"""极为稀缺的卫星互联网耗材龙头""",11,30,2023
"""谁能告诉我燃气股那个是每年业绩好，分红高，资金喜欢的""",11,30,2023
"""你咋又涨了""",11,30,2023
"""就是玩个概率，最近亏了好几次打板了，看它了""",11,30,2023
"""再添一把火""",11,30,2023
"""九丰给洗？快，年底商业年货行情点火？银座股分历史底一字横必拉，周线和月线堆量，罕""",11,30,2023
"""关于绿色办公、低碳生活的倡议书""",11,30,2023
"""后市可期[吃瓜]""",11,30,2023
"""主力在卖，谁在买，小散在买你说能涨吗了""",11,30,2023
"""这个上方没有套牢盘了。""",11,30,2023
"""今天能板早板了，""",11,30,2023
"""主力不拉板，是让散户接盘里，""",11,30,2023
"""太厉害了宝贝们""",11,30,2023
"""无语了，又卖亏了""",11,30,2023
"""本人启动前24.5元左右预言年内至少20%，明年翻倍完全正确！""",11,30,2023
"""红盘不追，高抛低吸！""",11,30,2023
"""11月最后一天什么表现""",11,30,2023
"""九丰能源11月29日获沪股通增持21.14万股""",11,30,2023
"""明天要涨停，好股，昨天进的，今天t了，又接回来了""",11,29,2023
"""赶紧追""",11,29,2023
"""什么时候接回来""",11,29,2023
"""躺平""",11,29,2023
"""这么跌，前几天好不容易进来的大户又亏惨了[捂脸]""",11,29,2023
"""开割！""",11,29,2023
"""贪了，没补进郁闷""",11,29,2023
"""这里藏龙卧虎，能分析下11.21发生了什么吗？前后融资融券变化这么大。""",11,29,2023
"""九丰能源：连续5日融资净偿还累计2.34亿元（11-28）""",11,29,2023
"""九丰能源11月28日被沪股通减持10.23万股""",11,29,2023
"""在坐的一个都跑不了""",11,28,2023
"""能对标华特和和远嘛？""",11,28,2023
"""去年十二月森泰并入公司报表，请问今年森泰与公司并表了没有。""",11,30,2023
"""66666666""",11,28,2023
"""该收割了吧""",11,28,2023
"""涨啦10快钱啦也可以跌啦，跌下去又可以慢慢做啦""",11,28,2023
"""头上三柱香不死都会受伤。""",11,28,2023
"""全剧终""",11,28,2023
"""九丰走势九丰自21日启动以来只涨了十几个点，主力的胃口只有这么大？今天估计是洗一""",11,28,2023
"""军工航天概念股几分钱业绩都要炒上几十元股，九丰股价值多少钱？？？大家拭目以待！！""",11,28,2023
"""九丰能源：连续4日融资净偿还累计2.25亿元（11-27）""",11,28,2023
"""哎呀，今天没减仓呀，好机会没把握""",11,27,2023
"""个人觉得可能会回踩五日线，然后沿五日线走。""",11,27,2023
"""又行了，6666，明天还得冲""",11,27,2023
"""我靠，明天大涨""",11,27,2023
"""这个主力真喜欢洗盘""",11,27,2023
"""可以动身了""",11,27,2023
"""头顶2柱香，明天会不会出现第3柱香""",11,27,2023
"""这种大开大合的洗，一般散户受不了""",11,27,2023
"""散户疯啦一样，先融卷5000股，""",11,27,2023
"""今天29出了，亏了点，太不给力了""",11,27,2023
"""中国可回收火箭要来了""",11,27,2023
"""大盘太拉跨了吧[捂脸]""",11,27,2023
"""30走了！""",11,27,2023
"""海南文昌，发射城，九丰作为唯一配套商发建设的特然气体项目""",11,27,2023
"""$九丰能源(SH605090)$""",11,27,2023
"""喜讯 | 九丰作为重大项目签约企业参与2023中国商业航天高峰论坛""",11,27,2023
"""问一个问题，可转债发行了没有，我怎么查不到数据。""",11,26,2023
"""九丰能源本周融资净偿还811.38万元，居燃气板块第三""",11,26,2023
"""九丰能源本周沪股通持股市值增加2591.08万元，居燃气板块第一""",11,26,2023
"""赶紧买买买，马上10个涨停板，散户不能犹豫""",11,26,2023
"""清洁能源+能服+特气：亮点太多了""",11,25,2023
"""有这么多人唱多危险了""",11,25,2023
"""看到36""",11,25,2023
"""看到四十，不到不卖！""",11,25,2023
"""九丰能源11月24日被沪股通减持19.29万股""",11,25,2023
"""至少50！看多做多，不打嘴炮，一年半一直仓梭，不到目标一股不卖！""",11,25,2023
"""单看周二到周四的图形，好像要涨一波，但周五下午争先恐后的跑，恐怕下周会到26。""",11,25,2023
"""九丰能源：连续3日融资净偿还累计2.12亿元（11-24）""",11,25,2023
"""这波行情基本到位，下去看破27。26～30盘3～4个星期。""",11,24,2023
"""哎呀，可惜大盘不配合，多方炮攻击效果还是不错""",11,24,2023
"""卡这里横盘是什么意思""",11,24,2023
"""今天又换了不少散户，放心持有，这势和1月30位置差不多，最少还有20点空间""",11,24,2023
"""已经不是单纯的油气概念，国版星链计划才是重点。""",11,24,2023
"""局长再拉个板呗""",11,24,2023
"""中计了""",11,24,2023
"""$九丰能源(SH605090)$""",11,24,2023
"""喜讯 | 祝贺九丰能源荣获中国液化气十大供应商""",11,24,2023
"""一年多回本了，还没卖，怎么办啊，好慌啊，会不会又套我一年""",11,24,2023
"""心态要好不急不躁慢慢来[呲牙][呲牙][呲牙]""",11,24,2023
"""发套了""",11,24,2023
"""$九丰能源(SH605090)$""",11,24,2023
"""预期[微笑]""",11,24,2023
"""今天29块5进的，5000股，希望下午能回本，毕竟放量启动了，上面没啥压力，现在""",11,24,2023
"""还在吸货，冬天来了，要启动了""",11,24,2023
"""九丰能源11月23日获沪股通增持30.57万股""",11,24,2023
"""新奥冲高卖了全仓搞了东方环宇！九丰加油""",11,24,2023
"""不到30不松口！""",11,24,2023
"""涨跌与体感有关""",11,24,2023
"""跑啦跑啦，[色]好多接盘侠""",11,24,2023
"""出货行情""",11,24,2023
"""还得看一手哥的表演""",11,24,2023
"""买水发燃气""",11,24,2023
"""今天可以来个7%涨幅不？""",11,24,2023
"""九丰能源11月24日快速回调""",11,24,2023
"""不敢追了，怕掉下来！""",11,24,2023
"""哈哈，卖飞了""",11,24,2023
"""这要是是去年成交量最少20亿才可以达到现在涨幅。筹码明显被人都吃了""",11,24,2023
"""九丰天然汽制氢+氦汽是发射火箭材料，国内唯独家投资供火箭助燃发射场地+科技半导体""",11,24,2023
"""九丰能源：融资净偿还602.09万元，融资余额1.52亿元（11-23）""",11,24,2023
"""不知不觉又回到30附近，九丰能源是靠基本面业绩备受机构青睐的个股，社保，养老，保""",11,23,2023
"""谁能配套火箭燃料，我""",11,23,2023
"""两阳夹一阴，多方炮，开炮！""",11,23,2023
"""多方炮已经架好了，明天给老子开跑猛轰空头""",11,23,2023
"""现在的价格还有敢买的吗？整不好就被套了…""",11,23,2023
"""明天31就行了""",11,23,2023
"""这股主力很无耻，且行且珍惜～""",11,23,2023
"""4天的换手39.5%""",11,23,2023
"""今天没成交，明天继续挂涨停""",11,23,2023
"""承接不错，继续加油！""",11,23,2023
"""别臆想了，就这样了""",11,23,2023
"""买了九丰的晚上回去搞点小酒喝，就变成酒疯了""",11,23,2023
"""业绩龙头[上涨]""",11,23,2023
"""挺狠的不敢买了暂时全仓新奥了暂避锋芒""",11,23,2023
"""强洗几天，反正我底部买的""",11,23,2023
"""赶紧买，马上啦涨停""",11,23,2023
"""耐心，九丰就是九封，要有9个板来封。""",11,23,2023
"""不要去想了，这个股会掉下来的""",11,23,2023
"""一年多终于回本了，卖不卖呢""",11,23,2023
"""九丰能源启动了！""",11,23,2023
"""会回调吗""",11,23,2023
"""看月线就像火箭起飞似的，才刚刚启动""",11,23,2023
"""是不是有新重组通过了""",11,23,2023
"""少了很多“熟人”？都走了……我每天看你们聊天习惯了！我不走，替你们报仇""",11,23,2023
"""今天不乐意封板呢""",11,23,2023
"""500亿市值""",11,23,2023
"""不封明天死了""",11,23,2023
"""封板就差云飞兄来帮帮场子了""",11,23,2023
"""九丰能源11月22日获沪股通增持159.05万股""",11,23,2023
"""28满仓的""",11,23,2023
"""有涨停机会卖出不？""",11,23,2023
"""一鼓作气，一而再，再而三，三而竭！[微笑]""",11,23,2023
"""该走了""",11,23,2023
"""等58再卖不香吗？""",11,23,2023
"""[滴汗]不讲武德""",11,23,2023
"""玩玩""",11,23,2023
"""这个大概率向上了，不知道能到多少。""",11,23,2023
"""涨停""",11,23,2023
"""牛叉""",11,23,2023
"""涨停喽""",11,23,2023
"""还是别动了，卖掉怕接不回来了""",11,23,2023
"""看下凯添燃气，九丰能源最少要上30""",11,23,2023
"""解禁前绝对到40，所以放心大胆的进吧""",11,23,2023
"""股东做局勾游资入局配合合作方出货。""",11,23,2023
"""谨防回调！""",11,23,2023
"""三周内过28--31强压力区。""",11,23,2023
"""九丰能源：融资净偿还1.95亿元，创历史新高（11-22）""",11,23,2023
"""水涨船高？""",11,22,2023
"""九丰能源下一步怎么做？路在何方？""",11,22,2023
"""今天吃面了！希望主力哥哥友好点！[微笑][微笑][微笑]""",11,22,2023
"""明天涨停哦""",11,22,2023
"""25止跌可以考虑进""",11,22,2023
"""不知道怎么操作，没有了方向""",11,22,2023
"""今天数字股票大部分涨停！！！九丰怎解释？""",11,22,2023
"""有一种感觉，这个股票在大部队解禁前会有一波""",11,22,2023
"""学习一下太极实业""",11,22,2023
"""估计要调整好几天，先跑了再说。""",11,22,2023
"""九丰九丰祝你成功""",11,22,2023
"""$九丰能源(SH605090)$""",11,22,2023
"""今天洗盘完成，明天继续涨""",11,22,2023
"""今天跌4个点买了一点！明天接着买后天接着买等大后天的涨停""",11,22,2023
"""$九丰能源(SH605090)$""",11,22,2023
"""昨天融资2亿元，占当日成交量20％，想连续快速大涨有难度。有的磨""",11,22,2023
"""买买买，说三遍还是三个字买买买。""",11,22,2023
"""一水的北交所公司，哎""",11,22,2023
"""九丰能源11月22日盘中跌幅达5%""",11,22,2023
"""设了28.6没卖出，设了26.5没买进，好巧，明天再看看......""",11,22,2023
"""要跌停不?有病""",11,22,2023
"""让我们一起祝福兴全系长年业绩垫底，年年为负[拜神]""",11,22,2023
"""今天这票象丰九一样上串下跳不谈定，这样子玩的人，就是心地不善良！""",11,22,2023
"""一手哥搭台唱戏了""",11,22,2023
"""三三得九，你咋没份涅""",11,22,2023
"""这种的手法应该只有兴全系可以做出来吧""",11,22,2023
"""看看主力如何演绎…[偷笑]""",11,22,2023
"""看量比貌似是反包状态，这几天应该是还有板""",11,22,2023
"""回调给你们买入的机会，不到50不要卖""",11,22,2023
"""九丰能源下一个高新发展""",11,22,2023
"""从国情出发，农夫山泉就凭“大自然的搬运工”搬出一个国内首富出来，再加上两桶油国企""",11,22,2023
"""昨天很多人进货了，都知道你们想跑，今天低开，先不让你们急着跑，等今天再拉些人上车""",11,22,2023
"""九儿，涨到60吧""",11,22,2023
"""给云煤能源提鞋都不够""",11,22,2023
"""长长的大长腿""",11,22,2023
"""下午涨停板""",11,22,2023
"""鱼哥，没好久没见他出来发言了[捂脸]，不会昨天高位上车了吧""",11,22,2023
"""震荡下行""",11,22,2023
"""切不可追涨，这不回调了，拉高出货！""",11,22,2023
"""这股票被融资盘玩坏了""",11,22,2023
"""跑路的真是人精啊""",11,22,2023
"""有人破防了""",11,22,2023
"""洗一下挺好的""",11,22,2023
"""能救此股的人只有张三丰。""",11,22,2023
"""好了现在倒亏大了""",11,22,2023
"""九丰能源11月21日被沪股通减持8.39万股""",11,22,2023
"""今天这样的回调，一点问题都没有！""",11,22,2023
"""今天散户被骗进去不少。""",11,22,2023
"""昨天融资可能是主力对倒吸引接盘。""",11,22,2023
"""这种简直无语了，先走了，留下的发财""",11,22,2023
"""28强压力位，需要整固。""",11,22,2023
"""意志不坚定的赶紧走，现在可以闭着眼睛买，明年上35一点问题没有""",11,22,2023
"""就差一点，不让我回本呢，一年多了啊""",11,22,2023
"""主力没啥魄力，磨磨唧唧的""",11,22,2023
"""感谢主力""",11,22,2023
"""买买买，""",11,22,2023
"""大哥貌似不太友好""",11,22,2023
"""家人们留下发财先走了""",11,22,2023
"""走了走了，留下的发财""",11,22,2023
"""冬炒煤夏炒电，五一十一旅游见，干！""",11,22,2023
"""上车了[俏皮][俏皮][俏皮][俏皮]""",11,22,2023
"""卖出变买入，麻烦了""",11,22,2023
"""九丰能源、浙商证券等23股获融资净买入超5000万元""",11,22,2023
"""哇靠，设了个28.6清仓，怎么不冲一下的""",11,22,2023
"""卖出[鼓掌][加油][微笑][鼓掌]""",11,22,2023
"""今天如果低开，考虑进去，我相信这融资盘不是开玩笑的。""",11,22,2023
"""今天就厉害了，昨天赌今天低开的人多不多？""",11,22,2023
"""两市融资余额1.59万亿元，创近一年新高（11-21）""",11,22,2023
"""哪位财主一天融资两亿干了酒疯""",11,22,2023
"""今天上30，下个星期上40。""",11,22,2023
"""昨天板上融资2.1个亿，是什么大神有这么大魄力""",11,22,2023
"""九丰能源：融资余额3.53亿元，创历史新高（11-21）""",11,22,2023
"""今天必须得出货了""",11,22,2023
"""散户都卖完了，你觉得主力会倒车接散户吗？市盈率才10几倍，股价不高啊，加上各种利""",11,21,2023
"""居然没上榜""",11,21,2023
"""九劫第一劫，封板不成！明天看下会不会渡劫成功""",11,21,2023
"""生物柴油，可以带得动吗""",11,21,2023
"""配合12月解禁。高""",11,21,2023
"""明天低开4个点""",11,21,2023
"""明天全部被套""",11,21,2023
"""简析K线图-九丰能源""",11,21,2023
"""弟兄们""",11,21,2023
"""明天全部蠢""",11,21,2023
"""明天能回补缺口吧…？""",11,21,2023
"""有一家氢能源公司要在香港上市，九丰能源子公司是合作伙伴""",11,21,2023
"""明天吃肉呢还是吃面？""",11,21,2023
"""破板必须跑，跑错也要跑…[偷笑]""",11,21,2023
"""10几亿成交额，14的换手率没有龙虎榜，太假了！""",11,21,2023
"""预测一下明天，平开冲高一下，再次吸引散户跟进，午后急速下杀，收盘跌6个点。""",11,21,2023
"""博字头概念股，搏一搏单车变摩托，博通股份就是下一个鸿博股份。""",11,21,2023
"""九为极数，丰意味丰衣足食，明日开盘见分晓，不过自己感觉出货可能性很大，除非有大利""",11,21,2023
"""九丰能源 11月20号新增加半导体概念，加上之前火箭概念，氢能源""",11,21,2023
"""量能创1年来新高，今天主力吃货吃了个饱吧，一直往买一买二的位置上护垫，明天看怎么""",11,21,2023
"""好戏刚开始，明天开盘秒板，欢迎一起见证。""",11,21,2023
"""我跑了不知道明天有溢价没""",11,21,2023
"""明天大幅低开""",11,21,2023
"""打板的明天不是被洗，就是估计要套几天了。""",11,21,2023
"""盘面感觉很奇怪，说出货嘛，又很多买盘""",11,21,2023
"""涨停板清仓了，明天低开买回来""",11,21,2023
"""天量天价，走完了，明天惨喽""",11,21,2023
"""明天再来一个板[大笑]""",11,21,2023
"""明天一字板基本定了""",11,21,2023
"""收盘封板""",11,21,2023
"""定住，我要看榜""",11,21,2023
"""谁的子小在炸盘""",11,21,2023
"""寻同道人[赞][赞]""",11,21,2023
"""减持一半""",11,21,2023
"""烂板快跑""",11,21,2023
"""买不完根本买不完，哈哈散户今天追爽啦，""",11,21,2023
"""为啥这里有那么多拖，看好多买点，[大笑]""",11,21,2023
"""真顶不住这么磨，走先""",11,21,2023
"""烂板出妖股，这么好的业绩和题材，希望九丰疯起来""",11,21,2023
"""$九丰能源(SH605090)$""",11,21,2023
"""一年多涨啦一个板，还是个出货的烂板。哈哈，赶紧追吧，机会给散户啦，散户还不进""",11,21,2023
"""$九丰能源(SH605090)$""",11,21,2023
"""卖3000，留2000，等等30以上。不见不散""",11,21,2023
"""快跑！明天低开三个点!""",11,21,2023
"""新主力，明天要大出血出去了，可怜的娃，实力不够，搞得我明天也要亏""",11,21,2023
"""今天打板进的，为啥一直封不住呢[为什么][为什么][为什么]""",11,21,2023
"""今晚出龙虎榜且看家人是谁""",11,21,2023
"""板上洗盘，出来后悔了。""",11,21,2023
"""我是不是被洗出去的小韭菜""",11,21,2023
"""烂板出妖""",11,21,2023
"""打死不封板是吧""",11,21,2023
"""一年多了，我还没回本""",11,21,2023
"""玩尬的是吧""",11,21,2023
"""债券开始转股了，暴跌开始，跑跑跑""",11,21,2023
"""转发""",11,21,2023
"""卖错也要卖……12个点够了[抱拳][抱拳]""",11,21,2023
"""放量突破，涨停板开板洗盘，主力志存高远""",11,21,2023
"""谁把票借出去了？""",11,21,2023
"""热烈欢迎转融通出场""",11,21,2023
"""88了您！""",11,21,2023
"""中东在上演扣油轮大战，这是油气大涨的原因吧？""",11,21,2023
"""主力这样玩真是太666了，散户都洗完了吧""",11,21,2023
"""所有散户一起砸…我们也要让主力爆仓…[偷笑]""",11,21,2023
"""不唱空也不唱多，希望主力能够温柔点，明天给点汤喝""",11,21,2023
"""以后海南的航空基地就是太空旅游，月球旅游，以后月球基地，一天往返的宇宙飞船就会给""",11,21,2023
"""又是航天概念又是半导体概念，不涨5个板没有天理。""",11,21,2023
"""这几天的板都是出货板。看来月底大凶""",11,21,2023
"""这种冷门股涨停最好回避""",11,21,2023
"""如果今天能稳住8个点明天只要它敢绿我就杀回去！就这么愉快的决定了""",11,21,2023
"""快跑，晚了就来不及了，明天低开三个点""",11,21,2023
"""哈哈，惊不惊喜，意不意外，""",11,21,2023
"""连着五天打板，连续五天炸板""",11,21,2023
"""牛逼，看到我手里有，我一卖就涨停[哭]""",11,21,2023
"""砸下来…快点""",11,21,2023
"""反复开板吸引热度？票是个好票，庄就不知道了，今天早上一上车[呲牙]""",11,21,2023
"""被爆头了。。""",11,21,2023
"""感谢主力大哥，27.8果断接回，""",11,21,2023
"""新加入半导体概念，估值会有所上升，天然气的估值跟半导体的估值，不是一个概念。""",11,21,2023
"""我也出了胆子大的继续赚大钱了""",11,21,2023
"""哪位大哥开通了排单，看一下""",11,21,2023
"""预计将于2030年投入使用。长征九号是一种重型运载火箭，它的高度达到100米，直""",11,21,2023
"""转发""",11,21,2023
"""现在居然还有人出？""",11,21,2023
"""我已经通知各大主力。今天不卖。。[捂脸]""",11,21,2023
"""有人抬轿，你们就不要卖，等明天再卖也不迟[捂脸]""",11,21,2023
"""昨天进51手，今天涨停了""",11,21,2023
"""无故涨停，才是最靓的仔。""",11,21,2023
"""恭喜一直支特九丰的朋友吃肉了""",11,21,2023
"""谢谢可以撤退了，做啦一年的t做啦55个点，知足啦88""",11,21,2023
"""这个涨停应该是占航天概念的光""",11,21,2023
"""业绩再好，不如有个好题材。""",11,21,2023
"""首板启动后是最佳期权下单时机""",11,21,2023
"""九字头""",11,21,2023
"""幸福来的突如其然！""",11,21,2023
"""商用火箭+沙特清洁能源龙头，这波到50""",11,21,2023
"""卫星发射""",11,21,2023
"""明显是商用火箭龙头""",11,21,2023
"""半导体[哭]""",11,21,2023
"""守这么多年，终于看见女神张婷了[哭]""",11,21,2023
"""赣州帮真帅""",11,21,2023
"""今天练胸大肌的来报名了。。。。。。。。。""",11,21,2023
"""封得住吗？""",11,21,2023
"""居然涨停了，发生什么了[加油]""",11,21,2023
"""燃气龙头""",11,21,2023
"""打板来了，冲冲冲""",11,21,2023
"""涨停""",11,21,2023
"""九丰能源11月21日盘中涨幅达5%""",11,21,2023
"""九丰能源：融资净偿还567.64万元，融资余额1.44亿元（11-20）""",11,21,2023
"""沙特与中国互换500亿人民币，九丰可以用人民币在中东买天然气了""",11,20,2023
"""半导体了""",11,20,2023
"""大家死拿1年包你吃大肉。""",11,20,2023
"""$九丰能源(SH605090)$""",11,20,2023
"""行了，市场开始炒名字里面带数字的了""",11,20,2023
"""感谢主力大哥，25.2果断淸仓，""",11,20,2023
"""$九丰能源(SH605090)$""",11,20,2023
"""走走走。。。。。。。很不牢靠的感觉""",11,20,2023
"""$九丰能源(SH605090)$""",11,20,2023
"""走了！""",11,20,2023
"""跑路啦，又做啦一次t，爽""",11,20,2023
"""弄了两顿海底捞，留下的发财""",11,20,2023
"""恭喜板块第一""",11,20,2023
"""恭喜九哥挤进6强。。。。。。""",11,20,2023
"""一摊烂泥，坑死""",11,20,2023
"""破24才可以考虑加仓。""",11,20,2023
"""好惨，没有竞价了[滴汗]""",11,20,2023
"""九丰能源本周融资净买入1013.69万元，居燃气板块第四""",11,19,2023
"""九丰能源本周沪股通持股市值减少426.03万元，居燃气板块第五""",11,19,2023
"""喜讯！国鸿氢能通过港股聆讯，国内第二家氢能上市公司来啦！原创氢云链氢云链""",11,18,2023
"""九丰能源：融资净买入220.15万元，融资余额1.49亿元（11-17）""",11,18,2023
"""大家对比一下9月末股东和10月20日股东""",11,17,2023
"""预防为主 生命至上 | 九丰集团组织开展2023年消防宣传月开幕式活动""",11,17,2023
"""现在情况""",11,17,2023
"""一直卖""",11,17,2023
"""以后不买这种期货指标股""",11,17,2023
"""没在沉默中死去就在沉默中爆发""",11,17,2023
"""九丰这个没爹没娘爱的，每次接近25或者上了25都像大逆不道一样的被打下来""",11,17,2023
"""又是ST的天下了，大股好烂。。。。""",11,17,2023
"""24/3继续买回来二层舱""",11,17,2023
"""国际油价降是好事啊""",11,17,2023
"""九丰能源：融资净偿还55.43万元，融资余额1.47亿元（11-16）""",11,17,2023
"""九丰能源2023年第三季度业绩说明会""",11,16,2023
"""各位T神还在吗？""",11,16,2023
"""万年不变，垃圾明天跌停""",11,16,2023
"""稳住稳住""",11,16,2023
"""黎明之前静悄悄。""",11,16,2023
"""赶紧跌吧，[大笑]别装啦，""",11,16,2023
"""是不是很迷茫，感觉要上，感觉好像又上不去，那就对了，九丰你摸不透[哭]""",11,16,2023
"""主打一个稳健[捂脸][赞]""",11,16,2023
"""准备30日线附近接回两层仓，看看主力给机会不""",11,16,2023
"""九丰能源11月15日获沪股通增持1.74万股""",11,16,2023
"""天冷了。该到天燃气了吧""",11,16,2023
"""九丰能源：融资净偿还131.44万元，融资余额1.48亿元（11-15）""",11,16,2023
"""九丰能源11月14日被沪股通减持11.84万股""",11,15,2023
"""应该要起飞了。[胜利][胜利][胜利]""",11,15,2023
"""24.8被情绪了，希望大哥格局一次让我今天不要亏钱""",11,15,2023
"""转发""",11,15,2023
"""谁走了？""",11,15,2023
"""跑不赢板块的。88了""",11,15,2023
"""这么好的行情也不放量""",11,15,2023
"""243买进的，今天24/7卖出赚啦不到两个点，大家发财""",11,15,2023
"""一年多了""",11,15,2023
"""资金都去锂电池新能源，人工智能了。""",11,15,2023
"""好恶心的操盘。就是不走，但是要骂骂你哈哈""",11,15,2023
"""实在是没有人玩啊，唉。。。。。。。。""",11,15,2023
"""主力尴尬了，A50暴涨。筹码够了吗？还打压？嘿嘿""",11,15,2023
"""九丰能源：融资净买入292.6万元，融资余额1.49亿元（11-14）""",11,15,2023
"""跌破24我就买入""",11,15,2023
"""这里就是大鱼吃小鱼""",11,14,2023
"""今天开盘新天燃气急跌2个点带动九丰下跌，收盘新天涨0.3个点。九丰没有跟涨。""",11,14,2023
"""资金流出25跌了1.64个点""",11,14,2023
"""九丰真的股性太差了，累""",11,14,2023
"""一群股神T神不割绝不会拉升""",11,14,2023
"""还好跑了""",11,14,2023
"""来晒晒大家的成本呗""",11,14,2023
"""评论“价值投资的技术核心是趋势为王”---言论？""",11,14,2023
"""涨的时候不涨，跌的时候第一次真厉害""",11,14,2023
"""板块才跌到大阳线的三分之一，这个玩意来个乌云吞日，这就日全食了，后面咋个办""",11,14,2023
"""加油，加油""",11,14,2023
"""40""",11,14,2023
"""天冷了。买点能源""",11,14,2023
"""来了""",11,14,2023
"""啦鸡""",11,14,2023
"""昨天哪些小韭菜，激动不得了，[大笑]告诉你们啦要跌还不信""",11,14,2023
"""亚马逊与SpaceX签署火箭发射合同，全球各主要玩家星座建设进程将提速，重点推荐""",11,14,2023
"""今天还不跌吗，久横必跌，还想继续诱多吗""",11,14,2023
"""九丰能源：融资净买入687.81万元，融资余额1.46亿元（11-13）""",11,14,2023
"""明天板块大跌""",11,13,2023
"""风里雨里我依然陪伴着你，坚信你不会让我失望的""",11,13,2023
"""下雪了懂我意思吧""",11,13,2023
"""感觉要涨一波了，不过据说散户感觉都是错误的""",11,13,2023
"""丰丰什么时候才疯起来""",11,13,2023
"""$九丰能源(SH605090)$""",11,13,2023
"""天气冷了，应该涨了""",11,13,2023
"""自觉性上去吧，我已经满上，你随意，我干了""",11,13,2023
"""赶紧跌吧，我要买回来""",11,13,2023
"""我卖了，你可以拉了""",11,13,2023
"""你难道不如东方环宇吗？""",11,13,2023
"""手贱，周五抛了火炬首华。[滴汗]""",11,13,2023
"""拉机今天就这样了""",11,13,2023
"""等解禁也就25块左右""",11,13,2023
"""老表别走啊[旺柴]""",11,13,2023
"""我就不信你不跌，装什么，[怒]""",11,13,2023
"""九丰大有文章""",11,13,2023
"""掐指一算，下周涨幅在15到25个点[强壮][强壮][强壮][强壮]""",11,13,2023
"""九丰能源本周融资净偿还1001.47万元，居燃气板块第二""",11,12,2023
"""九丰能源本周沪股通持股市值减少1863.08万元，居燃气板块第二""",11,12,2023
"""只要趋势没变，只能继续死守，快进快出短线实在操作不来，水平不够，上班族也没时间盯""",11,11,2023
"""九丰能源11月10日获沪股通增持16.31万股""",11,11,2023
"""九丰能源：连续4日融资净偿还累计1001.47万元（11-10）""",11,11,2023
"""具有特气概念，可上30元。""",11,10,2023
"""特气概念，可到30元。""",11,10,2023
"""知足才能常乐""",11,10,2023
"""两日游瞎玩一把超短，小烧烤走起[哈欠]""",11,10,2023
"""板块都跑不赢的弱股""",11,10,2023
"""垃圾，弱于板块""",11,10,2023
"""上不去啦，先跑一步，回调在买入[大笑]""",11,10,2023
"""这些今天喊不如板块明天喊不如板块的，试问你们如果有一天比板块走的强，你们会叫主力""",11,10,2023
"""资金选择啦燃气板块，但是没选择九丰，东方德龙，全是龙头""",11,10,2023
"""业绩造假""",11,10,2023
"""请问艾尔希已经交割完成了吗？""",11,10,2023
"""喜欢别的就乘早卖了去追高，就怕有些小丑是手上一点货没有两眼望穿等回调都要急死了[""",11,10,2023
"""22亿的可转债，等着转股出售，有谁敢拉？""",11,10,2023
"""湖北小丑出来呀""",11,10,2023
"""[哭]我以为九丰这回牛B了，回头一看板块涨了2个点，瞬间感觉啥也不是了""",11,10,2023
"""无语的行情。大股东能要点脸不，非要等到你自己吃饱，再折价分给自己才能跟着行情走么""",11,10,2023
"""有些小丑服不服？""",11,10,2023
"""今天能雄起一盘吗？""",11,10,2023
"""这股的问题是业绩太好了，如果市盈率是-10，早就上天了！""",11,10,2023
"""无量上涨，观望！""",11,10,2023
"""九丰能源11月09日被沪股通减持54.2万股""",11,10,2023
"""明天美美吃肉""",11,10,2023
"""哎，本来25清仓了，今天24.65又被诱骗过来了[笑哭][笑哭][笑哭]""",11,9,2023
"""消磨你时光。再一阴根线搞你完蛋。""",11,9,2023
"""说实话这股买的放心""",11,9,2023
"""被诱多啦[微笑]""",11,9,2023
"""哎，看不懂[大笑]尾盘啦一点非奸即盗，都卖给你，二层舱也不留啦，""",11,9,2023
"""又是失败的一天""",11,9,2023
"""谁能好心出点货给主力？？每天看着主力这样拿货我都心疼""",11,9,2023
"""做空，掏空，唱空，兴风作浪居心叵测！等着吧""",11,9,2023
"""真的看不懂这只股""",11,9,2023
"""转发""",11,9,2023
"""新增航天概念[鼓掌][鼓掌]业务持续拓展""",11,9,2023
"""试盘即将拉升。""",11,9,2023
"""星期四能这么逆势拉伸，说明很不简单""",11,9,2023
"""终于不藏了明牌吃货？""",11,9,2023
"""什么情况？""",11,9,2023
"""这100手200手300手的，怎么就上不去的，奇怪了，这真6呀""",11,9,2023
"""我以为今天又吃面，刚跑你就拉，太恶毒了""",11,9,2023
"""谁在买，谁在卖？""",11,9,2023
"""现在就靠二百哥做多了""",11,9,2023
"""今天和昨天一样的剧本，哎呀，真会玩""",11,9,2023
"""庄""",11,9,2023
"""马上解禁来了不砸破20都不肯收手""",11,9,2023
"""这个垃圾，挣点钱就回购分给高管，老拿我们的钱分给高管，，高管是做了多大贡献""",11,9,2023
"""这么好的行情下，竟然跌了两周""",11,9,2023
"""请问公司股东有没有通过转融通机制违规把公司股票出借出去以便外人做空？请问史带金融""",11,10,2023
"""养的""",11,9,2023
"""麻蛋""",11,9,2023
"""终于开始砸啦，还以为自己算错啦，[大笑]""",11,9,2023
"""今煤板块涨这么好""",11,9,2023
"""庄家洗不出去人开始激活跌退吓唬人了哈哈哈""",11,9,2023
"""这么刺激的嘛，火箭往地下发吗？""",11,9,2023
"""九丰能源11月08日被沪股通减持20.77万股""",11,9,2023
"""春天盼夏天，夏天盼秋天，秋天盼冬天，结果。。。好像没啥用""",11,9,2023
"""九丰能源：连续3日融资净偿还累计437.87万元（11-08）""",11,9,2023
"""改名九龙能源""",11,9,2023
"""九丰能源:北京国枫律师事务所关于公司2023年第二次临时股东大会的法律意见书""",11,8,2023
"""九丰能源:会计师事务所选聘制度""",11,8,2023
"""九丰能源:2023年第二次临时股东大会决议公告""",11,8,2023
"""九丰能源:关于发行股份、可转换公司债券及支付现金购买资产并募集配套资金实施进展的公告""",11,8,2023
"""明天星期四，平开低走，尾盘涨停[旺柴]""",11,8,2023
"""明天很关键！如果没猜错的话应该是一根大蜡烛！因为我明天过生日[大笑][大笑][大""",11,8,2023
"""这里散户太多.明天我全撤/""",11,8,2023
"""今天大盘不给力，九丰还是比较坚挺的。""",11,8,2023
"""没人买所以稍微一卖就下去了，然后再自己回购进来[赞]""",11,8,2023
"""今天股东大会说啥""",11,8,2023
"""5000多只股涨停的有几个散户能买进去的，散户能买进去的，基本没戏。""",11,8,2023
"""这么多托，这票危险了！""",11,8,2023
"""极为稀缺的卫星互联网耗材龙头""",11,8,2023
"""不管你怎么勾引，老子我不会买，除非你跌下去，[大笑]你如果真心啦还会给散户机会。""",11,8,2023
"""一百两百一百两百[大笑]""",11,8,2023
"""看得懂的早已满仓满融，看不懂的还在看热闹""",11,8,2023
"""庄""",11,8,2023
"""氦气、氢气就是九丰的优势，以点带面""",11,8,2023
"""完全破位[大笑]""",11,8,2023
"""玩意""",11,8,2023
"""德龙才是龙头股，九丰啦几""",11,8,2023
"""九丰能源11月07日获沪股通增持9.38万股""",11,8,2023
"""大家稳住，马上轮到九字辈了，[捂脸]""",11,8,2023
"""九丰能源：融资净偿还364.37万元，融资余额1.42亿元（11-07）""",11,8,2023
"""龙字辈炒到风。九丰与九风同音该炒一炒吧！""",11,7,2023
"""九丰能源应该改为九龙能源。龙字辈大涨。""",11,7,2023
"""做空掏空说的就是你吧""",11,7,2023
"""商发特气项目是特气业务起飞的里程碑，要保持耐心""",11,7,2023
"""一群[为什么]散户还在看九丰，资金已经选择啦龙头德龙，最近不停的涨，接近30个点""",11,7,2023
"""庄家你继续压撒你压不住了吗哈必""",11,7,2023
"""买啦德龙过来排队啦，大家一起吃肉，[大笑]""",11,7,2023
"""每天换着花样洗真是当上课了[大笑]""",11,7,2023
"""转发""",11,7,2023
"""给德龙提鞋都不配""",11,7,2023
"""一波行情结束了，它还在那老地方等我。""",11,7,2023
"""麻烦大家都去证监会举报恶庄故意打压控盘配合公司回购，散户团结起来一起举报，浪费不""",11,7,2023
"""看看德龙，费物""",11,7,2023
"""打压回购而已""",11,7,2023
"""去年开始氢气氦气忽悠到今年，现在火箭又开始了又要忽悠两年，我服了""",11,7,2023
"""兰德里的折磨""",11,7,2023
"""跌下来，我要加仓""",11,7,2023
"""九丰能源11月06日被沪股通减持27.29万股""",11,7,2023
"""九丰能源：融资净偿还24.28万元，融资余额1.45亿元（11-06）""",11,7,2023
"""在全国范围内选择100个具有典型代表性的城市和园区开展碳达峰试点建设，探索不同资""",11,6,2023
"""A股中几分钱业绩蹭着军工航天概念股价都炒上天。九丰年收益2元多，股价才20多元，""",11,6,2023
"""九丰的目标应该在200元左右，大家一定要保持耐心。""",11,6,2023
"""收盘站上所有均线""",11,6,2023
"""重上五线金不换[呲牙]""",11,6,2023
"""这趋势线走的真漂亮""",11,6,2023
"""今天怎么人也没了？都不想说话了，无语了？""",11,6,2023
"""发""",11,6,2023
"""理性投资谁懂？""",11,6,2023
"""我也曾经憧憬过，后来没结果。。。。。。战斗马上打响，各就各位。。。。""",11,6,2023
"""九丰能源本周融资净买入395.61万元，居燃气板块第七""",11,5,2023
"""九丰能源本周沪股通持股市值减少570.22万元，居燃气板块第七""",11,5,2023
"""德邦证券给予九丰能源增持评级""",11,5,2023
"""拟投建海南商发特气项目，特气“自建”模式里程碑""",11,5,2023
"""坐轿，只等最后暴拉的三个月。""",11,5,2023
"""九丰可以长期持股，特种气体扩投军工航天卫星，潜力很大。""",11,4,2023
"""有没有志同道合的兄弟？[大笑]""",11,4,2023
"""九丰能源11月03日被沪股通减持15.03万股""",11,4,2023
"""九丰能源：融资净买入283.5万元，融资余额1.46亿元（11-03）""",11,4,2023
"""太牛了吧""",11,3,2023
"""股价低于回购价了，25.4公司还在买，弱弱的说一句现在感觉还比较适合进场？""",11,3,2023
"""回购很猛啊，九丰真有钱""",11,3,2023
"""下周要走个箱体吗?""",11,3,2023
"""干的漂亮，算上一个假涨，阴跌一个星期""",11,3,2023
"""跌跌跌撞撞撞急跌才有机会""",11,3,2023
"""九丰就是垃圾""",11,3,2023
"""红一分谢谢，买包烟抽抽谢谢""",11,3,2023
"""横久必跌""",11,3,2023
"""南方基金持有九丰的股票越来越多，是九丰的坚定持有者""",11,3,2023
"""快2点了还没有人上班吗""",11,3,2023
"""是不是应该给九丰能源加上航天航空概念？""",11,6,2023
"""这是那个孙子砸的…""",11,3,2023
"""装毛线快点绿大跌30个点我好进""",11,3,2023
"""$九丰能源(SH605090)$""",11,3,2023
"""庄家借利好出货了，爷也走了不陪你们了""",11,3,2023
"""果然是优质股，大盘一个点九丰一毛钱，""",11,3,2023
"""九哥，大盘1个点了，稍微跟点上，让你的家人们稍微舒服的过个周未""",11,3,2023
"""拼刺刀了""",11,3,2023
"""希望越大，失望越大，希望越小，惊喜越大""",11,3,2023
"""有可能收盘是红。""",11,3,2023
"""我买这股票两年了，成本29，真心劝大家不要买，周期股，没题材，没故事，就是耗着，""",11,3,2023
"""平盘走了，。。没劲""",11,3,2023
"""都是希望太大，所以才会很失望，一定要平常心对待涨跌""",11,3,2023
"""狗，东西，等你跌到21""",11,3,2023
"""已经赚了1000多了，继续跌到23反手做多""",11,3,2023
"""冲啊。。。。。。。。。。。。。没有撤退可言""",11,3,2023
"""九丰能源11月02日被沪股通减持32.17万股""",11,3,2023
"""北上资金就会做小套套来套去""",11,3,2023
"""九丰能源：融资净偿还115.39万元，融资余额1.43亿元（11-02）""",11,3,2023
"""九丰能源占着茅坑不拉。""",11,2,2023
"""比预想的2个点要好，证明主力高度控盘，跟着大哥高抛低吸[呲牙]""",11,2,2023
"""为什么不多砸一点啊。利好不涨要洗盘或者出货就多砸点啊。这没6个点只能说主力[""",11,2,2023
"""随便跌，13块的成本能跌穿？""",11,2,2023
"""我擦，多空关键点24.32。你特么！我真服了""",11,2,2023
"""昨天是不是白激动了，说涨停的绕操场一圈，一个闷声大巴掌[好困惑]""",11,2,2023
"""要死了，这么多机构来评价买入[可怜]""",11,2,2023
"""你这是被套了多少""",11,2,2023
"""昨天说一字板的那小伙出来""",11,2,2023
"""不回购吗？""",11,2,2023
"""废股，没量，要么减持，要么回购压价，一收盘不停发利好""",11,2,2023
"""这就是熟悉的九丰，出利好就砸""",11,2,2023
"""建议改名九龙能源""",11,2,2023
"""马上6个新股上市，先正达680亿马上就要来，只要能融到劵卖出就赚钱。""",11,2,2023
"""想不明白，每次出点公告，一群散户疯啦一样吹，[大笑]结果第二天啪啪打脸，真有利好""",11,2,2023
"""九丰的庄是最毒的  你们还太嫩了""",11,2,2023
"""这条大阴线叫什么""",11,2,2023
"""我上车了！""",11,2,2023
"""要求不高明天2分就够""",11,2,2023
"""有意思吗？木意思啦？""",11,2,2023
"""今天的大白棒子拍晕了一大堆幻想吃肉的苍蝇[捂脸]""",11,2,2023
"""利好消息来得突然庄家手里货不足要盘整一段时间才会拉升的。""",11,2,2023
"""同花顺开盘必读有推荐，生怕买不到，目前已经竞价上车，瑟瑟发抖。""",11,2,2023
"""虽然我满仓，但是我还是觉得可笑。这种玩法确实一般人扛不住[滴汗]""",11,2,2023
"""让大家伙乐呵乐呵""",11,2,2023
"""恭喜主力今天在25以上出货两千万，""",11,2,2023
"""到21可以抄底，已经开空单了""",11,2,2023
"""中国银河给予九丰能源推荐评级 具有里程碑意义 商业卫星发射爆发式增长气体需求旺盛""",11,2,2023
"""忠心感谢开盘追的大韭菜能让主力做做t赚点钱，是你们让主力有利润长久拉升，好了明天""",11,2,2023
"""具有里程碑意义，商业卫星发射爆发式增长气体需求旺盛""",11,2,2023
"""[大笑][大笑]哈哈哈，没人任，明天扩建地球也没涨不了""",11,2,2023
"""主力大哥；涨不涨我说了算。这是好事，慢慢来才走的远""",11,2,2023
"""这叫洗盘。就2个点下探还叫出货，简直无语。""",11,2,2023
"""一个敲死一大群苍蝇[捂脸]""",11,2,2023
"""典型利好出货，这么大的量。""",11,2,2023
"""早上大跌要买""",11,2,2023
"""我们都想错了，最大的利空是大股东想低位增持[捂脸]""",11,2,2023
"""，今天公司捡了不少筹码了，恶心了，这样回购太不厚道了""",11,2,2023
"""赶紧跑利用利好消息出货。""",11,2,2023
"""什么情况啊？这么大的量。""",11,2,2023
"""挺好啊[财神]""",11,2,2023
"""竟然还有傻缺认为能涨停哈哈哈你们知道不了解这个烂股了""",11,2,2023
"""给你们说了是利空不相信。""",11,2,2023
"""现在可以全仓干了。。。。。。""",11,2,2023
"""一群韭菜，哈哈，继续追""",11,2,2023
"""good""",11,2,2023
"""哈哈哈，合理""",11,2,2023
"""别乱来""",11,2,2023
"""6的没边了，我都还没反应过来，绿了66666好笑""",11,2,2023
"""891手的高开，我就不信你们敢入？？""",11,2,2023
"""要连板了""",11,2,2023
"""难道高开个二个点都开不了，，，，，，，我失算了？[为什么]""",11,2,2023
"""九丰能源11月01日被沪股通减持8.38万股""",11,2,2023
"""通知，通知，早盘稳稳的一字出现，若不能，也是7厘米以上高走，说到做到，昨卧底到位""",11,2,2023
"""有那么火吗，开盘竞价不涨停，估计又要套人，[大笑]或许就没什么单子竞价，还是低开""",11,2,2023
"""4个涨停板就能逼空公司没法回购哈哈""",11,2,2023
"""疯狂的一天，都激动坏了，我的要求是高开高走，今天三个点的话就走得很6了，加油，千""",11,2,2023
"""九丰能源：融资净买入142.43万元，融资余额1.44亿元（11-01）""",11,2,2023
"""东吴证券给予九丰能源买入评级：特种气体“资源+终端”模式再布局 领域拓展至航空、航天特气""",11,2,2023
"""特种气体“资源+终端”模式再布局，领域拓展至航空、航天特气""",11,2,2023
"""明早稳稳的一字出现，若不能，也是7厘米左右高走，说到做到，卧底到位，量能齐备，上""",11,1,2023
"""明天该走了[大笑]""",11,1,2023
"""格隆汇公告精选︱九丰能源：拟约4.93亿元投资建设海南商业航天发射场特燃特气配套项目；比亚迪：10月新能源汽车销量30.18万辆""",11,1,2023
"""社保赢利20%了，小心明天利好吃面！""",11,1,2023
"""日的别发利好了，还没到35呢""",11,1,2023
"""连续涨停板开始，目标八十八。""",11,1,2023
"""九丰建设海南商业航天发射场特燃特气配套项目，天大的利好项目，希望股价能像火箭一样""",11,1,2023
"""明天开始数板！""",11,1,2023
"""怪不得社保基金敢买那么多""",11,1,2023
"""除非把这庄家换了[大笑]""",11,1,2023
"""一群散户叽叽喳喳，明天不直接涨停，就是做套人准备的，放出来的利好，是利好吗，说不""",11,1,2023
"""高新发展蹭着算力概念股价连涨10多倍。九丰蹭着航天军工概念不知涨多少？""",11,1,2023
"""九丰能源：拟约4.93亿元投资建设海南商业航天发射场特燃特气配套项目""",11,1,2023
"""干货都藏在公告里，仔细读公告会有新收获""",11,1,2023
"""散户又开始，自信的三个涨停啦，看看明天会不会有第一个涨停，""",11,1,2023
"""九丰能源：拟4.93亿元投建商发特气项目""",11,1,2023
"""别发利好了，有些踏空的小丑都要急死了[大笑]""",11,1,2023
"""怪不得要回购股份呢！原来有大动作""",11,1,2023
"""看来信息保密得很好，没有泄漏，否则今天肯定狂飙了，看好明天。""",11,1,2023
"""$九丰能源（SH605090）$""",11,1,2023
"""要增加航天航空概念[想一下]""",11,1,2023
"""九丰投建海南航天发射场特燃特气项目，看来公司拓展气体业务决心很大，说干就干而且快""",11,1,2023
"""五体投地""",11,1,2023
"""九丰能源：拟投建海南商业航天发射场特燃特气配套项目""",11,1,2023
"""九丰能源(605090.SH)：拟约4.93亿元投资建设海南商业航天发射场特燃特气配套项目""",11,1,2023
"""九丰能源：拟4.93亿元投建海南商业航天发射场特燃特气配套项目""",11,1,2023
"""九丰能源:关于拟投资建设海南商业航天发射场特燃特气配套项目的公告""",11,1,2023
"""请问最近国内厂站LNG价格是多少? LNG国内业务盈利如何?""",11,6,2023
"""今天没人值班？这么感人的成交量[想一下]""",11,1,2023
"""每天很多人都纠结到底今天涨还是跌，明天怎么走图形咋么样。我说实话没啥可看的，主力""",11,1,2023
"""突然一天，量又回到3000多W了，666666""",11,1,2023
"""九丰能源10月31日获沪股通增持22.5万股""",11,1,2023
"""看空的小丑敢不敢挂一个500手的单子，看看主力几秒钟给你吃了乐开花[大笑][大笑""",11,1,2023
"""一周涨一个点不是稳稳的幸福？""",11,1,2023
"""稳中求进""",11,1,2023
"""您好，请问，贵公司截止10月31日股东人数是多少？谢谢！""",11,1,2023
"""国内LNG价格跳涨，板块今天上涨有望""",11,1,2023
"""哪位大咖能不能出来详细解答下，公司回购不注销到底是利好，还是利空。""",11,1,2023
"""天然气上天了，今天开盘可能涨跌""",11,1,2023
"""九丰能源：融资净偿还127.26万元，融资余额1.43亿元（10-31）""",11,1,2023
"""九丰能源:2023年第二次临时股东大会会议资料""",10,31,2023
"""随时加速冲刺。""",10,31,2023
"""九丰能源：累计回购1413400股""",10,31,2023
"""九丰能源：截至2023年10月31日 实际担保余额折合人民币共计约35.27亿元""",10,31,2023
"""九丰能源：业绩说明会定于11月16日举行""",10,31,2023
"""九丰能源：累计回购约141万股 占比0.226%""",10,31,2023
"""回购进度太慢了""",10,31,2023
"""九丰能源(605090.SH)：累计耗资3499.79万元回购0.23%股份""",10,31,2023
"""九丰能源:关于公司及子公司为子公司提供担保的公告""",10,31,2023
"""九丰能源:关于召开2023年第三季度业绩说明会的公告""",10,31,2023
"""九丰能源:关于以集中竞价交易方式回购公司股份的进展公告""",10,31,2023
"""这是要回踩十日线啊""",10,31,2023
"""你看看人家德龙""",10,31,2023
"""九丰能源不涨的原因""",10,31,2023
"""我就奇怪了有些小丑回调两天就高兴的要死啊哈哈哈，等23你就慢慢等呗看社保给不给你""",10,31,2023
"""增持4手，继续观望""",10,31,2023
"""牛B一吹不行了，别发各种牛B的东西了，越牛B越跌，真正牛B的就是涨起来再吹的，吹""",10,31,2023
"""配合回购…不错""",10,31,2023
"""哪里来的，还要回哪里去，哎呀又要割一波啊[大笑]""",10,31,2023
"""九丰能源10月30日获沪股通增持9.46万股""",10,31,2023
"""九丰能源：连续4日融资净买入累计3021.34万元（10-30）""",10,31,2023
"""这走势很勾引人要不就一根大阳冲上去要不就了""",10,30,2023
"""九丰能源：太空加油站，对标中石化——商业火箭燃料核心供应商""",10,30,2023
"""明天能起飞不，都等着发财致富买豪车呢！跟定你了，九丰能源。""",10,30,2023
"""这家伙躺平了，死猪不怕开水烫，明天危险""",10,30,2023
"""又磨一天被洗的自觉回购[大笑]""",10,30,2023
"""收盘赚一顿肯德基我说的""",10,30,2023
"""回购来一波""",10,30,2023
"""老史不减持了，公司在回购，之前还有他背锅，现在锅也没人背了，还是没人买唉""",10,30,2023
"""半导体大涨，九丰子公司有半导体概念怎不涨？""",10,30,2023
"""最近股吧有臭鱼味道，有兄弟有啥眉目吗[大笑]""",10,30,2023
"""该跌就跌吧，到22一下，我在把跑的半仓慢慢买回来，[大笑]""",10,30,2023
"""好像不减持也没什么影响嘛""",10,30,2023
"""九丰能源本周融资净买入1544.61万元，居燃气板块第二""",10,29,2023
"""九丰能源本周沪股通持股市值增加6557.53万元，居燃气板块第一""",10,29,2023
"""九丰能源10月27日被沪股通减持30.43万股""",10,28,2023
"""九丰能源：连续3日融资净买入累计2809万元（10-27）""",10,28,2023
"""信披拿到最高级别的A级别，牛逼啊！本次考核覆盖2,160家沪市上市公司，18%公""",10,28,2023
"""一个回购！一个终止减持！这是在干嘛？给我整得头晕晕的，是不是又想洗我出局！""",10,28,2023
"""大家周末快乐，买九丰的都可以踏踏实实睡个大觉，下周管他涨还是跌，反正最后都是涨，""",10,27,2023
"""还有人想不通，为啥大股东熬了15年没有出，底部却减持几百万股咋想的呢？在中国赚钱""",10,27,2023
"""九丰能源总经理吉艳：三十年扎根清洁能源 “一主两翼”紧跟能源变革大潮""",10,27,2023
"""完了，周一买回来吧""",10,27,2023
"""完蛋了，晚上完全利好[滴汗]。尾盘减仓亏大了，周一肯定高开。""",10,27,2023
"""不是公告不减持吗？怎么今天又减持了几百万呢？""",10,27,2023
"""终于九丰和史带谈妥了，压制了三年的股价，可以释放了""",10,27,2023
"""终止减持，再不涨停更待何时""",10,27,2023
"""利空靴子终落地 周一走势预测""",10,27,2023
"""不是什么情况能不能少发点利好啊，等拉到30再发大家伙都跑了换人行不行，现在都发了""",10,27,2023
"""九丰能源:关于持股5%以上股东提前终止减持股份计划的公告""",10,27,2023
"""1.国际动荡，拉的肯定是能源。2.今年全国工业企业都不好过，但燃气板块保持增长。""",10,27,2023
"""九丰能源荣获上海证券交易所2022至2023年度信息披露工作最高考评“A”级""",10,27,2023
"""又卖一点，哎，[怒]""",10,27,2023
"""冲冲冲在有几个点我就要盈利了""",10,27,2023
"""买一点试错""",10,27,2023
"""我再又卖掉一点，这说明还能涨，一般是我越卖越涨的，T永远是反的""",10,27,2023
"""财联社10月27日电，《广州开发区 广州市黄埔区促进集成电路产业发展办法》今日印""",10,30,2023
"""够可以了慢点别伸着腰""",10,27,2023
"""赶紧加仓，天然气大涨，九丰能源春节前肯定上30。""",10,27,2023
"""加油，破了25.57一往无前""",10,27,2023
"""600多买进去不会动的，60多卖能下一节，不带这样的""",10,27,2023
"""九丰垃圾又准备套你了""",10,27,2023
"""笑死我都替主力揪心100手就能拉1毛钱这咋吃货啊[哭][哭][哭]""",10,27,2023
"""大家都多少本来晒晒""",10,27,2023
"""继续洗，我看怎么洗，主力！""",10,27,2023
"""求你了跌下来吧我才买了50天你就涨了十多个点，我要拿一年啊！[哭][哭]""",10,27,2023
"""渐渐多头发散向上，沿5日慢慢爬，还有什么借口大幅度杀跌呢？""",10,27,2023
"""怎么不压盘了真没意思""",10,27,2023
"""哎，下跌趋势又形成了，哎，""",10,27,2023
"""我要一步一步往上爬。。爬。。。爬，不对方向搞错了""",10,27,2023
"""世界石油天然气装备博览会在海口开幕2023年10月26日18:12来源：中国新闻""",10,27,2023
"""九丰能源10月26日被沪股通减持15.31万股""",10,27,2023
"""九丰能源：融资净买入304.65万元，融资余额1.25亿元（10-26）""",10,27,2023
"""看看隔壁广汇，九丰这个业绩非常好了""",10,26,2023
"""N多个500手，是谁在买？？？？""",10,26,2023
"""今晚有回购公告""",10,26,2023
"""先不要涨。我卖房的钱还没到账。[得意][得意][得意]""",10,26,2023
"""这个位置还要洗盘，主力真是磨人啊""",10,26,2023
"""某天出个史带减持任务完成公告，九丰股价会报复上涨的""",10,26,2023
"""没满仓赶紧满上。没融资的赶紧融资。""",10,26,2023
"""继续洗蠢猪都看的出来已经高控盘了我陪着你""",10,26,2023
"""来个涨停贺贺兴""",10,26,2023
"""没买的赶紧买，主力要抬轿子了。给大家发烧[捂脸][捂脸][捂脸]""",10,26,2023
"""你就洗盘吧，北向已经明牌看好了，管你洗一天一个月还是一年，没有30个点我是不会走""",10,26,2023
"""广发证券维持九丰能源买入评级 目标价34.54元""",10,26,2023
"""氢能源取代光伏锂电指日可待！坚定持有九丰能源！""",10,26,2023
"""疯狂打压就是为了回购…有意思[偷笑]""",10,26,2023
"""抄公司的底，继续买1000股定投！比回购价还低怕什么。""",10,26,2023
"""持续发力冲破前高！全仓持有坚定看多[得意]""",10,26,2023
"""好像一个个激情高傲，热血沸腾了，一个个神级预判，一个个神级分析都出来了，我怎么觉""",10,26,2023
"""九丰能源10月25日获沪股通增持99.83万股""",10,26,2023
"""这两天北向买的多呀""",10,26,2023
"""从回购价格看，好像大老板在为股价托底，意思就是：你这个庄水平太差啦，好的潜力股被""",10,26,2023
"""九丰能源：融资净买入832.58万元，融资余额1.22亿元（10-25）""",10,26,2023
"""后市判断，用2个月时间验证-九疯""",10,25,2023
"""九丰能源(605090.SH)：首次回购20万股""",10,25,2023
"""现在都等公司自己的钱来抬高股价。一个多亿能拉多高。""",10,25,2023
"""九丰能源：累计回购20万股 占比0.032%""",10,25,2023
"""九丰能源:关于首次回购公司股份暨回购进展的公告""",10,25,2023
"""估计月底前后就这样了，在25左右震荡，等带减持完，下月中旬开拉""",10,25,2023
"""仙人指赶紧加仓""",10,25,2023
"""主力不装了""",10,25,2023
"""又减持给小散不少货……""",10,25,2023
"""这根天线，跑错了也得跑，唉。。。。。""",10,25,2023
"""北上本来打算价值投资的，最后发现买不完根本买不完，狗都不够他们狗""",10,25,2023
"""要套人了""",10,25,2023
"""原来是拉…鸡""",10,25,2023
"""看看怎么演绎吧…""",10,25,2023
"""你看我，我看你，谁都不愿意高价买[捂脸][捂脸][捂脸][捂脸]""",10,25,2023
"""被兴全系沾上的都挺恶心的""",10,25,2023
"""是不是25.57冲不过去了？""",10,25,2023
"""跑不跑！""",10,25,2023
"""这个股一天恨不得发十个研报。好酒不怕巷子深，少发两吧，都互相抄的。""",10,25,2023
"""今天很关键，能不能突破今年新高""",10,25,2023
"""2023年三季报点评：盈利超预期，能服+特气打开成长空间""",10,25,2023
"""西南证券维持九丰能源买入评级 预计2023年净利润同比增长19.75%""",10,25,2023
"""是不是散户冲太前面了啊。。。。。。""",10,25,2023
"""这不就是庄家配合酒疯回购拿便宜筹码吗，这么狠的拿筹码做股权激励，酒疯是要搞大事？""",10,25,2023
"""燃气板块到了压力位""",10,25,2023
"""前两天洗盘太狠了，四连阴，什么庄家！！！""",10,25,2023
"""好像25.44有难度。。。。。。。""",10,25,2023
"""昨天跑的出来溜溜？""",10,25,2023
"""今天收盘一点超过25.44.""",10,25,2023
"""新疆火炬封板的话，你这个垃圾跟不跟？磨磨唧唧""",10,25,2023
"""唉，上攻无力，够呛了""",10,25,2023
"""这个走势很健康""",10,25,2023
"""业绩还是能说明问题""",10,25,2023
"""两市融资余额较前一交易日增加18.37亿元，融资余额1.54万亿元（10-24）""",10,25,2023
"""国信证券维持九丰能源买入评级 目标价28.03~29.4元""",10,25,2023
"""九丰能源10月24日获沪股通增持212.01万股""",10,25,2023
"""三大业务发展良好，拟回购彰显发展信心""",10,25,2023
"""九丰能源：融资净偿还2031.69万元，创历史新高（10-24）""",10,25,2023
"""北向大买，是好事吗[微笑]""",10,25,2023
"""有温度的企业-酒疯""",10,24,2023
"""最新回购的利好公告""",10,24,2023
"""看中了公司啥？养老保险10月大举加仓九丰能源证券时报网52分钟前1评论九丰能源(""",10,24,2023
"""明天跌停，让主力自己玩，今天撤退的兄弟报道""",10,24,2023
"""看中了公司啥？ 养老保险10月大举加仓九丰能源""",10,24,2023
"""明天尾盘跌停，低开八个点""",10,24,2023
"""明天低开八个点，今天撤退的兄弟运气好""",10,24,2023
"""增发1万亿元国债，富时A50中国指数涨1.5%""",10,24,2023
"""安信证券维持九丰能源买入评级 目标价30.72元""",10,24,2023
"""海内外资源池优势显现，特种气体布局加速成长""",10,24,2023
"""九丰能源：拟回购不低于1亿元且不超过2亿元公司股份""",10,24,2023
"""九丰能源:关于以集中竞价交易方式回购公司股份的报告书""",10,24,2023
"""首次掺氢天然气管道燃爆试验成功 我国加速氢能产业布局""",10,24,2023
"""九丰能源:关于回购股份事项前二十大股东及前二十大无限售条件股东持股情况的公告""",10,24,2023
"""今天主力是吸了不少的筹码，明天主力继续加油！""",10,24,2023
"""九丰正式晋升为白马底部股""",10,24,2023
"""天风证券维持九丰能源增持评级 预计2023年净利润同比增长22.94%""",10,24,2023
"""卷卷又来喊接盘了，突然多了这么多，唉""",10,24,2023
"""天风证券给予九丰能源增持评级 清洁能源主业表现稳健 能服+特气业务布局逐步落地""",10,24,2023
"""清洁能源主业表现稳健，能服+特气业务布局逐步落地""",10,24,2023
"""没嘚代减持，应该是可以涨停的，现在回购相当于自己吃一部分代的股吧""",10,24,2023
"""进攻！""",10,24,2023
"""明天肯定涨停""",10,24,2023
"""人家大盘涨了，他抗不住了，这是个什么理解，难道今天回购已完成？[滴汗]""",10,24,2023
"""这底让哥抄的[捂脸]""",10,24,2023
"""德邦证券维持九丰能源增持评级 预计2023年净利润同比增长21.66%""",10,24,2023
"""德邦证券给予九丰能源增持评级 23Q3归母净利润yoy+40% 能服&特气布局逐渐完善""",10,24,2023
"""【中信证券新材料】星舰发射取得阶段性成功，看好卫星产业链中的材料及零部件""",10,24,2023
"""小兄弟不太行啊""",10,24,2023
"""23Q3归母净利润yoy+40%，能服&特气布局逐渐完善""",10,24,2023
"""2023三季报点评：23Q3业绩同增40%，一主两翼布局完善""",10,24,2023
"""东吴证券维持九丰能源买入评级 预计2023年净利润同比增长20.65%""",10,24,2023
"""转发""",10,24,2023
"""要我马上要拉涨停了，千万不要下车了。""",10,24,2023
"""耐心等待2点钟""",10,24,2023
"""天壕能源""",10,24,2023
"""大哥这么猛吗？再涨我要卖没了""",10,24,2023
"""漂亮啊。。""",10,24,2023
"""轻轻松松涨停板""",10,24,2023
"""一点五分涨停""",10,24,2023
"""暴跌下午，快跑吧，赚钱不容易落袋为安""",10,24,2023
"""下午开始暴跌，大盘见光死""",10,24,2023
"""今天暴跌，尾盘见绿，听哥劝""",10,24,2023
"""今天不涨停明天不涨停总有一天能涨停""",10,24,2023
"""这是业绩说明会关于商用火箭配套特气的最新回答""",10,24,2023
"""拉午盘下午跌撤了留下的兄弟发财。""",10,24,2023
"""真磨叽。。。""",10,24,2023
"""今天涨停，明天涨停，二天20%收益来了九丰大丰收""",10,24,2023
"""九丰能源第三季度净利润增长40% 拟回购1-2亿元公司股份""",10,24,2023
"""韭菜们快下车 明天闷你们""",10,24,2023
"""公司近期有无回购注销计划？九丰能源回应""",10,24,2023
"""下午2.30起飞""",10,24,2023
"""成也萧何败也萧何！萧何何在""",10,24,2023
"""干干干""",10,24,2023
"""国盛证券维持九丰能源买入评级 预计2023年净利润同比增长25.05%""",10,24,2023
"""九丰能源：谢治宇、叶峰的兴全合润首次进入前十大流通股东""",10,24,2023
"""已补仓。快涨停吧。。。。""",10,24,2023
"""现在卖出只能赚点小钱，过年前上30，想赚钱都拿好筹码，我马上要拉涨跌了。""",10,24,2023
"""请问有昨天卖了的小可怜吗[俏皮]""",10,24,2023
"""竞价和开盘3秒那么烂""",10,24,2023
"""今天这个样子，都不板，又想高位套人，""",10,24,2023
"""要涨停的""",10,24,2023
"""10分钟超过昨天的量了，这量可以可以，继续放量吧。。。。。。。。。感觉一年多没看""",10,24,2023
"""涨停""",10,24,2023
"""九丰能源10月24日盘中涨幅达5%""",10,24,2023
"""九丰能源10月24日快速上涨""",10,24,2023
"""老一套，高开低走，""",10,24,2023
"""好了满足你们了一下，差不多了""",10,24,2023
"""黄金坑""",10,24,2023
"""能看到的利好绝对不是利好""",10,24,2023
"""就这？""",10,24,2023
"""中国银河维持九丰能源推荐评级 预计2023年净利润同比增长24.48%""",10,24,2023
"""九丰能源2023年三季报点评：Q3业绩超预期，能源服务、特种气体弹性大""",10,24,2023
"""昨天没涨就过分了，今天还是老味道？调开低走，平开低走，低开低走，不开也低走""",10,24,2023
"""九丰能源：融资净买入767.3万元，融资余额1.34亿元（10-23）""",10,24,2023
"""民生证券给予九丰能源推荐评级 2023年三季报点评：“一主两翼”格局持续强化 Q3业绩超出预期""",10,24,2023
"""2023年三季报点评：“一主两翼”格局持续强化，Q3业绩超出预期""",10,24,2023
"""民生证券维持九丰能源推荐评级 预计2023年净利润同比增长38.91%""",10,24,2023
"""别昙花一现""",10,24,2023
"""冷发现-九丰""",10,24,2023
"""今天补跌，谁让他业绩这么好的""",10,24,2023
"""25.47没上车的自求多福""",10,23,2023
"""明天秒板了，爽""",10,23,2023
"""主力筹码拿够了，一个字拉高涨""",10,23,2023
"""九丰能源会不会重复浙能电力10月13日走势，高开低走？""",10,23,2023
"""明天再不涨停更待何时""",10,23,2023
"""经历最多的就是期望越大，失望越大，大家平常心看待，明天补跌都有可能""",10,23,2023
"""九丰能源拟以1亿-2亿元回购股份 前三季净利润同比增长39.88%""",10,23,2023
"""九丰能源股东户数下降10.53%，户均持股23.68万元""",10,23,2023
"""明天必须涨停""",10,23,2023
"""认真的公告点评-九丰""",10,23,2023
"""明天很简单的事，直接板就是厉害，高开开盘不秒板就是套人，""",10,23,2023
"""九丰能源：前三季度归母净利润11.31亿元 同比增长20.22%""",10,23,2023
"""九丰能源2023年前三季度净利11.31亿 同比增加20.22%""",10,23,2023
"""祝大家明天吃肉""",10,23,2023
"""九丰能源：拟以1亿元-2亿元回购公司股份 回购价格不超35.64元/股""",10,23,2023
"""史带金融为什么显示上期退出又显示新进""",10,23,2023
"""九丰能源：拟回购不低于1亿元且不超过2亿元公司股份""",10,23,2023
"""注意！九丰能源将于11月8日召开股东大会""",10,23,2023
"""九丰能源：2023年前三季度净利润约11.31亿元""",10,23,2023
"""上午给你们说了，3季报业绩很好，是仙人指路，明天涨停，这下相信了吧。""",10,23,2023
"""九丰能源：拟以1亿-2亿元回购股份""",10,23,2023
"""九丰能源：2023年前三季度净利润同比增长20.22%""",10,23,2023
"""九丰能源：第三季度净利同比增39.88%；拟1亿元-2亿元回购公司股份""",10,23,2023
"""靓点：回购（年内第二次）、扣非净利润增长20以上、现金流充足（赊账少）、股价在较""",10,23,2023
"""$九丰能源(SH605090)$""",10,23,2023
"""九丰能源：第三季度净利同比增39.88% 拟以1亿元-2亿元回购公司股份""",10,23,2023
"""一图读懂九丰能源2023年第三季度报告""",10,23,2023
"""明天涨停板反包。厉害了，前3天主力一直吸筹。[大笑][大笑][大笑]""",10,23,2023
"""九丰明天庄家有充足理由做多了！""",10,23,2023
"""九丰最近主力乘大盘下跌借机洗盘。""",10,23,2023
"""九丰明天不涨停天理不容，2年内3次回购，一年2次分红，业绩30%增长。氦气+天然""",10,23,2023
"""九丰能源咯好的业绩，明天直接涨停吧""",10,23,2023
"""九丰能源(605090.SH)发布前三季度业绩，净利润11.31亿元，同比增长20.22%""",10,23,2023
"""九丰能源(605090.SH)：拟回购1亿元-2亿元公司股份""",10,23,2023
"""九丰能源(605090.SH)：前三季净利润11.3亿元 同比增长20.22%""",10,23,2023
"""明天抢筹""",10,23,2023
"""九丰能源(605090.SH)拟斥资1亿元至2亿元回购股份""",10,23,2023
"""九丰能源:独立董事关于第二届董事会第三十一次会议相关事项的事前认可意见""",10,23,2023
"""九丰能源:关于归还募集资金及继续使用部分闲置募集资金暂时补充流动资金的公告""",10,23,2023
"""九丰能源:中国国际金融股份有限公司关于公司使用闲置募集资金临时补充流动资金的核查意见""",10,23,2023
"""九丰能源:关于确定2023年至2025年审计服务方案暨聘请2023年度审计机构的公告""",10,23,2023
"""九丰能源:关于召开2023年第二次临时股东大会的通知""",10,23,2023
"""九丰能源:关于以集中竞价交易方式回购公司股份方案的公告""",10,23,2023
"""九丰能源:2023年第三季度报告""",10,23,2023
"""九丰能源:独立董事关于第二届董事会第三十一次会议相关事项的独立意见""",10,23,2023
"""九丰能源:中信证券股份有限公司关于公司使用闲置募集资金临时补充流动资金的核查意见""",10,23,2023
"""九丰能源:第二届董事会第三十一次会议决议公告""",10,23,2023
"""九丰能源:第二届监事会第二十三次会议决议公告""",10,23,2023
"""明天涨停了，这两天主力一直吸筹码。""",10,23,2023
"""季报呢，咋还不出来？瑟瑟发抖中...""",10,23,2023
"""九丰，真正的龙头！！！""",10,23,2023
"""12月29日解禁的股份增发价多少？""",10,24,2023
"""早上减仓去别的地方T，再跌多点把你接回来[呲牙]""",10,23,2023
"""今天是仙人指路，明天肯定涨停，现在闭着眼睛买，明天3季报业绩大增，涨停.""",10,23,2023
"""强烈建议公司更名：九龙能源，蹭一波龙气，九龙拉棺，一定升棺发财。""",10,23,2023
"""下跌趋势，高开低走，套人啦""",10,23,2023
"""这是何方垃圾[微笑]""",10,23,2023
"""今天北上不交易…还能说是北上在砸盘…！""",10,23,2023
"""早上还在后悔卖飞了，现在看看[捂脸]""",10,23,2023
"""12月29日解禁的股份增发价多少？""",10,23,2023
"""还是德龙强啊，这垃圾""",10,23,2023
"""德龙涨停了，你还在这墨迹""",10,23,2023
"""九丰能源本周融资净买入1928.53万元，居燃气板块第一""",10,22,2023
"""九丰能源本周沪股通持股市值增加178.01万元，居燃气板块第七""",10,22,2023
"""该清仓销户了，血本无归""",10,22,2023
"""欣旺达利润和九丰差不多，拆一个欣旺达动力子公司出来就估值300多亿[捂脸]，史带""",10,22,2023
"""九丰能源10月20日被沪股通减持17.22万股""",10,21,2023
"""九丰能源：连续4日融资净偿还累计3346.18万元（10-20）""",10,21,2023
"""坚持就是胜利，没有过不去的坎！""",10,20,2023
"""尾盘名曰：老乡别走""",10,20,2023
"""自己砸1000手，你慢慢捡回来吧，活该，""",10,20,2023
"""c了，一年涨十个点，三天跌完""",10,20,2023
"""三千点都破了还有何惧，买。""",10,20,2023
"""耐心21""",10,20,2023
"""抄底，抄底了。这是洗盘[大笑]""",10,20,2023
"""这个价位让主力先走…""",10,20,2023
"""做了这么长的韭菜，做到10：20，15：00分吧，再最后给你跌1个小时""",10,20,2023
"""绝望吧。。。。。。。。。""",10,20,2023
"""公司近期有无回购注销计划？""",10,24,2023
"""快到买点了[呲牙]，又能买买买""",10,20,2023
"""星期一出业绩，今天这样跌，业绩估计不行哦""",10,20,2023
"""复制一下4月19至25日的走势""",10,20,2023
"""拿到美元降息你就赢家""",10,20,2023
"""主业务的不涨，带概念的却都涨了…""",10,20,2023
"""这波应该是下探到21左右""",10,20,2023
"""昨天买的今天吃套不？""",10,20,2023
"""玩呢，好像很久没有这么刺激过了，[怒]""",10,20,2023
"""九丰能源10月19日被沪股通减持21.76万股""",10,20,2023
"""九丰能源：连续3日融资净偿还累计3254万元（10-19）""",10,20,2023
"""昨天把子弹都打进去了，然后一晚上没睡好，炒股还是不利于健康啊""",10,20,2023
"""下雪了很快要炒天然气来了""",10,19,2023
"""赶紧回购吧""",10,19,2023
"""每一次一点点量就可以拉高，然后大量跑，拉高出货吗""",10,19,2023
"""这样都上不去，还有什么可说的呢？""",10,19,2023
"""明天又来买买买""",10,19,2023
"""现在可以随时减持了。牛""",10,19,2023
"""毛笔了吧""",10,19,2023
"""$九丰能源(SH605090)$""",10,19,2023
"""半导体板块爆发；九丰有半导体概念怎不涨？""",10,19,2023
"""大家都在增持或者承诺不坚持，它就要减持，没有担当。特别是五月份就公告减持，到现在""",10,19,2023
"""请问公司最近是不是经营出现了重大变化并且泄漏了内幕？为什么在10月17号史带金融""",10,20,2023
"""回来一点就都出来秀抄底了嘛？[为什么]""",10,19,2023
"""也是人才""",10,19,2023
"""哥来抄底。""",10,19,2023
"""23.11是颈线，怎么跌破的，怎么回去""",10,19,2023
"""就是往下砸""",10,19,2023
"""机会来了[牛]""",10,19,2023
"""走了几个月就是为了这么一次砸盘吗？""",10,19,2023
"""砸盘跑路""",10,19,2023
"""每天都是一样的剧情，哎呀，""",10,19,2023
"""九丰能源10月18日获沪股通增持23.23万股""",10,19,2023
"""九丰能源：融资净偿还1506.22万元，融资余额1.39亿元（10-18）""",10,19,2023
"""不买在最低点，不卖在最高点[大笑]我这个主力走了三天。你们居然不走""",10,18,2023
"""能服行业进入顺周期""",10,18,2023
"""真能跌啊！！！""",10,18,2023
"""沪工炸板了""",10,18,2023
"""昨天破五日线，今天破十日线，明天破20日线。主打一个谁也别想赚钱出，破了23.7""",10,18,2023
"""你看看德龙""",10,18,2023
"""除了极个别股，其他的股票也是绿绿绿，没办法的事[困顿][困顿][困顿]""",10,18,2023
"""买买买看谁笑到最后""",10,18,2023
"""请公司详细介绍一下公司股东史带金融，在网上找不到任何关于史带金融的注册资料，请问""",10,18,2023
"""买买买""",10,18,2023
"""大哥，1个点就差不多了，别太快，心脏受不了""",10,18,2023
"""史带从来就不是小丑，那是看透了，我们才是小丑""",10,18,2023
"""跌破23再加仓""",10,18,2023
"""不要动，PA阿趴，趴着""",10,18,2023
"""星期一追的真掺，""",10,18,2023
"""23.79，你再公告减持？""",10,18,2023
"""还得是你，主打一个稳健，跌这么一点，比外面安全多了[呲牙]""",10,18,2023
"""节操没了。。。。。""",10,18,2023
"""九丰能源10月17日被沪股通减持4.5万股""",10,18,2023
"""九丰能源：融资净偿还614.28万元，融资余额1.54亿元（10-17）""",10,18,2023
"""明人不说暗话，九丰能源小小散将于10月18日，通过集合竞价的方式，将以24.35""",10,17,2023
"""传下去，天然气大跌，明天高位跌停[火箭][火箭][火箭]原地[韭菜][韭菜][韭""",10,17,2023
"""能现金分红说明业绩是实实在在的，三季度业绩值得关注""",10,17,2023
"""你好，在气源方面，最近公司对国内气源的开发力度很大，海外气源有没有考虑？现在天然""",10,17,2023
"""今天中签新股赚的全搞里面了期待明天大反弹""",10,17,2023
"""关于减持的事""",10,17,2023
"""我非常了解此股股性""",10,17,2023
"""今天算是过去了，明天1-2个点后天1-2个点。。。。。。。。。。。。。。。。。后""",10,17,2023
"""昨天卡25，今天卡24，明天卡23""",10,17,2023
"""咋跌的这么厉害？""",10,17,2023
"""昨天追高进来，今天吃大面""",10,17,2023
"""同样的配方。""",10,17,2023
"""请问有无公司三四季报的预告？是不是公司亏损严重史带金融提前得到消息慌不择路的逃跑""",10,17,2023
"""请问公司有无配合史带金融拉高减持公司股票？""",10,17,2023
"""昨天有买入的新韭菜吧…[偷笑]""",10,17,2023
"""洗盘吗""",10,17,2023
"""九丰能源10月17日盘中跌幅达5%""",10,17,2023
"""跌停我买点""",10,17,2023
"""死带垃圾你赶快跑，不然又要破发了""",10,17,2023
"""[哭]相信你只是怕伤害我，不是骗我，24.08压这么多，就是要破这里呗[捂脸]""",10,17,2023
"""连买单都没有，高度控盘了，这股不能追高，根本不给散户套利空间，鉴定完毕""",10,17,2023
"""这次分红完之后发行价是多少？""",10,17,2023
"""昨天进的韭菜哎呀""",10,17,2023
"""你是上辈子造了什么孽，天然气里面垫底""",10,17,2023
"""昨天就是骗局…骗散户接盘而已…[兴奋]""",10,17,2023
"""一起砸跌停…""",10,17,2023
"""公司全部自己接了不就好了嘛，就这么点而已""",10,17,2023
"""哎，还好昨天跑了哦，这垃圾……""",10,17,2023
"""又死一片，就知道哈哈，""",10,17,2023
"""mmp""",10,17,2023
"""九丰能源10月16日获沪股通增持25.26万股""",10,17,2023
"""九丰能源：融资余额环比增加49.3%，增幅两市第八（10-16）""",10,17,2023
"""明天闸刀一切的样子，怕是全部回吐。""",10,16,2023
"""今天量有点大""",10,16,2023
"""字母哥减持了""",10,16,2023
"""九丰能源准备向欧洲运天然气""",10,16,2023
"""明天，散户可以冲啦，这波50块，稳稳的""",10,16,2023
"""这股符合减持标准？""",10,16,2023
"""九丰能源(605090.SH)主要股东史带金融累计减持50万股""",10,16,2023
"""九丰能源:关于5%以上股东减持股份进展暨权益变动比例超过1%的提示性公告""",10,16,2023
"""希望史带在这个位置赶快走完，后面就一马平川了""",10,16,2023
"""这次解套走了好多人！新鲜血液流进来！顶住大涨小跌""",10,16,2023
"""您好，公司重组的艾尔希现在完成交割了吗？艾尔希的主要优势是什么，会给公司在特种气""",10,17,2023
"""都跑得这么疯狂的吗？""",10,16,2023
"""盘口资金流是假的吧？""",10,16,2023
"""小散的力量真伟大。。。""",10,16,2023
"""25拖单怎么还不破""",10,16,2023
"""筹码上看，今天没什么人敢买，应该还会继续上去，涨到有人愿意进去接盘为止。""",10,16,2023
"""上不去就的下来，飞流直下三千尺，疑是银河落九天""",10,16,2023
"""跳水开始，走了""",10,16,2023
"""即将被打败，光明就再眼前""",10,16,2023
"""跑什么跑，看不清形势，月底就30了""",10,16,2023
"""先走为敬。兄弟们保重""",10,16,2023
"""外日25.44买在最高点。""",10,16,2023
"""跑不跑兄弟们""",10,16,2023
"""刚才谁在高位接盘啦，把九丰指数给压了下来""",10,16,2023
"""废材""",10,16,2023
"""呼叫日天日地日空气""",10,16,2023
"""挂单涨停出了""",10,16,2023
"""如果今天冲高回落，那今天进的哎呀""",10,16,2023
"""还不错！""",10,16,2023
"""这个公司为啥公布20个大股东，别的公司不都是十大股东忙？有木有大神解释一下""",10,16,2023
"""九丰能源本周融资净偿还102.09万元，居燃气板块第二""",10,15,2023
"""九丰能源本周沪股通持股市值增加197.37万元，居燃气板块第一""",10,15,2023
"""看样子，应该有机会""",10,14,2023
"""卡塔尔停天然气""",10,14,2023
"""日中天""",10,14,2023
"""九丰能源10月13日获沪股通增持39.71万股""",10,14,2023
"""九丰能源：融资净买入317.85万元，融资余额1.07亿元（10-13）""",10,14,2023
"""这个垃圾每次涨几个点就开始泄气了！""",10,13,2023
"""总算一天，有本事硬两天""",10,13,2023
"""大宗交易马上开始了马上开始了""",10,13,2023
"""先撤退了，留下的发财，我等下周跌两天在来[大笑]""",10,13,2023
"""我不走，真上不去。大家快谢谢我""",10,13,2023
"""启动了赶紧加仓年底上30""",10,13,2023
"""10月13日24.31元先来一点""",10,13,2023
"""九丰能源：目前巴以冲突未对公司国际业务产生影响""",10,13,2023
"""[捂脸]感觉今天玩疯了好大一批人，[捂脸][捂脸][捂脸]""",10,13,2023
"""今天走的真是日天日地日空气""",10,13,2023
"""九丰能源主力在里边""",10,13,2023
"""简直把人逼疯了""",10,13,2023
"""感觉上不去了，出一半""",10,13,2023
"""不错[微笑][加油][鼓掌][鼓掌]""",10,13,2023
"""谁在24。3清仓了啊""",10,13,2023
"""九丰能源：公司目前生产经营正常推进""",10,13,2023
"""好股""",10,13,2023
"""啥时候轮到九丰？""",10,13,2023
"""清仓大甩卖""",10,13,2023
"""疯了疯了疯了疯了，""",10,13,2023
"""继续""",10,13,2023
"""今天应该是稳了，看下周能连续给力不[想一下]""",10,13,2023
"""今天放量大阳线大家都吃个肯德基吧""",10,13,2023
"""史可以坚持了…""",10,13,2023
"""[为什么][为什么][为什么]又到了24这个死结了？[为什么]""",10,13,2023
"""懂得感恩知足常乐""",10,13,2023
"""风口。""",10,13,2023
"""平心而论九峰在这段时间绝对对得起大家不知道为啥还有那么多人喷？""",10,13,2023
"""九丰能源(605090.SH)：目前巴以冲突未对公司国际业务产生影响""",10,13,2023
"""呵呵，大A这尿性，昨天还在说国家队进来了，买了5个亿就开始吹了，大牛来了大牛来了""",10,13,2023
"""九丰能源10月12日获沪股通增持3.74万股""",10,13,2023
"""XD九丰能：融资净偿还156.02万元，融资余额1.04亿元（10-12）""",10,13,2023
"""芬兰天然气管道被炸就疯受益大涨来临""",10,12,2023
"""你们的钱到账没有""",10,12,2023
"""分完红了要好好涨一波""",10,12,2023
"""现在主力是想拉就拉，想打压就打压了，可以随心所欲了，就是看他想不想，我看他是还不""",10,12,2023
"""$XD九丰能(SH605090)$""",10,12,2023
"""今天主打吸筹""",10,12,2023
"""我还能坚持多久[哈欠]""",10,12,2023
"""用我们自己的钱给自己分红？？？""",10,12,2023
"""涨停[呲牙]""",10,12,2023
"""几百手就能砸跌停，永远不会涨""",10,12,2023
"""多么好的走势，重仓干不翻倍不走[呲牙]""",10,12,2023
"""大股东顺时跑路，只要给他机会""",10,12,2023
"""股票跌涨那是市场行为。这分红，几个公司能做到？真良心。""",10,12,2023
"""洗盘成功。""",10,12,2023
"""今天是不是分你2000块钱，然后再跌回去，然后一分钱没拿还要贴几块，感觉怎么这么""",10,12,2023
"""九丰能源10月11日被沪股通减持23.61万股""",10,12,2023
"""九丰能源：融资净偿还409.27万元，融资余额1.05亿元（10-11）""",10,12,2023
"""天然气期货暴跌了？""",10,11,2023
"""最近都比较坚挺，坐等明天分红，坚定看好[看多]""",10,11,2023
"""涨停[呲牙]""",10,11,2023
"""天然气暴跌了吗""",10,11,2023
"""昨天应该买梅安森而不是你""",10,11,2023
"""盘子太大，我投了500万都没翻起什么浪花！""",10,11,2023
"""相约跑路？""",10,11,2023
"""明天要分红了[滴汗]""",10,11,2023
"""这个那个利好这个气那个气那个推荐那个推荐的都不要说了，一起看股价吧......[""",10,11,2023
"""九丰能源10月10日被沪股通减持17.7万股""",10,11,2023
"""九丰能源：融资净买入145.3万元，融资余额1.09亿元（10-10）""",10,11,2023
"""九丰能源：第三季度“可转债”无转股""",10,10,2023
"""九丰能源:关于可转债转股结果暨股份变动的公告""",10,10,2023
"""文章有点多不走等着干啥""",10,10,2023
"""尾盘涨停[捂脸]""",10,10,2023
"""不拉尾盘图形不好看了""",10,10,2023
"""感觉收购一个公司割一次，收购一次割一次，要上的话这消息出来之前就涨好了，消息出来""",10,10,2023
"""到处是坑。你这不争气的。""",10,10,2023
"""天然气涨价，九丰又要受益""",10,10,2023
"""东吴证券维持九丰能源买入评级 预计2023年净利润同比增长20.65%""",10,10,2023
"""首个特气零售气站落地，“资源+终端”协同明显，特气发展加速""",10,10,2023
"""今天买进，明天涨停出货。""",10,10,2023
"""中国银河给予环保公用推荐评级：九月行业动态报告：电力市场化改革进程加速，CCER重启在即""",10,10,2023
"""哈哈，[大笑]大利好大跌一个点""",10,10,2023
"""24这个位置感觉耶稣来了也保不住[哭]""",10,10,2023
"""垃圾""",10,10,2023
"""[哭][哭]我的翻倍牛股，卖飞了，接你回来求涨停""",10,10,2023
"""我说呢怎么跌了，秘秘来了""",10,10,2023
"""24是卖点，记住这个位置就是大股东减持价格，套现的时候。""",10,10,2023
"""九丰能源10月09日获沪股通增持5.46万股""",10,10,2023
"""国际天然气飙升，今天可以拉起来了""",10,10,2023
"""这股其实一个公告就飞了，就是股东取消减持计划。机构也不可能给你抬轿，拉伸给股东减""",10,10,2023
"""九丰能源：融资净买入439元，融资余额1.08亿元（10-09）""",10,10,2023
"""别的没什么，就消息这一块都拿捏的很到位[捂脸]""",10,10,2023
"""横盘不动，深跌可加仓！""",10,9,2023
"""继能服项目后，气体项目也落地，两翼业务值得期待""",10,9,2023
"""成功牵手艾尔希，九丰特气终端业务首个项目落地""",10,9,2023
"""还是九丰好，别乱跑[哭]""",10,9,2023
"""请问以巴冲突对公司的运营和利润会有什么影响？""",10,13,2023
"""$九丰能源(SH605090)$""",10,9,2023
"""跌不动了，进入慢涨节奏，期待周四开启的分红除权行情，可以抢筹了...""",10,9,2023
"""快就是慢，慢就是快""",10,9,2023
"""[大笑]和预期一致，哈哈，""",10,9,2023
"""如期下跌吗？""",10,9,2023
"""您好！请问截至9月30号，公司股东人数是多少？谢谢！""",10,10,2023
"""请问公司在氦气和氢气业务方面的产能及产量情况，特气业务的发展规划是什么？""",10,10,2023
"""请问公司募投项目两条LNG、LPG船什么时候下水，现在船租金市场价格很好，公司会""",10,10,2023
"""九丰能源:关于发行股份、可转换公司债券及支付现金购买资产并募集配套资金实施进展的公告""",10,8,2023
"""九丰能源本周融资净偿还1409.43万元，居燃气板块第二""",10,8,2023
"""九丰能源本周沪股通持股市值增加1246.44万元，居燃气板块第三""",10,8,2023
"""~~~~~~~~~~~~  明日不敢买，他日捶断腿""",10,8,2023
"""国际油跌气涨对九丰的影响？""",10,7,2023
"""九丰能源""",10,7,2023
"""能源跌惨。看看你的表现。""",10,6,2023
"""周一，涨停""",10,6,2023
"""大股东减持就在下个交易日，轧盘很快上演？""",10,6,2023
"""假期回来天然气要一枝独秀了""",10,5,2023
"""今天国外天燃气期货创新高""",10,5,2023
"""假期外围天然气大涨""",10,5,2023
"""重仓的前提和步骤""",10,4,2023
"""怎么明明主买统计成流出呢？""",9,29,2023
"""怎么明明是主买确统计成流出呢""",9,29,2023
"""如果把史带金融的股份协议转让给沙特阿美，大家觉得如何？""",9,29,2023
"""牛啊。终于靠近24了""",9,28,2023
"""股市要休十天!""",9,28,2023
"""赶紧加仓，放假天然气价格会大涨""",9,28,2023
"""24收盘我今天猛吃3个月饼[大笑]""",9,28,2023
"""九丰能源，坑你一万年""",9,28,2023
"""课代表解释，资金为什么一直在流出，越流越多了。。。。。。。""",9,28,2023
"""[呲牙][呲牙]就看你了，中秋节国庆节送波福利呗""",9,28,2023
"""要走的可以走了，留下的等飞机""",9,28,2023
"""24.18，下午见。""",9,28,2023
"""马上起飞，坐稳扶好[火箭][火箭][火箭]""",9,28,2023
"""每天压盘的就是这帮GSZ""",9,28,2023
"""今年欧洲那边应该是极寒天气，天然气肯定要大涨。""",9,28,2023
"""撤单？压着啊！""",9,28,2023
"""风在吹，心在跳。""",9,28,2023
"""拉高出货，都回家过节去了。""",9,28,2023
"""这几天都是这尿性""",9,28,2023
"""谢谢老板""",9,28,2023
"""23.80干嘛呢？想套路，还是想出货，还是想压货，还是。。。。。。。""",9,28,2023
"""九丰能源09月27日获沪股通增持3.55万股""",9,28,2023
"""九丰能源：融资净买入99.65万元，融资余额1.12亿元（09-27）""",9,28,2023
"""期货暴涨""",9,27,2023
"""这个节日过不过得好就看明天了！涨点吧我买瓶茅台喝喝""",9,27,2023
"""明天直接跌到22给你过个好节日""",9,27,2023
"""成本21.68，买入价21.98，拿分红了""",9,27,2023
"""史带投资2.6亿，全部减持完能赚多少钱，大家算算""",9,27,2023
"""因为史带的减持计划，近一年来股价几乎没站稳过24元，量化一直在22-24间割韭菜""",9,27,2023
"""又在刷成交量啦，哎，""",9,27,2023
"""板块逆子""",9,27,2023
"""远离""",9,27,2023
"""庄稼真有耐心，你节前不涨，节后总要涨吧，你年前不涨，年后总要涨吧？！纸包不住""",9,27,2023
"""九丰能源09月26日获沪股通增持12.81万股""",9,27,2023
"""九丰能源：连续3日融资净偿还累计1264.08万元（09-26）""",9,27,2023
"""今天冲上24回点血冲冲冲""",9,27,2023
"""九丰能源：可转债转股价格调整为22.23元/股""",9,26,2023
"""史带金融你怎么说，已经减持套现那么多了，能不能消停一下""",9,26,2023
"""九丰能源:2023年半年度权益分派实施公告""",9,26,2023
"""九丰能源:关于因利润分配调整可转换公司债券转股价格的公告""",9,26,2023
"""九丰能源:中国国际金融股份有限公司关于九丰能源差异化权益分派事项的核查意见""",9,26,2023
"""冬天快来了春天还会远吗""",9,26,2023
"""赌一把试试加仓20万拉尾盘""",9,26,2023
"""全天成交量不足4000万，走了，没资金关注的票，浪费时间，下次有机会再来""",9,26,2023
"""就涨这么点就要调整了吗""",9,26,2023
"""坐稳扶好，一点起飞[火箭][火箭][火箭]""",9,26,2023
"""昨天好不容易加点油，今天油又没了，唉，飞不起来了""",9,26,2023
"""用力砸，砸到23以下，让我做个T""",9,26,2023
"""10点起飞""",9,26,2023
"""九丰能源09月25日获沪股通增持3.77万股""",9,26,2023
"""九丰能源：融资净偿还899.85万元，融资余额1.13亿元（09-25）""",9,26,2023
"""节前会分红吗？准备取出过个节""",9,25,2023
"""……""",9,25,2023
"""节前就是诱多…个人观点，不喜勿喷""",9,25,2023
"""转股就赚钱还能吃一波分红直接跑路可以的""",9,25,2023
"""氢能源站上风口。""",9,25,2023
"""怎么感觉拉一下出点货，再拉一下再出点货的节奏啦""",9,25,2023
"""感觉不错，但不敢下手。""",9,25,2023
"""也不知道怎么上去的，也不知道怎么下来的，来来回回，来一刀回一刀""",9,25,2023
"""强势买入""",9,25,2023
"""235以上卖，23一下买，来回做。爽""",9,25,2023
"""[捂脸][捂脸]留个底仓看你们表演""",9,25,2023
"""破发了大股东不能减持了吧？""",9,25,2023
"""什么时候分红啊，过节前，能到账吗？没钱过节了[哭][哭][哭][哭]""",9,25,2023
"""毫无征兆的拉一下就说明他想搞小动作了！这一次有可能就是今年最高点了""",9,25,2023
"""九丰能源本周融资净买入423.71万元，居燃气板块第四""",9,24,2023
"""九丰能源本周沪股通持股市值增加227.79万元，居燃气板块第三""",9,24,2023
"""九丰能源09月22日获沪股通增持9.65万股""",9,23,2023
"""九丰能源：融资净偿还130.72万元，融资余额1.22亿元（09-22）""",9,23,2023
"""九丰气价涨到5000""",9,22,2023
"""问董秘问不上，不显示。。。""",9,22,2023
"""唉最怕大盘大涨了，眼红死，难受香菇""",9,22,2023
"""破位了，要到16""",9,22,2023
"""成交量惊人""",9,22,2023
"""中原怪相""",9,22,2023
"""买进""",9,22,2023
"""董秘来了，就这么牛B了，，，，，，，，，，，""",9,22,2023
"""九丰能源09月21日被沪股通减持21.28万股""",9,22,2023
"""九丰能源：融资净买入348.98万元，融资余额1.23亿元（09-21）""",9,22,2023
"""一个定增圈钱的公司能走成这样已经很不错了，洗洗睡吧""",9,22,2023
"""大家都散了吧，让我独自面对这恶心的家伙吧""",9,21,2023
"""吧""",9,21,2023
"""请问公司股东或员工像金帝股份一样把限售股出借给券商做融券做空的情况？""",9,25,2023
"""接听电话的董秘换人了呀""",9,21,2023
"""尾盘收到23上方明天有戏最好收个平盘就稳妥了""",9,21,2023
"""辛辛苦苦涨了两天，容易嘛。。。。。。。""",9,21,2023
"""管住手21等，只需要耐心就好""",9,21,2023
"""九丰能源09月20日获沪股通增持1.06万股""",9,21,2023
"""九丰能源：融资净买入680.97万元，融资余额1.2亿元（09-20）""",9,21,2023
"""9月25号之前应该有一波行情了""",9,20,2023
"""九丰能源:关于实施权益分派时可转债停止转股和转股价格调整的提示性公告""",9,20,2023
"""稳定压到一起。""",9,20,2023
"""减仓了[捂脸]""",9,20,2023
"""哎，走得那叫一个孱弱呀""",9,20,2023
"""不放量就是耍流氓[捂脸]""",9,20,2023
"""没有量又不下来，后面怎么样啊？就这么抗住吗？""",9,20,2023
"""随时加速飙升。""",9,20,2023
"""你认为酒疯是好公司的，值得价值投资的，就拿稳了，发行价甚至定增价一下是比较安全的""",9,20,2023
"""大家别想太多，要么涨要么跌，九丰没有利好了，炒作话题找不到了""",9,20,2023
"""九丰能源09月19日获沪股通增持5.59万股""",9,20,2023
"""九丰能源：融资净偿还279.36万元，融资余额1.13亿元（09-19）""",9,20,2023
"""昨天好好涨不行吗，非要搞这出不死不活的。""",9,19,2023
"""有我托底呢，你们怕什么？大家冲啊""",9,19,2023
"""神不知鬼不觉的，资金流出200多W了，可一看还是涨的""",9,19,2023
"""轻轻抖一抖就上，轻轻抖一抖就下，唉，好轻""",9,19,2023
"""量化是不是差不多这么个意思[捂脸]""",9,19,2023
"""九丰能源09月18日获沪股通增持14.87万股""",9,19,2023
"""九丰能源：融资净偿还196.14万元，融资余额1.16亿元（09-18）""",9,19,2023
"""九丰能源是不是涉嫌业绩造假？这么小的流通盘，为什么不涨呢？""",9,18,2023
"""我的二个消息都被屏蔽了""",9,18,2023
"""请问井下能服市场空间大不大？""",9,22,2023
"""撤单，卖也不是，加仓也不跌下来，难受啊[笑哭]""",9,18,2023
"""尊敬的董秘您好，请问贵司旗下森泰能源今年业绩如何，今年预计氦气业务能够为公司贡献""",9,22,2023
"""等秋天燃气就炒作了""",9,18,2023
"""情况就是这么个情况[笑哭]""",9,18,2023
"""九丰能源本周融资净买入564.75万元，居燃气板块第六""",9,17,2023
"""九丰能源本周沪股通持股市值减少171.53万元，居燃气板块第三""",9,17,2023
"""九丰能源09月15日获沪股通增持1.6万股""",9,16,2023
"""九丰能源：连续3日融资净买入累计556.84万元（09-15）""",9,16,2023
"""回购指数股，破发行价24.7，破增发价22.83""",9,15,2023
"""回购指数，有九丰，什么意思[为什么]""",9,15,2023
"""大孙子[大笑]为了补量自导自演硬往下砸""",9,15,2023
"""竞价难道还我两条香烟[兴奋]""",9,15,2023
"""和狼狈为奸""",9,15,2023
"""起飞，挂一档，堕机，一气呵成""",9,15,2023
"""跌停""",9,15,2023
"""23要破了，66666""",9,15,2023
"""看来可以撤单了""",9,15,2023
"""喊起飞的出来走两步，丢人现眼的苟东西。""",9,15,2023
"""上午还好好的，突然崩溃""",9,15,2023
"""无人问津？怎么解释？""",9,15,2023
"""公司井下能源服务模式是怎么样的，可否详细介绍下？""",9,22,2023
"""草""",9,15,2023
"""马上崩了，快跑""",9,15,2023
"""外资在砸九丰的盘，估计还得跌一两块""",9,15,2023
"""九丰能源跟长江电力挺像的好好挖掘了一下，新发现一个跟长江电力一样属于清洁能源行业""",9,15,2023
"""不玩了让我走，不涨停没意思[笑哭]""",9,15,2023
"""来点儿量吧[摊手]""",9,15,2023
"""九丰能源09月14日获沪股通增持10.71万股""",9,15,2023
"""昨天出个降息利好，从来是休息日出的，现在居然在星期四出，不上不下，A股是真的看不""",9,15,2023
"""九丰能源：融资净买入103.22万元，融资余额1.14亿元（09-14）""",9,15,2023
"""一个38""",9,14,2023
"""看不懂九丰能源的主力这样的操盘""",9,14,2023
"""又收在38，好玩呢？""",9,14,2023
"""一反常态有护盘动作。""",9,14,2023
"""睡午觉梦见你涨停了！""",9,14,2023
"""明天低开低走""",9,14,2023
"""荷兰那边价格暴涨，你偏偏还要下跌，是不是量化盯上了？""",9,14,2023
"""酒疯不过二十四，春风不度玉门关[笑哭][笑哭][笑哭]""",9,14,2023
"""九丰能源：到1号位到底会不会破？看哪一个指标？看多少周期的参数？""",9,14,2023
"""九丰能源09月13日被沪股通减持4.98万股""",9,14,2023
"""九丰能源，我买卖几次都赚钱。这个股票好。""",9,14,2023
"""九丰能源：融资净买入89.64万元，融资余额1.13亿元（09-13）""",9,14,2023
"""$九丰能源(SH605090)$""",9,13,2023
"""明天24看看能出去吗""",9,13,2023
"""怒涨一分钱""",9,13,2023
"""九丰能源与河南中能签署全面合作协议 能源作业服务布局再下一城""",9,13,2023
"""24都过不去，还吹""",9,13,2023
"""只要两个跌停就行。拜托来吧""",9,13,2023
"""涨停[呲牙]""",9,13,2023
"""史带金融在砸盘跑路""",9,13,2023
"""尿性""",9,13,2023
"""已经没有成交量了""",9,13,2023
"""九丰能源09月12日被沪股通减持13.12万股""",9,13,2023
"""九丰能源：融资净偿还157.87万元，融资余额1.12亿元（09-12）""",9,13,2023
"""这次做完，22.6再见了""",9,12,2023
"""出现一帮托，大家小心了，暴跌开始""",9,12,2023
"""真是看不懂，这操的是哪门子盘呐？[滴汗]""",9,12,2023
"""这货把板块都带下来了，买的别的股跟着一起遭殃。恶心""",9,12,2023
"""缩量跌是大涨的前兆吗？[笑哭][笑哭][笑哭]""",9,12,2023
"""一手哥天下无敌""",9,12,2023
"""这货是华为概念，它给华为公司供燃气。[微笑]""",9,12,2023
"""还能到24吗""",9,12,2023
"""垃圾""",9,12,2023
"""不用吧，一喊涨停就往下[捂脸]""",9,12,2023
"""又垫底变成龙头了！""",9,12,2023
"""难为你了，坚持了一早上""",9,12,2023
"""涨停[大笑]""",9,12,2023
"""就没一次跌停过[哭]不让我进来托底么？""",9,12,2023
"""九丰能源09月11日被沪股通减持1.59万股""",9,12,2023
"""九丰能源：连续6日融资净买入累计1387.81万元（09-11）""",9,12,2023
"""犹犹豫豫。故作姿态""",9,11,2023
"""马上回到21，让你们得瑟""",9,11,2023
"""为啥我一挂24卖你就跌""",9,11,2023
"""买了酒疯子，就没见疯过一次，天天墨迹，今天还算好，下午别在软蛋就好了，都没见过哪""",9,11,2023
"""38过不去了，难道况况价时就有暗示""",9,11,2023
"""不到20不进场""",9,11,2023
"""涨停[大笑]""",9,11,2023
"""你是A股里面的神，140多亿，10分钟500W上不了，冷一批""",9,11,2023
"""到了24就卖，准没错[偷笑][偷笑][偷笑]""",9,11,2023
"""九丰开启翻倍之旅。""",9,10,2023
"""九丰能源本周融资净买入1222.02万元，居燃气板块第一""",9,10,2023
"""九丰能源本周沪股通持股市值增加465.65万元，居燃气板块第七""",9,10,2023
"""股价还没有新天然气高。不要吹。新天然气同样值得拥有。""",9,10,2023
"""九丰能源（605090）""",9,10,2023
"""可转债什么时候上市？""",9,9,2023
"""九丰能源：连续5日融资净买入累计1222.02万元（09-08）""",9,9,2023
"""九丰能源：上半年扣非ROE排名燃气行业第1名""",9,8,2023
"""又发公告了，心凉凉的，越吹越低，66666666，非要散户来把全部单买了，唉""",9,8,2023
"""九丰能源：上半年扣非ROE排名燃气行业第1名""",9,8,2023
"""涨停[笑哭]""",9,8,2023
"""九丰能源09月07日获沪股通增持10.93万股""",9,8,2023
"""九丰能源：连续4日融资净买入累计1053.26万元（09-07）""",9,8,2023
"""别急着下手，冷静。。。。。""",9,7,2023
"""涨停啊[笑哭]""",9,7,2023
"""发柴这种事情怎么能轮到韭菜""",9,7,2023
"""量化软件执行的程序是根据算算出来的对付这种已经设定砸盘线再反复高抛低吸收割套利的""",9,7,2023
"""说了，慢熊事来了。马上回到21大家到时候捡漏""",9,7,2023
"""[旺柴]这股是两融里比较典型的量化操控的股了，这一点都看不清就真别玩了。""",9,7,2023
"""买九丰，全家疯！""",9,7,2023
"""过年前盼过年后，过年后盼5.1，5.1后盼7.1，7.1后盼9..1，9.1后盼""",9,7,2023
"""九丰能源09月06日被沪股通减持7.31万股""",9,7,2023
"""九丰能源：连续3日融资净买入累计526.81万元（09-06）""",9,7,2023
"""异动要飙。""",9,6,2023
"""怎么还不分红""",9,6,2023
"""这是一只明知它会涨，却又让人没耐性的股。。。。。。""",9,6,2023
"""今天晚上有利好消息！谁走漏了风声""",9,6,2023
"""什么操作啊，看不懂啊[摊手]""",9,6,2023
"""九丰涨二分，分包香烟抽抽""",9,6,2023
"""量创新低，66666666""",9,6,2023
"""昨天有人增持16万古，社保又在，将来当龙头""",9,6,2023
"""这股还能过24吗""",9,6,2023
"""继续拿着""",9,6,2023
"""涨停[捂脸]""",9,6,2023
"""九丰能源09月05日获沪股通增持16.24万股""",9,6,2023
"""别人涨停，他总能带上去一小波，再坚持一下""",9,6,2023
"""九丰能源：融资净买入128.85万元，融资余额1.05亿元（09-05）""",9,6,2023
"""明天应该涨停了""",9,5,2023
"""谁能问一下，为什么公司表面上是新能源，毛利率却10%都不到？毛利率太低说明公司产""",9,5,2023
"""九丰能源:中信证券关于九丰能源向特定对象发行可转换公司债券挂牌转让事项的核查意见""",9,5,2023
"""九丰能源:关于向特定对象发行的可转换公司债券挂牌转让公告""",9,5,2023
"""每股三毛钱是打算十月在分吗""",9,5,2023
"""美能都涨停了你在这过年呢""",9,5,2023
"""美能开拉了，九丰动下啊！""",9,5,2023
"""今天应该还能打到23.68，然后就不知道了。。。。。""",9,5,2023
"""外资和内资今天又开始做空了""",9,5,2023
"""九丰能源5000m³ LPG运输船正式开工建造""",9,5,2023
"""今天的板块龙头就是你了""",9,5,2023
"""不是量化在里面呼风唤雨，我信你个鬼啊。""",9,5,2023
"""涨停，涨停[大笑]""",9,5,2023
"""操纵股价，坑害股民，可怜小散还蒙在鼓里""",9,5,2023
"""看不懂咯公司，不知道为什么不涨？""",9,5,2023
"""这个恶庄，喜欢装龙头，又喜欢垫底，真是无语""",9,5,2023
"""正常分析今天跌反着来今天涨""",9,5,2023
"""九丰能源：融资净买入371.7万元，融资余额1.04亿元（09-04）""",9,5,2023
"""：周k线明天不大涨突破上周高点就砸盘出局""",9,4,2023
"""该走了，即使赔钱也要走，大趋势向上，何必耗在这，赔了钱还输了时间""",9,4,2023
"""九丰能源:关于发行股份、可转换公司债券及支付现金购买资产并募集配套资金实施进展的公告""",9,4,2023
"""好险，差点就绿了，牛B克拉死[笑哭]""",9,4,2023
"""[大笑][大笑][大笑]买了你的倒霉到家了""",9,4,2023
"""今天是惨不忍睹，自选股其它股全部在大涨啊""",9,4,2023
"""你丢人啊""",9,4,2023
"""龙头果然不一样""",9,4,2023
"""24.2可以出去吗，待了2年了""",9,4,2023
"""Tnd高看你了，我还以为要突破24的""",9,4,2023
"""2375出了换别的太垃圾了""",9,4,2023
"""慢熊开启""",9,4,2023
"""九丰收割量化第一股。""",9,4,2023
"""过去站稳24我就加仓否则底仓继续""",9,4,2023
"""为啥就过不去24呢，""",9,4,2023
"""板块垫底，厉害啦""",9,4,2023
"""九丰能源严重低估，久大家一个涨停""",9,4,2023
"""量化再做最后的挣扎，趁现在政策还没正式出来，好好嫌天天嫌""",9,4,2023
"""大单压盘""",9,4,2023
"""这个股不能进行融资融券的是上过40，后面来来回回一年多28都没到过""",9,4,2023
"""太恶心啦""",9,4,2023
"""24这个砍，很坎坷。。。。。。""",9,4,2023
"""兄弟们听我的，挂24.5能走就走吧，短期走不出来""",9,4,2023
"""不应该啊，九丰基本盘不错，怎么散户在跑路，机构也不拉这玩意""",9,3,2023
"""九丰能源本周(2023/08/28-2023/09/01)累计涨幅达2.55%，""",9,3,2023
"""融券大幅减少，看来空投投降了""",9,3,2023
"""规范量化交易细则，九丰明天大涨！""",9,3,2023
"""九丰能源本周融资净偿还136.54万元，居燃气板块第六""",9,3,2023
"""九丰能源本周沪股通持股市值增加410.9万元，居燃气板块第三""",9,3,2023
"""九丰里面绝对有量化大佬在一直收割。基本面，从去年到今年不停的收割""",9,2,2023
"""的直接居民用气收入占比多大？""",9,2,2023
"""九丰能源的融资在下降，融券一直攀升，有点危险啊""",9,2,2023
"""九丰能源：融资净偿还155.76万元，融资余额9994.68万元（09-01）""",9,2,2023
"""我与融券股断绝关系""",9,2,2023
"""啥是量化""",9,1,2023
"""我始终相信，下半年资源价格能猛涨""",9,1,2023
"""鸡肋""",9,1,2023
"""本来以为今天要做带头大哥了""",9,1,2023
"""你又骗炮了，看看新疆燃气""",9,1,2023
"""量化哥哥别这样，23.98就不给出了嘛，抓得这么准？""",9,1,2023
"""你大哥新疆火炬带飞""",9,1,2023
"""我以为怎么会拉升呢？一看又是小弟弟，没得比""",9,1,2023
"""提醒一下大伙，24附近记得卖掉""",9,1,2023
"""拉3个点我倒立拉稀""",9,1,2023
"""垃圾股，谁买谁知道""",9,1,2023
"""建仓洗盘皆已完成，等风飙。""",9,1,2023
"""前天刚割肉，你TM的就开始涨了""",9,1,2023
"""九丰能源08月31日获沪股通增持5.85万股""",9,1,2023
"""九丰能源：连续3日融资净买入累计201.79万元（08-31）""",9,1,2023
"""昨夜石油继续上攻！希望今天油气板块也雄起""",9,1,2023
"""河南涨价了，你为什么不涨？""",8,31,2023
"""九丰能源:北京国枫律师事务所关于公司2023年第一次临时股东大会法律意见书""",8,31,2023
"""九丰能源:监事会议事规则""",8,31,2023
"""九丰能源:2023年第一次临时股东大会决议公告""",8,31,2023
"""九丰能源:累积投票制实施细则""",8,31,2023
"""艾尔希气体+正拓气体+氦气+制氢加氢一体站，九丰的气体业务亮点很多""",8,31,2023
"""24都出不去了""",8,31,2023
"""观察了很久，九丰就是量化控盘用来频繁高抛低吸割韭菜的标的之一而已，不过量化引发众""",8,31,2023
"""这个压单压着，说明今天要收在23.36以下""",8,31,2023
"""这个股是我第一次中标的股，那时候还没上市就看一些托说先10个涨停板涨到几百，现在""",8,31,2023
"""快回到22我好进来做差价[大笑]22买24卖十个点""",8,31,2023
"""最怕阴跌了，慢慢跌，不知不觉就。。。。。。""",8,31,2023
"""涨停[旺柴]""",8,31,2023
"""九丰能源08月30日获沪股通增持10.03万股""",8,31,2023
"""今天不涨，更待何时！""",8,31,2023
"""九丰能源：融资净买入93.36万元，融资余额1.01亿元（08-30）""",8,31,2023
"""转发""",8,30,2023
"""太恶心了，按在地板上不让起来。""",8,30,2023
"""股价绝对不能收盘在24的上方""",8,30,2023
"""在这里专治各种利好吹牛不服，让你从坚信走到相信再到不敢信了""",8,30,2023
"""今天涨停[大笑]""",8,30,2023
"""今天后悔昨天没卖，明天后悔今天没卖，后天后悔明天没卖，[笑哭]""",8,30,2023
"""昨天卖对了，赚了五百""",8,30,2023
"""大盘这么好的机会也不拉，天天就是量化交易，非常考验小散的耐心，有逻辑在，时间换空""",8,30,2023
"""九丰能源08月29日被沪股通减持3.11万股""",8,30,2023
"""九丰九丰，必定成功！打爆空头，买买买！""",8,30,2023
"""融券越来越多，看来要爆雷啦，有人慢慢做空""",8,30,2023
"""九丰能源：融资净买入76.28万元，融资余额1亿元（08-29）""",8,30,2023
"""九丰能源：上半年净利润7.12亿元 同比增加11.04%""",8,29,2023
"""不能涨啊，赶紧跌[大笑]""",8,29,2023
"""前复权过去20.93的发行价，此股可以说值得一看""",8,29,2023
"""明天大盘大概率回调一下，小九又要拉稀了""",8,29,2023
"""九丰能源探索“能源物流服务”新模式 新赛道业务优化加速""",8,29,2023
"""买九丰的人这辈子没好下场！！！！！！""",8,29,2023
"""刚买就翻脸了吗""",8,29,2023
"""请赵子龙出战，上方敌军较多，杀杀""",8,29,2023
"""大盘涨上天也没用，压的真死，""",8,29,2023
"""涨停[大笑]""",8,29,2023
"""今年好多行业都是倒退，唯独电力天然气是增长的，天然气是老伯姓每家庭必须用的，所以""",8,29,2023
"""下午能不能反包昨天的价格""",8,29,2023
"""24.5可以出去吗""",8,29,2023
"""稳如老狗，十日线上行较缓，给下个月打点底仓""",8,29,2023
"""就这么没有资金看好他吗？打入冷宫的感觉""",8,29,2023
"""如何布局605090博弈反弹？""",8,29,2023
"""高开低走，走。18接回""",8,29,2023
"""九丰能源08月28日获沪股通增持4.72万股""",8,29,2023
"""九丰能源：融资净偿还182.57万元，融资余额9948.65万元（08-28）""",8,29,2023
"""新规下的九丰能源市值解读""",8,28,2023
"""今天你不屑一顾明天让你高攀不起""",8,28,2023
"""五分钟才卖完[哭]没人气""",8,28,2023
"""星期五进的。今天出来就是爽歪歪""",8,28,2023
"""爽歪歪""",8,28,2023
"""一起发下今天入套价格，我23.88，[捂脸]""",8,28,2023
"""今天股东成功坚持[哭]""",8,28,2023
"""涨停[大笑]""",8,28,2023
"""公司股东想要减持必须把股价涨到34以上，666666666666""",8,28,2023
"""让我出来，涨上去吧""",8,28,2023
"""惊不惊喜意不意外！""",8,28,2023
"""证监会进一步规范股份减持行为：存在破发、破净或三年未进行现金分红等不得减持股份】""",8,29,2023
"""高开低走，老套路，。。。。。""",8,28,2023
"""补完缺口，请一路向上吧。""",8,28,2023
"""大家猜猜会不会变绿啊""",8,28,2023
"""大盘都涨停了，垃圾！""",8,28,2023
"""今天怎么样啊""",8,28,2023
"""九丰业绩一路涨，股价一直破，哈哈，想到会出量身定做的利好66666666""",8,28,2023
"""得了，九丰上市三年破发三年[鼓掌][鼓掌][鼓掌]""",8,27,2023
"""证监会发布破发的股票不能减持，哈哈""",8,27,2023
"""九丰算不算破发股？""",8,27,2023
"""九丰能源本周融资净买入260.47万元，居燃气板块第四""",8,27,2023
"""[大笑]去年那几个拖比，又回来啦，""",8,27,2023
"""九丰能源本周沪股通持股市值减少690.8万元，居燃气板块第四""",8,27,2023
"""温馨提示；新一代制造太阳需要氦气。氦气热点将至！""",8,27,2023
"""九丰能源08月25日被沪股通减持11.55万股""",8,26,2023
"""九丰能源：融资净买入174.05万元，融资余额1.01亿元（08-25）""",8,26,2023
"""股东减持明码标价，想接手就拉股价，都不想接盘，就在你价码下打转，就不让你减持。""",8,26,2023
"""11个地区上调民用天然气价格！""",8,25,2023
"""天然气继续上涨！""",8,25,2023
"""独善其身。""",8,25,2023
"""红旗高高飘扬，更上一层楼在即""",8,25,2023
"""$九丰能源(SH605090)$""",8,25,2023
"""离25不久了。。坚持 一下。。""",8,25,2023
"""冲鸭""",8,25,2023
"""下游项目密集投产，该产品价格不到一个月大涨超30%，这家公司积累了丰厚的资源、渠道及交易优势""",8,25,2023
"""低开冲高就回落，高开就低走，低走再低走，无语""",8,25,2023
"""跟着做t早上卖了昨天买的下来再买""",8,25,2023
"""卖了""",8,25,2023
"""这马的，跌只用了两天，涨用了两个星期也没涨上去。。牛。。。""",8,25,2023
"""好像燃气板块拉升，跟这货没什么要紧关系""",8,25,2023
"""买点试试""",8,25,2023
"""拉""",8,25,2023
"""又没人意思意思了吗？""",8,25,2023
"""九丰能源08月24日获沪股通增持5.06万股""",8,25,2023
"""九丰能源：融资净偿还50.98万元，融资余额9957.17万元（08-24）""",8,25,2023
"""闲的没事买什么股票呀，真是觉得自己太蠢了，就是个""",8,24,2023
"""相对新奥、广汇，九丰业绩是最稳的，难得！""",8,24,2023
"""我又回来啦[大笑][买入][卖出]""",8,24,2023
"""若不能响应号召积极回购公司二级市场股票，管理层是否可以动员控股股东和实控人承诺十""",8,24,2023
"""涨停[呲牙]""",8,24,2023
"""熊事来了，熊出没""",8,24,2023
"""九丰能源08月23日获沪股通增持6.33万股""",8,24,2023
"""现在很多公司公告回购、增持或不减持，带金融就是个垃圾公司，解禁以来就一直忙着减持""",8,24,2023
"""九丰能源：融资净买入58.6万元，融资余额1亿元（08-23）""",8,24,2023
"""这票真坚挺啊。""",8,24,2023
"""明天起飞了""",8,23,2023
"""九丰能源上半年实现归母净利润7.12亿元，同比11.04%，实现扣非归母净利润7""",8,23,2023
"""九丰能源:2023年第一次临时股东大会会议资料""",8,23,2023
"""快进快出，见好就撤[买入][卖出]""",8,23,2023
"""中期分红的不多。二市也就40家。你不会差的""",8,23,2023
"""这波是不是得把23.66这缺口补补掉啊，不能这么滴就下来了，你是龙头你有责任""",8,23,2023
"""散户在推吗？都没单子的，不太稳一样的啦""",8,23,2023
"""涨停，涨停[大笑]""",8,23,2023
"""九丰能源08月22日被沪股通减持16.34万股""",8,23,2023
"""九丰能源：融资净买入329.62万元，融资余额9949.55万元（08-22）""",8,23,2023
"""说个实话，中报分红的票真不多。我也不确定这个能不能长期持有，不过做做波段还是可以""",8,22,2023
"""这一波能上24，大家做好波段""",8,22,2023
"""敢跌就能玩。再回来玩玩，可惜第三单挂低了[滴汗]""",8,22,2023
"""今天是燃气一哥，还有什么话说？""",8,22,2023
"""大盘马上要倒了，感觉今天不是明天就要急杀了，唉，怕怕""",8,22,2023
"""快跑""",8,22,2023
"""哎，现在真的是逢赌必输，小亏当赢，还是空吧，看来3干很难守了。""",8,22,2023
"""跑的那么多，有内幕吗，业绩没问题，除了二股东二之外，没啥啊，""",8,22,2023
"""涨不跟涨，跌倒是挺卖力的，垃圾""",8,22,2023
"""我得买进去了，不然我难受，我回来了[胜利]""",8,22,2023
"""杀猪了，你脖子凉不凉""",8,22,2023
"""史带金融跟公司有啥恩怨么？为了不让史带金融减持成功也是牛逼哇。""",8,22,2023
"""涨停[想一下]""",8,22,2023
"""国信证券对九丰能源的研报""",8,22,2023
"""九丰能源08月21日被沪股通减持13.76万股""",8,22,2023
"""九丰能源：融资净偿还250.83万元，融资余额9619.92万元（08-21）""",8,22,2023
"""LPG（液化气）期货再次暴涨！""",8,21,2023
"""转发""",8,21,2023
"""尾盘忍不住杀进，希望明天不要落慌而逃，大环境真的真的差，任何一笔交易都要小心翼翼""",8,21,2023
"""请问一下公司债券正式发行了吗？""",8,21,2023
"""又开启了等公告的一周，今晚会有公告么""",3,4,2023
"""昨天大手笔买方正证券的机构和投资者绝不是听消息购买的，是它具备投资价值和做大做强""",3,4,2023
"""无论是蚂蚁收购瑞信证券还是城堡证券收购瑞信证券，对于持有瑞信证券49%股份的方正""",3,4,2023
"""老夫炒股这些年对于是洗盘、吸筹还是主力脱逃有独到见解。那就是下一步涨了就是洗盘，""",3,4,2023
"""打板的几十万手都没走，怕个毛线""",3,4,2023
"""一个涨停出来，就出来发小作文辟谣，高新发展，你们怎么不去辟谣？这个烂记者就不想A""",3,4,2023
"""上车建仓，准备吃肉""",3,4,2023
"""事出反常必有妖。如果散户不为主力的挖坑使坏所动，不盲目跟风追涨杀跌，他们能得逞吗""",3,4,2023
"""明天轮动到券商板块大拉升，今天压在水底强力洗盘，明天就可以报复式暴涨[加油][加""",3,4,2023
"""目前利润1%，但看来明天开盘还要跌，怕是保不住这点利润了[哭]""",3,4,2023
"""看明天了，反包收阳就是洗盘，下跌收阴就是出货。""",3,4,2023
"""明天跌5个点我就接回来，就看给不给机会""",3,4,2023
"""证券真是极品渣男，前几天打板了西部证券，涨过教训了""",3,4,2023
"""关注抱团大票""",3,4,2023
"""不能碰的券商！""",3,4,2023
"""明天低开水下可以博下说不定还有大肉肉吃""",3,4,2023
"""难道庄会因为误导的小作文拉升？骗子本人吧。""",3,4,2023
"""今天券商板块涨幅铁定在板块涨幅前三位！中信证券领涨5%以上，板块内小票将掀起涨停""",3,4,2023
"""明天反包""",3,4,2023
"""大半年涨一个板，结果跌回原形，就算重组都看不上方正，差到极点""",3,4,2023
"""一篇小作文干倒一个板块，太损了。""",3,4,2023
"""什么鬼东西""",3,4,2023
"""周二看盘前2""",3,4,2023
"""机构和游资买入量倍增，砸盘的是香港的资金，看前边我发的帖子，其中有一家卖出了一个""",3,4,2023
"""周二看盘前""",3,4,2023
"""少见""",3,4,2023
"""$方正证券(SH601901)$""",3,4,2023
"""一群看消息炒股的，亏不死你才怪？？？[坏笑][坏笑][坏笑]""",3,4,2023
"""千万不要买证券""",3,4,2023
"""卖阴卖阳。即使有小作文作怪，但该涨的还是要涨。尾盘证券板块指数被方正左右。""",3,4,2023
"""周二盘前""",3,4,2023
"""今天又进来了多少新韭菜""",3,4,2023
"""今天进的散户，脑子瓦特了，鉴定完毕。""",3,4,2023
"""明天跌停板！哈哈""",3,4,2023
"""大伙儿都来说说，为啥上周五涨停的方正证券今天跌成了这个样子？""",3,4,2023
"""蚂蚁金融谋划券商，方正或成最大赢家？""",2,27,2023
"""方正证券的重组大戏即将拉开帷幕，方正+平安=券商一哥""",2,26,2023
"""下周一（3月4日）人气热点标的猜想（1）方正证券核心题材：重组预期+大金融+北上""",3,3,2023
"""方正该如何日走，大家想想，空间巨大……""",3,4,2023
"""卧龙早盘必读！！！""",3,4,2023
"""不管是周四进来还是周五进来""",3,4,2023
"""这就是t+1的好处，靠散户一套一个准。""",3,4,2023
"""这个周末会出方正证券重大利好""",3,4,2023
"""昨天进来的，估计都是割肉跑的！不排除主力那么多天的小碎步吸筹！""",3,4,2023
"""劵商合并再传消息，拭目以待明天中信证券开盘如何带领券商板块逆势领涨哈！方正最好地""",3,3,2023
"""这货三个月内必成大牛，当然啦七块附近分批上车更香→个人观点，不构成投资建议哈哈哈""",3,4,2023
"""我猜明天至少还要跌3个点！等大盘回调！这垃圾还要暴跌！""",3,4,2023
"""券商股震荡走低 方正证券跌超5%""",3,4,2023
"""渣渣方又被该死的作文带崩套牢没商量""",3,4,2023
"""上周五T飞还以为自己踏空了呢，哈哈""",3,4,2023
"""都在等风来，结果等来寒风刺骨的风""",3,4,2023
"""上午恐慌盘都跑了，下午拉！！！""",3,4,2023
"""跌的老惨喽""",3,4,2023
"""给机会，别不中用""",3,4,2023
"""遇到过类似的乌龙事件，最后开盘都低开五个点往下闷杀，市场规律，不喜勿喷[抱拳]""",3,2,2023
"""真的假的""",3,4,2023
"""梭哈，越跌越买""",3,4,2023
"""有大阴线就接一点，大阳就减仓，有底仓就是这么任性[大笑][大笑][大笑]""",3,4,2023
"""老师说明天还可以补仓，近期要启动了""",3,4,2023
"""财联社全称上海财联社金融科技有限公司，是上海界面财联社科技股份有限公司全资子公司""",3,4,2023
"""抖音天天在推这个[滴汗]""",3,4,2023
"""怎么回事""",3,4,2023
"""大盘有回调的需要了，回调了，后面上涨更健康。。。。。但是，如果不回调，真想开启牛""",3,4,2023
"""跑路进行时。""",3,4,2023
"""小碎步走的多少，昨天不知道谁点火！好啦！恐慌啥玩意都出来了！""",3,4,2023
"""今天回调有点深了，要是收在-3%左右，就好了，目前不建议重仓！""",3,4,2023
"""主力跑了四个亿，你说洗盘，内裤都把你洗干净，我是跑了。[韭菜][韭菜]""",3,4,2023
"""会不会破7啊？""",3,4,2023
"""洗盘而已，怕毛线""",3,4,2023
"""这一高一低的，没跑了""",3,4,2023
"""7.83又加仓[加油][加油][加油]""",3,4,2023
"""要死上周打板进来，损失惨重""",3,4,2023
"""我不是马后炮吧，哈哈。""",3,4,2023
"""尾盘买了1000股，明天不容乐观啊！""",3,4,2023
"""我查了一下，这里面的购得有100多条！""",3,4,2023
"""没有地板问题不大，继续观望持有，目前还有几个点盈利[哈欠]""",3,4,2023
"""下7.7就重仓，，你跌吧，，，""",3,4,2023
"""快买买买买""",3,4,2023
"""网传蚂蚁把大象吃了，公司也不辟谣！大象有49%是谁的？[坏笑]""",3,4,2023
"""这不是出货""",3,4,2023
"""韭菜不接""",8,16,2023
"""机狗拉高就跑""",8,16,2023
"""千年垃圾""",8,16,2023
"""研报一出，股价必跌[笑哭][笑哭][笑哭]""",8,16,2023
"""[奸笑]这股的主力态度果然够明确，鲜明，就一个态度就是压着不让史带金融减持成功，""",8,16,2023
"""韭菜接盘很用心""",8,16,2023
"""跌的都没毛了怕个球，""",8,16,2023
"""舒服了""",8,16,2023
"""别说天然大涨多少多少了，全仓买进就完事了，然关系啊""",8,16,2023
"""昨夜欧洲天然气大涨15％""",8,16,2023
"""毛线，我忙了一下没了，晕晕的""",8,16,2023
"""天风证券维持九丰能源增持评级 预计2023年净利润同比增长22.94%""",8,16,2023
"""民生证券上调九丰能源推荐评级 预计2023年净利润同比增长21.02%""",8,16,2023
"""九丰能源08月15日获沪股通增持19.09万股""",8,16,2023
"""德邦证券给予九丰能源增持评级，扣非归母净利润同比增长20%，能服+特气打开成长空间""",8,16,2023
"""扣非归母净利润同比增长20%，能服+特气打开成长空间""",8,16,2023
"""清洁能源主业抗波动性强，两翼业务快速发展""",8,16,2023
"""涨停[旺柴]""",8,16,2023
"""天然气期货昨晚大涨11个点，今天九丰能否涨停就看各位老铁了""",8,16,2023
"""2023年半年度报告点评：内生外延加速发展，“两翼”竞争力持续深化""",8,16,2023
"""这騒祸，明天很关键，最近趋势目标先冲波25，年底30问题不大，就是没这耐性，烦""",8,16,2023
"""九丰能源:九丰能源:2023年8月14日至8月15日投资者关系活动记录表""",8,16,2023
"""#九丰能源半年报业绩解读#看报告又算了下：上半年股份支付费用2400万，可转债计""",8,15,2023
"""转发""",8,15,2023
"""买了九丰，收益落空。要想解套，人会逼疯。""",8,15,2023
"""能源作业服务业务走出特色路 九丰能源上半年净利润稳定增长""",8,15,2023
"""九丰能源：上半年归母净利润同比增11.04%至7.12亿元，拟10派3元""",8,15,2023
"""沉默了太久我还全仓趴在这里[呲牙]""",8,15,2023
"""6篇研报，这谁顶得住啊""",8,15,2023
"""光大证券维持九丰能源买入评级 预计2023年净利润同比增长15.33%""",8,15,2023
"""东吴证券维持九丰能源买入评级 预计2023年净利润同比增长20.65%""",8,15,2023
"""2023年中报点评：清洁能源盈利稳定，能源服务&特气业务快速发展""",8,15,2023
"""看了孤注一掷电影，请问股票里的钱也是不是不能兑现的？？？？我怎么拿不出来？我想买""",8,15,2023
"""大盘不好、85时候卖出3/2、剩下的明天再说了""",8,15,2023
"""稳住，我们能赢，琐发育，别浪""",8,15,2023
"""24的本还能回吗，有个股东标价减持都不拉，""",8,15,2023
"""下午就绿给你看！""",8,15,2023
"""涨停[大笑]""",8,15,2023
"""为啥一直不动啊这是""",8,15,2023
"""好晕啊""",8,15,2023
"""中国银河维持九丰能源推荐评级 预计2023年净利润同比增长24.48%""",8,15,2023
"""中国银河给予九丰能源推荐评级 清洁能源业务保持稳定 能源服务及特种气体贡献增量""",8,15,2023
"""清洁能源业务保持稳定，能源服务及特种气体贡献增量""",8,15,2023
"""减收增利，突显管理水平！""",8,15,2023
"""小亏走人了，大盘太拉了，不看好下午。""",8,15,2023
"""快，双W底压不住，逆攻6.7做历史底？银座股份3CM金针点火逆攻，7次摸6.5不""",8,15,2023
"""今天五个点是稳的""",8,15,2023
"""不看广告看疗效！""",8,15,2023
"""早谢就完事了[大笑]""",8,15,2023
"""中庸的业绩，阻挡不了下跌的趋势""",8,15,2023
"""会被偷鸡的""",8,15,2023
"""去年九月份是股东人数的巅峰[捂脸]，然后一直拉稀拉稀拉稀。。。。。""",8,15,2023
"""国盛证券维持九丰能源买入评级 预计2023年净利润同比增长23.68%""",8,15,2023
"""九丰能源08月14日获沪股通增持21.35万股""",8,15,2023
"""九丰能源：融资净偿还518.98万元，融资余额9221.34万元（08-14）""",8,15,2023
"""急什么？量变到质变的过程而已""",8,15,2023
"""老早说了，不要怀疑九丰的业绩，跟股价不搭噶，他们就靠着分红了""",8,15,2023
"""这股东名册，社保、养老、公募、年金、牛散啥都有了，怕个毛""",8,15,2023
"""9个多点的净资产收益率，不错了，还想啥去？为什么还跌啊！""",8,14,2023
"""发个中庸的半年报，散户又疯啦，[滴汗]""",8,14,2023
"""好大一个坑""",8,14,2023
"""一个字，草！二个字，！""",8,14,2023
"""没有一年半载别想涨""",8,14,2023
"""涨跌由你去，靠分红补亏[哭]""",8,14,2023
"""$九丰能源(SH605090)$""",8,14,2023
"""中长线持有必有厚报！""",8,14,2023
"""这业绩就别yy了，之前增涨100多，都不涨。洗洗睡吧""",8,14,2023
"""九丰能源：业绩说明会定于8月25日举行""",8,14,2023
"""九丰能源(605090.SH)发布上半年业绩 净利润7.12亿元 同比增长11% 每股派0.3元""",8,14,2023
"""九丰能源：上半年归母净利润同比增11.04%至7.12亿元 拟10派3元""",8,14,2023
"""外资全跑了，全部被社保接盘了""",8,14,2023
"""明天上车，报表还是挺满意的""",8,14,2023
"""九丰能源：2023上半年净利润同比增长11.04%，拟10派3""",8,14,2023
"""半年报编写质量真好，公用事业里绝对最佳，没有之一！股价咋就这么拉垮呢[大哭]""",8,14,2023
"""用心险恶，想低价上车？""",8,14,2023
"""九丰能源：2023年半年度净利润约7.12亿元 同比增加11.04%""",8,14,2023
"""半年报10派3非常可以""",8,14,2023
"""九丰能源股东户数下降10.22%，户均持股19.85万元""",8,14,2023
"""九丰一年2次分红，好样的。""",8,14,2023
"""九丰能源：公司高纯度氦气设计产能为36万方/年 2023年上半年氦气产销量约13万方""",8,14,2023
"""九丰能源：主要投资安全性高、流动性好的理财产品""",8,14,2023
"""九丰能源:独立董事关于第二届董事会第三十会议相关事项的独立意见""",8,14,2023
"""九丰能源:股东、董事、监事和高级管理人员持股变动管理制度""",8,14,2023
"""九丰能源:关于2023年半年度利润分配方案的公告""",8,14,2023
"""九丰能源:对外提供财务资助管理制度""",8,14,2023
"""九丰能源:2023年半年度募集资金存放与实际使用情况的专项报告""",8,14,2023
"""九丰能源:2023年半年度报告(摘要)""",8,14,2023
"""九丰能源:2023年半年度报告""",8,14,2023
"""九丰能源:关于制订、修订相关制度的公告""",8,14,2023
"""九丰能源:关于召开2023年第一次临时股东大会的通知""",8,14,2023
"""九丰能源:信息披露管理制度""",8,14,2023
"""九丰能源:内部控制管理制度""",8,14,2023
"""九丰能源:内幕信息知情人登记制度""",8,14,2023
"""九丰能源:关于召开2023年半年度业绩说明会的公告""",8,14,2023
"""九丰能源:第二届监事会第二十二次会议决议公告""",8,14,2023
"""九丰能源:投资者关系管理制度""",8,14,2023
"""九丰能源:第二届董事会第三十次会议决议公告""",8,14,2023
"""九丰能源:关于提前归还部分暂时补充流动资金的闲置募集资金的公告""",8,14,2023
"""放量大跌，还有跌13～16元""",8,14,2023
"""好公司，烂股价""",8,14,2023
"""这种走势中报大概率有雷，要当心，中报前不宜进场。""",8,14,2023
"""猜猜看，集合竞价能拉红不""",8,14,2023
"""真不如德龙""",8,14,2023
"""就是只鸡，永远飞不起来。别抱希望了""",8,14,2023
"""还没上车，怎么办""",8,14,2023
"""三天这么高的换手率，洗的漂亮。半年报不涨20个百分点，我直播吃手机。明天高开韭菜""",8,14,2023
"""中报有雷吗""",8,14,2023
"""晚上发布半年报，大家猜猜业绩情况？""",8,14,2023
"""每天一个点，慢慢割。是下跌一个点。""",8,14,2023
"""静等13～16元""",8,14,2023
"""五月份预期底部是18，果然没变。还要继续下来。不然不会拉涨""",8,14,2023
"""我虽然涨的不多，但我跌的多啊！[大笑][大笑][大笑]""",8,14,2023
"""16～18元""",8,14,2023
"""元加""",8,14,2023
"""请问公司购买的理财产品有没有踩雷？都有在正常的兑付吗？有没有购买中植系或中融系等""",8,14,2023
"""融资加成仓，北上减仓""",8,14,2023
"""不是今晚出业绩吗？怎么看股价业绩要亏损的态度？不会吧？""",8,14,2023
"""22加仓太早了，等21""",8,14,2023
"""再忍忍！""",8,14,2023
"""涨停[旺柴]""",8,14,2023
"""马上连泡面钱都没有了，1股1股也可以买了，唉大A就是绞尽脑汁吸血""",8,14,2023
"""仔细想想，连续两天放量，感觉有向上的趋势""",8,13,2023
"""最好的增量资金就是提高分红比例不要老是讨论买房亏钱暴雷的问题了想想怎么赚回来努力""",8,13,2023
"""九丰能源本周融资净买入706.25万元，居燃气板块第六""",8,13,2023
"""九丰能源本周沪股通持股市值减少2376万元，居燃气板块第六""",8,13,2023
"""世界造船业的皇冠明珠啊，业绩咋不行呢？""",8,13,2023
"""605090在17.85之下有买点，在34.95之上有卖点，止损16.52""",8,13,2023
"""九丰九丰，买了就疯[捂脸]""",8,12,2023
"""九丰能源08月11日被沪股通减持100.47万股""",8,12,2023
"""九丰能源：融资净买入866.59万元，融资余额9740.32万元（08-11）""",8,12,2023
"""$九丰能源(SH605090)$""",8,12,2023
"""带牛批，这股看来不会过24了""",8,11,2023
"""把美能和首华卖了抄底这货被搞死[哭]""",8,11,2023
"""同样是能源人家涨停你跌破价""",8,11,2023
"""天然气第一股,销气占全国比重超70%,开展天然气制氢项目,社保持股""",8,11,2023
"""还得是你啊，昨天没涨过板块，今天跌得比板块多""",8,11,2023
"""公司22年氦气18万方，按照400/方，就是8000万的营收； 22年营收240""",8,14,2023
"""昨天，23块七毛五卖掉了7万股，晚上后悔死了，以为今天要到25块去了，到现在一看""",8,11,2023
"""昨天，23块五毛八卖掉了，晚上后悔死了，以为今天要到25块去了，到现在一看还是正""",8,11,2023
"""跌得凶，涨得就凶！""",8,11,2023
"""$九丰能源(SH605090)$""",8,11,2023
"""还是那句话耐心21甚至更低，""",8,11,2023
"""这股有一尊大佛史带金融，没有任何资金愿意拉升给史带减持套现走人，哪怕是被套资金宁""",8,11,2023
"""前一分钟资金红650W，走了一天，一分钟出了400W了，6666""",8,11,2023
"""优秀""",8,11,2023
"""沪股通减持，九丰能源大跌""",8,11,2023
"""要拉升，赶紧进，估计是半年报前的大清洗，周一就高开不给进的机会了。""",8,11,2023
"""你对标证券股嘛，没这个命吧""",8,11,2023
"""以色列关闭重要天然气平台欧洲气价大涨，关注具备资源属性/稳定发展的燃气公司""",8,11,2023
"""请问最近公司有无回购二级市场股票的计划？""",8,14,2023
"""昨天出货完美，板块大涨而不涨，必然有雷，远离。""",8,11,2023
"""就是一只鸡。你充什么。糙""",8,11,2023
"""昨天还能源危机，睡一觉起来，一晚上挖啊挖啊就挖出来了？""",8,11,2023
"""九丰能源8月11日盘中跌幅达5%""",8,11,2023
"""真不如跌停，你这，半死不活的""",8,11,2023
"""昨天在你身上挣了1000今天赔了4300草""",8,11,2023
"""一群乌合之众，天生韭菜命，还特么想在股票赚钱，你还不如去买彩票""",8,11,2023
"""两极分化，美锦能源直接成妖了""",8,11,2023
"""又套了""",8,11,2023
"""梦醒了，回到起点，22.55收盘""",8,11,2023
"""领跌是你的强项，老娘真的是倒了八辈子霉，守着你这废柴那么久[成交][成交]""",8,11,2023
"""昨天进的今天都被套住了吧……主力想拉想砸完全预料不到。""",8,11,2023
"""昨天就说啦，不可能涨的，哎，又套多少人""",8,11,2023
"""昨天的已经还给你了，差不多就行了""",8,11,2023
"""主打一个和史带金融同归于尽""",8,11,2023
"""还是招商南油抗跌""",8,11,2023
"""你一说话，九丰就大跌！""",8,11,2023
"""你一说话，九丰就大跌，居心何在！""",8,11,2023
"""四川涨停兄怎么不出来嚷嚷了，现在才是最需要你的时候啊[笑哭][笑哭][笑哭]""",8,11,2023
"""买吧！ 下礼拜。。。""",8,11,2023
"""服不服，就问你服不服""",8,11,2023
"""[偷笑]涨多少跌多少。真棒。""",8,11,2023
"""枸庄…""",8,11,2023
"""24.6的成本，这个月能否解套？现在已满仓，无法补仓了。""",8,11,2023
"""有点狠，不敢买你了。[赞]""",8,11,2023
"""真垃圾""",8,11,2023
"""……""",8,11,2023
"""太狠了""",8,11,2023
"""昨天涨得最猛，今天调的最少，九丰就是牛牛牛""",8,11,2023
"""这股的态度让人觉得很牛逼，态度就一个史带金融想减持下辈子下下辈子都别想了，史带金""",8,11,2023
"""涨停[捂脸]""",8,11,2023
"""九丰能源08月10日被沪股通减持5.99万股""",8,11,2023
"""九丰能源：融资净偿还48.69万元，融资余额8873.74万元（08-10）""",8,11,2023
"""机构埋伏了两个月了""",8,10,2023
"""天然气第一股,销气占全国比重超70%,开展天然气制氢项目,社保持股""",8,10,2023
"""$九丰能源(SH605090)$""",8,10,2023
"""转发""",8,10,2023
"""会是突破性缺口吗？""",8,10,2023
"""东吴证券：欧洲燃气价格迎阶段性高峰 关注国外转口、国内消费量、价差修复""",8,10,2023
"""请问公司现在船的交付进度怎么样了？""",8,11,2023
"""该发力不发力，哎……""",8,10,2023
"""板块指数都跑不赢，跌起来却比谁都猛，怎么买了你这个""",8,10,2023
"""昨天跌带头，今天涨就怂了，垃圾到极致了""",8,10,2023
"""减持就是胜利！""",8,10,2023
"""买入离手。下午挺住""",8,10,2023
"""离进入前十名还差4个点，晕晕的""",8,10,2023
"""一，300898熊猫乳品（第一目标看31）二，603080新疆火炬（第一目标看1""",8,10,2023
"""首华燃气板了，20厘米""",8,10,2023
"""今天板块没选错！！！错的是选了你个垃圾！！！""",8,10,2023
"""，带头跳水""",8,10,2023
"""供应风险加剧海外天然气价格飙升8只概念股业绩大增证券时报08-1008:10海外""",8,10,2023
"""不让股东减持也是拼了，史带金真，还标价减持，""",8,10,2023
"""天燃气大涨，人家都涨了就你不涨""",8,10,2023
"""没走出箱体，调整继续。""",8,10,2023
"""其他股盘子小，没大减持，主力选择其他股啦，哎，看来又要套两年啦""",8,10,2023
"""没有涨停基因的极品垃圾…""",8,10,2023
"""在天然气板块，九丰有点垃圾""",8,10,2023
"""昨天这股之所以跌，是因为主力不看好，提前卖出调仓到其它燃气个股了""",8,10,2023
"""不看不知道一看板块都涨这么多了，主力别连板块都涨不过，唉，搞啥子不知道""",8,10,2023
"""怎么涨都没用，反正涨不过24块，到了24就有大把筹码甩卖出来，没人接的住，也不会""",8,10,2023
"""我在拉盘了，大家挺住""",8,10,2023
"""九丰能源8月10日盘中涨幅达5%""",8,10,2023
"""加油加油，隔壁已经涨停了，跟上脚步""",8,10,2023
"""四川那位兄弟，口号喊起[强壮]""",8,10,2023
"""九丰能源8月10日快速上涨""",8,10,2023
"""今天怎么没人喊涨停啊""",8,10,2023
"""昨天尾盘买入，今天赚了3个点就跑，赞一个，每次都是低买高卖。""",8,10,2023
"""这一看感觉又拖后腿了，昨天后三，今天前三可以吗？""",8,10,2023
"""九丰果真是没跌到底，所以反弹无力""",8,10,2023
"""九丰能源08月09日获沪股通增持11万股""",8,10,2023
"""九丰理论上要大涨才对""",8,10,2023
"""九丰能源：融资净偿还607.4万元，融资余额8922.42万元（08-09）""",8,10,2023
"""欧洲天然气期货上涨40%为2022年3月来最大涨幅https://finance""",8,9,2023
"""NG00Y这走势，完了，明天九丰还会大跌，20见不是没可能[笑哭][笑哭][笑哭""",8,9,2023
"""美欧天然气均大涨，现在8月，正是九丰发动行情的大好时机""",8,9,2023
"""又亏钱了，我成本24。。。你们多少？还有希望吗？""",8,9,2023
"""今天建了一层仓，等到了21.5再补两层""",8,9,2023
"""明天抄底加仓，涨停[大笑]""",8,9,2023
"""如果看好他，今天就是很好的洗盘，如果不看好，说真的没必要在这股上耗死，真的会耗死""",8,9,2023
"""九丰能源：公司已参与投资设立氢能产业基金""",8,9,2023
"""从来没见你涨过3个点，怎么好意思跌3个多点呢……极品垃圾""",8,9,2023
"""请问公司近期有无人员因为违规反腐被查？""",8,9,2023
"""善庄。""",8,9,2023
"""2点之后开始反弹，需要踢的可以考虑买入，尾盘抛[加油]""",8,9,2023
"""你这垃圾有什么脸跌那么多？比大涨的股跌的还猛，咋不直接退市好了？把股民血汗钱直接""",8,9,2023
"""果真厉害，几个月涨幅一天跌光""",8,9,2023
"""氢里面没有这个股吧，""",8,9,2023
"""21接回，耐心等待""",8,9,2023
"""[旺柴]这股为啥还有人盯盘？摆明着史带金融减持到期前是不会拉过24的，整个下半年""",8,9,2023
"""涨停[捂脸]""",8,9,2023
"""再不断的努力下挤进四强了，今天拿冠军就不必了吧[哭]""",8,9,2023
"""九丰一旦发酒疯将是无可估量的上涨...拭目以待""",8,9,2023
"""今天必须往垫底的路上走""",8,9,2023
"""散户太多，不能涨，继续洗""",8,9,2023
"""九丰能源08月08日沪股通持有量301.38万股""",8,9,2023
"""九丰氢能产业布局现在具体是怎么样的，管理层对氢能业务未来的战略思考是什么？""",8,9,2023
"""九丰能源：连续5日融资净买入累计1445.15万元（08-08）""",8,9,2023
"""张董，股价不涨，啥也不是！""",8,8,2023
"""完了，拉尾盘""",8,8,2023
"""看来要提前。""",8,8,2023
"""加油啊九桑""",8,8,2023
"""$九丰能源(SH605090)$""",8,8,2023
"""目前九丰能源在氢气方面拥有约2万方/小时的产能规模,长期为客户提供氢气产品""",8,8,2023
"""这6大傻不知道是怎么当上龙头的，板块这样猛拉，他们6龙头一动不动。""",8,8,2023
"""还以为你会像雪人股份一样，害得我把3%的雪人股份的挂单撤了买了你。晦气啊""",8,8,2023
"""氢能源起飞了，说说你也是要造加氢制站的人，牛得一批的人，怎么就这样呢？""",8,8,2023
"""完全没量了""",8,8,2023
"""今天垫底，不要想着会涨了[大笑]""",8,8,2023
"""请问公司对河南中能的重组完成了吗？完成之后的股权结构是怎么样的？现在什么进展啊？""",8,8,2023
"""6666666，一起扣波66666，0竞价，好股""",8,8,2023
"""熊事来了，跌破压力仙了，块跌停""",8,8,2023
"""今天集合竞价成交量居然是0，绝了！""",8,8,2023
"""今没有竞价吗？""",8,8,2023
"""今天停牌？""",8,8,2023
"""九丰能源08月07日被沪股通减持7.94万股""",8,8,2023
"""改名九丰天然气可能会涨点""",8,8,2023
"""九丰能源：连续4日融资净买入累计1014.04万元（08-07）""",8,8,2023
"""天然气大部分依靠进口，国际局势不稳定之前不会大涨的""",8,7,2023
"""在这个股上时间长了就把握规律了，10天里有3天是前5分钟冲高回落，剩下7天不是低""",8,7,2023
"""收购中能能源技术公司，利好比较大，为什么不来个5%以上的大阳线？！难道要等到明天""",8,7,2023
"""九丰明天大涨！""",8,6,2023
"""九丰能源:关于发行股份、可转换公司债券及支付现金购买资产并募集配套资金实施进展的公告""",8,6,2023
"""九丰能源本周融资净买入719.99万元，居燃气板块第二""",8,6,2023
"""九丰能源本周沪股通持股市值增加1270.36万元，居燃气板块第二""",8,6,2023
"""下周冼盘，散户太多，20块以下买入""",8,5,2023
"""九丰接手，反而导致森泰亏损了，并表后看九丰如何解决这个问题，叠加人民币兑美元贬值""",8,5,2023
"""九丰能源08月04日获沪股通增持17.36万股""",8,5,2023
"""九丰能源：连续3日融资净买入累计949.4万元（08-04）""",8,5,2023
"""不要和流氓计较""",8,4,2023
"""这货就是23就减""",8,4,2023
"""真是无语了，下次回本了就走""",8,4,2023
"""我从券商出来了，两个月后拉升，目标八十。""",8,4,2023
"""还没跑的，下个礼拜吃大面了""",8,4,2023
"""炸。。。。。脑瓜子翁翁的。。。。。。""",8,4,2023
"""跌停快来一次。""",8,4,2023
"""我开始砸盘了，大家注意把啊""",8,4,2023
"""根据统计，近一年里有184家机构去九丰能源调研了204次，请问在调研中公司一共花""",8,8,2023
"""真搞笑，184家机构去骗吃骗喝204次后没有一家看的上九丰，不知这招待费花了多少""",8,4,2023
"""不卖也不买了，趟平等分红了。天天看劵商涨了""",8,4,2023
"""跌三天，看涨的不见了，看空的一大堆了，看涨的技术派画图派消息派各大门派不出来溜溜""",8,4,2023
"""跌停不至于，二季度亏损是肯定的""",8,4,2023
"""涨停[大笑]""",8,4,2023
"""二季度出现亏损，最少5个跌停板，拭目以待！欢迎来喷""",8,4,2023
"""幸亏轻仓你这只票，重仓券商，我也是瞎了眼，看上你这只票""",8,4,2023
"""马上从山顶下来，18见""",8,4,2023
"""什么时候大跌。""",8,4,2023
"""又是证券唱戏，无语，指倒是涨得猛的，无语无语，这一天天的""",8,4,2023
"""近段时间是券商的吃肉行情""",8,4,2023
"""九丰能源：融资净买入263.44万元，融资余额8866.71万元（08-03）""",8,4,2023
"""粤电力B2024年分红收益率有望达到26%；2022年粤电力花费430亿购买44""",8,3,2023
"""辛亏近期轻仓这只票，重仓券商票""",8,3,2023
"""涨涨涨[大笑]""",8,3,2023
"""跌停不远了""",8,3,2023
"""九丰能源：公司LNG、LPG总销气量对应的吨毛差保持相对稳定""",8,3,2023
"""九丰能源：能源作业服务业务两到三年内产能将大幅增长""",8,3,2023
"""我有时候觉得这操盘的像深井冰一样""",8,3,2023
"""这股 也很为难，既要有要还要，""",8,3,2023
"""九丰能源08月02日获沪股通增持12.17万股""",8,3,2023
"""好不容易在9.19.35挤出来2手，无语，就这么没人要的嘛？""",8,3,2023
"""九丰能源：融资净买入518.6万元，融资余额8603.28万元（08-02）""",8,3,2023
"""布油暴跌2.1%，九丰明天稳了""",8,2,2023
"""九丰能源(605090.SH)：公司目前继续推进广州市南沙区首座制氢加氢一体综合能源站项目建设""",8,2,2023
"""九丰能源(605090.SH)：目前公司在氦气方面致力于扩大氦的产销量，助力氦资源的国产化""",8,2,2023
"""九丰能源(605090.SH)：公司积极延伸至井下辅助排采服务领域(如增压混输、循环气举、射流泵等)""",8,2,2023
"""九丰能源(605090.SH)：天然气顺价机制理顺对公司能源服务业务、清洁能源业务均将产生积极影响""",8,2,2023
"""【调研快报】九丰能源接待中泰证券研究所等多家机构调研""",8,2,2023
"""九丰能源：天然气顺价机制理顺对公司能源服务业务、清洁能源业务均将产生积极影响""",8,2,2023
"""九丰能源:九丰能源:2023年7月18日至8月1日投资者关系活动记录表""",8,2,2023
"""九丰能源业绩稳步增长。当前美联邦利率超过5%，能源价格受压制，参考16-19年低""",8,2,2023
"""昨天各种看多，今天各种看空，分析了一下，买好的人看多，还没买等着下来买的人看空，""",8,2,2023
"""缩量回踩年线，主力疯狂出货[笑哭]""",8,2,2023
"""涨停，涨停[大笑]""",8,2,2023
"""不吹拉吧[大笑]涨一个点使劲吹""",8,2,2023
"""30的兄弟还好吗？稳住主力过段时间就来接你""",8,2,2023
"""下来了18见啊""",8,2,2023
"""又可以跌3天到23附近做t啦，[大笑]""",8,2,2023
"""本周冲击23.90高点，过了这个峰，就到26元的次高位了，九丰加油""",8,2,2023
"""九丰能源08月01日获沪股通增持17.98万股""",8,2,2023
"""九丰能源：连续4日融资净偿还累计647.74万元（08-01）""",8,2,2023
"""九丰能源:九丰能源:2023年7月18日至8月1日投资者关系活动记录表""",8,2,2023
"""业绩快出了。利好""",8,1,2023
"""小人指路""",8,1,2023
"""底部已构筑完成可能展开主升浪（3浪上升）的个股（37）:九丰能源""",8,1,2023
"""真坚挺，万绿丛中一点红""",8,1,2023
"""量化盘""",8,1,2023
"""能不能再勇敢一点点，再生猛一点点。。。。。。""",8,1,2023
"""这周30见""",8,1,2023
"""今天还看不上，明天就追不上！""",8,1,2023
"""疯狂的散户又开始啦，""",8,1,2023
"""兄弟们冲啊，要大涨啊，最后的上车机会，这个点位去年位置相似，必定要高冲了，不敢的""",8,1,2023
"""每天十点就泄，什么毛病？""",8,1,2023
"""连个ST股都不如吗？""",8,1,2023
"""九丰能源07月31日获沪股通增持6.78万股""",8,1,2023
"""九丰能源：连续3日融资净偿还累计450.19万元（07-31）""",8,1,2023
"""汇率破7，九丰何去何从""",8,1,2023
"""这算拉尾盘吗[捂脸]""",7,31,2023
"""祝贺九丰能源获选2023中国上市公司五百强九丰集团JOVO""",7,31,2023
"""股吧里就这么几号人，一起来投投票吧""",7,31,2023
"""死了吗""",7,31,2023
"""这是出啥情况了，要太涨了吗？[呲牙][呲牙]""",7,31,2023
"""发哈发哈哈，回复我那么多条又删掉，恰恰证明了我的观点[大笑]""",7,31,2023
"""回调21快点。""",7,31,2023
"""贴里有个叫热心网友88的装逼""",7,31,2023
"""那个发哈发哈哈有病吧，又要回复我，又要删帖，是被我戳中痛点了？割肉就割肉呗，恼羞""",7,31,2023
"""今天涨停[旺柴]""",7,31,2023
"""表现可以了，快下来吧，要不腰间盘突出会严重的。""",7,31,2023
"""还是证券表演，没在证券的熬一熬吧，应该会轮到的""",7,31,2023
"""本周目标价多少呢？""",7,31,2023
"""九丰能源本周融资净买入78.7万元，居燃气板块第八""",7,30,2023
"""九丰能源本周沪股通持股市值减少587.48万元，居燃气板块第四""",7,30,2023
"""能源也不能做了，牛市做旗手""",7,30,2023
"""九丰能源07月28日获沪股通增持8.49万股""",7,29,2023
"""九丰能源：融资净偿还94.43万元，融资余额8314.07万元（07-28）""",7,29,2023
"""今天缩量涨，经鉴定属于诱多，让大家白激动了[笑哭][笑哭][笑哭]""",7,28,2023
"""涨不起来，发的信息在好都是耍流氓""",7,28,2023
"""这回惨了，大盘突破了，走牛了，我尽然还在九丰，BBQ了，""",7,28,2023
"""看看成交量多少""",7,28,2023
"""当你认为他行的时候，他就了，当你认为他不行的时候，他就稍微硬一下，当你又感觉他""",7,28,2023
"""就像问一句，九丰的船台风天还能回来不，还能出港不？""",7,28,2023
"""涨停[大笑]""",7,28,2023
"""开始有红转绿，下来了，到18接好，股友们""",7,28,2023
"""九丰能源07月27日获沪股通增持12.54万股""",7,28,2023
"""彻底被人抛弃了。。。。。。。。。""",7,28,2023
"""九丰能源：融资净偿还323.92万元，融资余额8408.5万元（07-27）""",7,28,2023
"""不停的买，买不停，好运，股友们""",7,27,2023
"""请问大神们，今天缩量下跌是诱空吗？""",7,27,2023
"""这个垃圾股的规律就是：要么不涨，涨就是龙头！要么不跌，跌就必须垫底！而且跌多于涨""",7,27,2023
"""涨一个星期，跌一个星期，再熬一下就过去了，唉，一年又一年一月又一月""",7,27,2023
"""今天跟的氦气明天晦气""",7,27,2023
"""涨停[大笑]""",7,27,2023
"""买盘为0要跌停""",7,27,2023
"""0手也可以这么牛B？""",7,27,2023
"""九丰能源07月26日被沪股通减持1.82万股""",7,27,2023
"""九丰能源：融资净买入79.1万元，融资余额8732.42万元（07-26）""",7,27,2023
"""爬坡。。。[加油][加油][加油]""",7,26,2023
"""天然气是进口的，所以还得看国际局势能不能稳""",7,26,2023
"""完啦！完啦！又要横盘一个月啦！快跑鸭！""",7,26,2023
"""散户们一起抄个底，马上就翻红了""",7,26,2023
"""24的本是否有望月底解套，听听各位观点。""",7,26,2023
"""下午拉起，涨1个点左右，收盘拍砖！""",7,26,2023
"""能跌停不""",7,26,2023
"""原油爆跌""",7,26,2023
"""上23就打下来，大股东标价减持这么厉害""",7,26,2023
"""涨停[大笑]""",7,26,2023
"""九丰能源07月25日被沪股通减持45.96万股""",7,26,2023
"""不在风口。又有减持。1.个点震幅""",7,26,2023
"""九丰能源：融资净买入441.25万元，融资余额8653.31万元（07-25）""",7,26,2023
"""天天在这边发言的，不是被套就是割肉不甘心[微笑]，所以互相伤害走什么意思[想一下""",7,25,2023
"""都没人了""",7,25,2023
"""想追不敢追""",7,25,2023
"""就一个人在玩吗？""",7,25,2023
"""冲高回落。。。。速度离场。""",7,25,2023
"""这个股票是了吗""",7,25,2023
"""这个庄家是不会让小散们猜到动向的""",7,25,2023
"""不到18不会停[哭][哭][哭]""",7,25,2023
"""没戏，没量""",7,25,2023
"""今天涨停[大笑]""",7,25,2023
"""我坚定做多头""",7,25,2023
"""九丰能源07月24日获沪股通增持1.38万股""",7,25,2023
"""九丰能源：连续4日融资净偿还累计1016.68万元（07-24）""",7,25,2023
"""反弹不过5日线就是诱多行为""",7,24,2023
"""涨停，涨停[大笑]""",7,24,2023
"""马上回到21了，大家接住啊！差不多靠近20是底""",7,24,2023
"""九丰能源本周融资净偿还1160.62万元，居燃气板块第一""",7,23,2023
"""九丰能源本周沪股通持股市值增加485.5万元，居燃气板块第六""",7,23,2023
"""短线开仓""",7,22,2023
"""SB股""",7,22,2023
"""九丰能源07月21日被沪股通减持7.12万股""",7,22,2023
"""九丰能源：连续3日融资净偿还累计993.36万元（07-21）""",7,22,2023
"""IDG是过来送钱的？""",7,21,2023
"""九连红之后接九连绿，主打一个对称？""",7,21,2023
"""涨停，涨停[大笑]""",7,21,2023
"""8.15号出二季度报，以九丰董秘的尿性利好早就发利好预告了。到目前为止没有任何消""",7,21,2023
"""做做T，慢慢熬""",7,21,2023
"""one手哥说来就来""",7,21,2023
"""这股是有病   天天大托单""",7,21,2023
"""下有托单必跌""",7,21,2023
"""22元看能否企稳""",7,21,2023
"""九丰能源07月20日获沪股通增持7.89万股""",7,21,2023
"""每天来一发？""",7,21,2023
"""今天继续震荡""",7,21,2023
"""九丰，开启九连爹""",7,21,2023
"""九丰能源：融资净偿还646.29万元，融资余额8312.6万元（07-20）""",7,21,2023
"""看来看去买这个股真是掉坑了，大股东减持压盘没人敢拉""",7,20,2023
"""美国天然气期货涨超5%现报2.741美元/百万英热""",7,20,2023
"""筹码一直很稳定，拿不到大量筹码怎么办？那么就来告诉你们，看，这么大的接单都支撑不""",7,20,2023
"""明天继续[大笑]，吓死你们""",7,20,2023
"""公司上市以来动作一直不断，最近又看到公司和河南中能开展合作，已经收购完成了吗？和""",8,1,2023
"""哈哈，都老实啦，""",7,20,2023
"""万手哥蹲万手哥蹲，万手哥蹲完one手哥蹲""",7,20,2023
"""不行就关了吧""",7,20,2023
"""砸了""",7,20,2023
"""下跌洗一下浮筹为了后面更好地上涨""",7,20,2023
"""搞个假突都不装一下就这样下去了""",7,20,2023
"""这股的资金真可怜，小心翼翼在24以下套点小利，不敢拉过24，甚至都套不到利，任主""",7,20,2023
"""终于开始跌啦，哎呀，这几天散户躁动的情绪就感觉不正常，""",7,20,2023
"""啥时候回本24""",7,20,2023
"""要顺势而为，明摆着要跌了""",7,20,2023
"""快卖吧，这是坑""",7,20,2023
"""兄弟们满足这哥们[呲牙][呲牙]""",7,20,2023
"""这次应该再拉上去，这样就都一拥而上了，效果不是更好""",7,20,2023
"""这个大兄弟真能搞事，连着三天了""",7,20,2023
"""九丰能源07月19日获沪股通增持20.05万股""",7,20,2023
"""今天拉个涨停板吧？你们成本多少？""",7,20,2023
"""九丰能源：融资净偿还269.84万元，融资余额8958.9万元（07-19）""",7,20,2023
"""已经开始减持了朋友。""",7,19,2023
"""明天托盘变砸盘""",7,19,2023
"""市值146亿，净资产76亿，其中现金60亿股东人数降一半如果按动态市盈率回到静态""",7,19,2023
"""期货一旦上市，碳酸锂价格会大起大落的，不像现在在30万横盘两个月了，一旦逼空近月""",7,19,2023
"""23.88庄是真狗啊""",7,19,2023
"""明天肯定突破24，我把话放这，谁赞成谁反对！""",7,19,2023
"""卖出了，21接回。""",7,19,2023
"""吹泡泡[口罩]持股一个月收益3%[笑哭]过几天再来[吃瓜]""",7,19,2023
"""练完九阳真经，就要练九阴真经了""",7,19,2023
"""1万手兜底，啥情况？""",7,19,2023
"""今天的射击十字星算是到头了！！坚决清仓跑路""",7,19,2023
"""每天发一次神经""",7,19,2023
"""兄弟又来炫耀""",7,19,2023
"""拿好，快启动了[呲牙]""",7,19,2023
"""这股都是散户吗""",7,19,2023
"""史带金融减持价是多少来着""",7,19,2023
"""慌不慌，死了没有？？？你们现在的成本是多少啊？""",7,19,2023
"""本以为能去碰一下24，设了23.88，那知道忙了一早上，屁都没了""",7,19,2023
"""没有过24压力大，回调到23再次冲""",7,19,2023
"""要绿了""",7,19,2023
"""我它吗真垃圾""",7,19,2023
"""要上涨，必须有回踩""",7,19,2023
"""今天应该效果比昨天好，追高的人多了，大家一起冲啊。。。。。""",7,19,2023
"""试盘不行下来喽""",7,19,2023
"""最近是见鬼了吗，怎么每天要红盘""",7,19,2023
"""又没人竞价了，又闹鬼了。。。。。。。""",7,19,2023
"""九丰能源：融资净买入313.81万元，融资余额9228.74万元（07-18）""",7,19,2023
"""今天冲刺10连涨，十全十美""",7,19,2023
"""想牛居士，我买了，你咋说，尴尬吗？急了吗？""",7,19,2023
"""半个多月没看了，今天操作一波买入九丰能源或者南京公用""",7,19,2023
"""小碎步已经九连阳了，小阳小阳必有大阳，九阳神功已成，大阳很快就要来了，扶好坐稳[""",7,18,2023
"""你们回本了没？我今天回本先走了""",7,18,2023
"""明天跌停""",7,18,2023
"""九阳神功，即将发威！""",7,18,2023
"""今天的盘口语言就是520[笑哭][笑哭][笑哭]""",7,18,2023
"""月线，周线，日线都挺好，就是不涨""",7,18,2023
"""这1W多手成交了？怎么看不到的呢？不是就挂个单而已吗?""",7,18,2023
"""九丰是正宗的氢能概念股，怎么没有反应？""",7,18,2023
"""23.28一万手谁挂的""",7,18,2023
"""个股点评 九丰能源""",7,18,2023
"""万手哥来了，干！""",7,18,2023
"""管不了了，我要追搞，激动的心菜豆手""",7,18,2023
"""手里没货嘛，怕他飞了，进货嘛又怕他老套路，货少的嘛不甘心，多进点嘛又怕挨揍，老操""",7,18,2023
"""散户还是多再等等""",7,18,2023
"""九丰能源：连续7日融资净偿还累计2685.11万元（07-17）""",7,18,2023
"""九丰能源与河南中能签署全面合作协议能源作业服务布局再下一城""",7,17,2023
"""期货直线拉升，明天能源股有戏[鼓掌][鼓掌][鼓掌]""",7,17,2023
"""做好扶稳，开始暴跌！""",7,17,2023
"""再撤退一点吧，又没力了，慢慢来不能急""",7,17,2023
"""不错不错又涨了2分""",7,17,2023
"""九丰的散户开始疯狂啦，以为爆涨开始啦""",7,17,2023
"""业绩没预告""",7,17,2023
"""今日如果有3亿以上的成交量则大涨可期[加油][加油][加油]""",7,17,2023
"""下星期开始暴跌到20调整[下跌][下跌][下跌][呲牙][呲牙][呲牙]""",7,16,2023
"""九丰能源本周融资净偿还2166万元，居燃气板块第一""",7,16,2023
"""九丰能源本周沪股通持股市值增加176.16万元，居燃气板块第五""",7,16,2023
"""这种票明显就是短周期性行业，每年算一个周期，自己看周线去，什么时候涨什么时候跌，""",7,16,2023
"""九丰能源07月14日沪股通持有量260万股""",7,15,2023
"""九丰能源：连续6日融资净偿还累计2204.05万元（07-14）""",7,15,2023
"""业绩预告呢？50％都不到？""",7,14,2023
"""涨两个点阿猫阿狗都出来了，这人气蹭蹭往上，活该被割韭菜""",7,14,2023
"""股票涨一点，好消息就多了？？""",7,14,2023
"""为暑期高峰用电供能，全球最大LNG运输加注船靠泊东莞九丰码头""",7,14,2023
"""今天最高点买的，被套住了吗""",7,14,2023
"""沙特驻广州总领事会见九丰集团副总裁""",7,14,2023
"""加油，再涨涨我就回本了，""",7,14,2023
"""23.42追高了，好怕怕""",7,14,2023
"""我就打了个盹""",7,14,2023
"""今天股价连续突破半年线和年线，资金大幅度净流入，结合前几天大量机构的调研，可以看""",7,14,2023
"""有资金玩不惧调整，后排的跟上。""",7,14,2023
"""我放一点涨一点，再放一点再涨一点，不能再放了，尾盘突破23.32的话，全部再接回""",7,14,2023
"""回调是明天了""",7,14,2023
"""拉高出货了，最后逃跑机会[傲]""",7,14,2023
"""为啥选择下午2点左右开拉""",7,14,2023
"""冲冲冲""",7,14,2023
"""拉板""",7,14,2023
"""下星期继续暴跌，调整[下跌][下跌][下跌][呲牙][呲牙][呲牙]""",7,14,2023
"""不知不觉过了半年线[加油][加油][加油]""",7,14,2023
"""起风了。""",7,14,2023
"""九丰七连阳，欲练九阳神功？""",7,14,2023
"""多久没这么多资金买入了""",7,14,2023
"""国外气价低位，国内气价相对高企，利好拥有LNG运输船的公司，例如九丰能源""",7,14,2023
"""冲啊，业绩没问题""",7,14,2023
"""上面也没多少，那些调研的机构赶紧来吃掉就完事了""",7,14,2023
"""应该还一攻[胜利]""",7,14,2023
"""回调21了。卖出等？？？""",7,14,2023
"""九丰能源07月13日沪股通持有量259.03万股""",7,14,2023
"""九丰能源：连续5日融资净偿还累计1884.88万元（07-13）""",7,14,2023
"""7.14回踩最后上车机会""",7,13,2023
"""猪力今天给我打电话说了明天要大涨！[胜利][微笑]""",7,13,2023
"""啥时候能忽悠到25""",7,13,2023
"""不知在这里墨迹啥，这股真是磨性子""",7,13,2023
"""九丰，这么好的环境，不涨反而跌""",7,13,2023
"""织得一手好布""",7,13,2023
"""真的是一手一手买上去""",7,13,2023
"""只有放量突破24元，此股才能进入主升[加油][加油][加油]""",7,13,2023
"""本月看特气。氦气先买了一些九丰。看这个月怎样走。个人投资，价值自判。不喜勿喷！""",7,13,2023
"""能不能来个反转，64.22""",7,13,2023
"""22.56这个平台都突破不了，弱了，再出点掉。。。。等上去了再进去也不迟""",7,13,2023
"""冲高回落""",7,13,2023
"""太可怕了，都在挂单卖出[捂脸][捂脸][捂脸]""",7,13,2023
"""今年最高点，卖卖卖卖卖卖卖""",7,13,2023
"""九丰能源：做好氦气和氢气业务 伺机向其他特种气体延伸""",7,13,2023
"""九丰能源07月12日沪股通持有量258.4万股""",7,13,2023
"""涨停涨停[大笑]""",7,13,2023
"""九丰能源：连续4日融资净偿还累计1784.69万元（07-12）""",7,13,2023
"""这么多调研，什么意思嘛？你们九丰回本了吗？回本就出货啊。""",7,12,2023
"""基金调研 | 南方基金孙鲁闽调研九丰能源""",7,12,2023
"""九丰能源：目前拥有氦气和氢气业务 未来会在条件成熟下会考虑延伸到其他特种气体""",7,12,2023
"""九丰能源：今年LPG在采购及销售价格端均出现下跌 但对公司业务影响有限""",7,12,2023
"""吓我一跳，今天涨了2分钱。""",7,12,2023
"""【调研快报】九丰能源接待中泰证券等多家机构调研""",7,12,2023
"""看了下九丰的财报，九丰能源今年一季度货币现金60多亿，扣掉17亿有息负债（短期借""",7,12,2023
"""广东天然气价格还在涨，九丰主业就是天然气销售。""",7,12,2023
"""九丰能源:九丰能源:2023年6月29日至7月12日投资者关系活动记录表""",7,12,2023
"""巴菲特买天然气公司""",7,12,2023
"""一手哥将成为世界的主宰""",7,12,2023
"""想等你到20左右买入部份，留部份资金防你破20元到前低位处再加满仓就不管你涨跌了""",7,12,2023
"""来点儿信心[呲牙]""",7,12,2023
"""九丰能源07月11日获沪股通增持13.77万股""",7,12,2023
"""人气差不多到位了，看情况得出来了""",7,12,2023
"""九丰能源：连续3日融资净偿还累计1329.93万元（07-11）""",7,12,2023
"""九丰能源:九丰能源:2023年6月29日至7月12日投资者关系活动记录表""",7,12,2023
"""明天涨停板[呲牙][呲牙][呲牙]""",7,11,2023
"""明天该石油天然气拉升""",7,11,2023
"""散户一致认为九丰是好股，所以不会涨的，等什么时候被遗忘就来了，一有利好就上，现在""",7,11,2023
"""又开始阴跌了，好不过一天""",7,11,2023
"""能不能成为龙头，就看今天了""",7,11,2023
"""兄弟，能否不要这么琐？""",7,11,2023
"""主力在卖，干哈去了，超大单4是4手吗""",7,11,2023
"""$九丰能源(SH605090)$""",7,11,2023
"""燃气涨价""",7,11,2023
"""九丰能源07月10日被沪股通减持8.54万股""",7,11,2023
"""燃气价格多地区上调，关注燃气相关产业链公司。""",7,11,2023
"""该股应该可以，但会浪费时间。""",7,11,2023
"""九丰能源：融资净偿还64.02万元，融资余额1.15亿元（07-10）""",7,11,2023
"""来个业绩快报吧""",7,10,2023
"""东吴证券：消费复苏、价差修复、板块低估值 关注天然气板块投资机会""",7,10,2023
"""开盘就是巅峰，[哭]""",7,10,2023
"""，我卖了""",7,10,2023
"""告诉我！你们的成本是多少，持有一年了。还没解套""",7,10,2023
"""有机会可以不赔钱出去吗，24的成本""",7,10,2023
"""怎么成僵尸股了？""",7,10,2023
"""烂泥扶不上墙""",7,10,2023
"""涨停[大笑]""",7,10,2023
"""操心的一周已经开始.............""",7,10,2023
"""22.83""",7,9,2023
"""九丰能源本周融资净买入345.2万元，居燃气板块第七""",7,9,2023
"""九丰能源本周沪股通持股市值增加810.34万元，居燃气板块第三""",7,9,2023
"""谁能说一下这股与绿色电力有什么关系，毛线关系吗？""",7,9,2023
"""清洁能源业务方面，公司在上游已构建“海气+陆气”双资源池，在下游销售方面实现国际""",7,8,2023
"""九丰能源07月07日沪股通持有量252.21万股""",7,8,2023
"""九丰能源：融资净偿还38.05万元，融资余额1.16亿元（07-07）""",7,8,2023
"""九丰能源:关于发行股份、可转换公司债券及支付现金购买资产并募集配套资金实施进展的公告""",7,7,2023
"""可以休息两天了，下星期见""",7,7,2023
"""2023年是共建“一带一路”倡议提出十周年，随着中国对外开放广度和深度的提升，中""",7,7,2023
"""下星期涨到26大家上啊""",7,7,2023
"""垃圾到家，连板块都涨不过""",7,7,2023
"""大哥，今天涨两分，赚包香烟钱[拜神]""",7,7,2023
"""怎么做到一手大单的""",7,7,2023
"""垃圾到家了""",7,7,2023
"""涨停，涨停[大笑]""",7,7,2023
"""没有主力买的股为什么不跌停""",7,7,2023
"""九丰能源07月06日被沪股通减持1.11万股""",7,7,2023
"""港股美股英股跌的一踏滥糊涂，又是环保的一天""",7,7,2023
"""九丰能源：融资净买入89.1万元，融资余额1.16亿元（07-06）""",7,7,2023
"""私有化""",7,6,2023
"""难道最后的两分钱还要收回去？666666""",7,6,2023
"""这样的股还有人买，直接退市就算了""",7,6,2023
"""开始慢慢买入九丰""",7,6,2023
"""[韭菜][韭菜][韭菜][韭菜]""",7,6,2023
"""涨停[大笑]""",7,6,2023
"""跌不动了，跌不动了。这个月开始，每次发下工资就买200股[哭]一直买，终身买。直""",7,6,2023
"""完蛋""",7,6,2023
"""今天不涨停天理难容""",7,6,2023
"""九丰能源不到30，一股都不买卖，庄家看你能拿我怎么样。""",7,6,2023
"""九丰能源07月05日获沪股通增持3.02万股""",7,6,2023
"""九丰能源：融资净偿还121.76万元，融资余额1.15亿元（07-05）""",7,6,2023
"""底仓全割了天天挂23块卖出，卖了好多天都没成交。清仓了，一股都没有了。""",7,5,2023
"""是真心冷门啊，唉，每天看孩子一样看着""",7,5,2023
"""到20加仓干""",7,5,2023
"""跌多少钱""",7,5,2023
"""一班的人离开吧，二班的人再坚强一下，三班的人给自己钉上，做永久的丁字户""",7,5,2023
"""涨一天，跌四天，无限轮回，到18止跌，然后抄底""",7,5,2023
"""赶紧跑""",7,5,2023
"""九丰能源07月04日获沪股通增持35.56万股""",7,5,2023
"""九丰能源：融资净买入550.03万元，融资余额1.16亿元（07-04）""",7,5,2023
"""大盘3天涨了3个点九丰跌1.5点。比垃圾股更差！""",7,5,2023
"""九丰能源：第二季度“可转债”未转股""",7,4,2023
"""九丰能源:关于可转债转股结果暨股份变动的公告""",7,4,2023
"""大家耐住性子，一个月内必拉升""",7,4,2023
"""怎么都是新面孔了""",7,4,2023
"""顺势而为""",7,4,2023
"""今天在此股吧的散户们估计跟我一样，吃了满嘴的苍蝇[怒][怒][怒]""",7,4,2023
"""明天涨停[呲牙]""",7,4,2023
"""666666符合出研报逻辑，好容易上去点，现在又惨了""",7,4,2023
"""$九丰能源(SH605090)$  哪位大佬问问董秘，具体情况。""",7,4,2023
"""[吃瓜]九丰耗不起的只能放弃，这股主打一个鱼死网破，史带金融与公司之间到底有何矛""",7,4,2023
"""安信又是那只鸟，没事情做了，怎么会想到来九丰霍霍的""",7,4,2023
"""怎么做到的？这么毒辣""",7,4,2023
"""研报一出，股价必跌[捂脸]""",7,4,2023
"""我认输了，扛不住了，浪费时间，先出去打打游击，再回来盘你。""",7,4,2023
"""多股获机构看好，目标涨幅最大90.48%(7-3)""",7,4,2023
"""九丰能源：融资净偿还134.11万元，融资余额1.11亿元（07-03）""",7,4,2023
"""上半年人民币贬值对进口企业影响很大，九丰半年业绩可能要下滑不少""",7,4,2023
"""海陆气资源池完善保障盈利稳定，特种气体布局加速成长""",7,4,2023
"""瓦特啊大垃圾？瓦特啊？""",7,3,2023
"""准备上年线""",7,3,2023
"""上不去就只有下来了。哈哈。20见""",7,3,2023
"""没有买卖，就没有伤害""",7,3,2023
"""就这垃圾还龙头，""",7,3,2023
"""想减持也得先拉到24呀""",7,3,2023
"""大家都好斯文""",7,3,2023
"""卖气的，得有点火力啊！""",7,3,2023
"""死水一潭""",7,3,2023
"""大家还有什么牛B快拿出来一起吹了，最近散户也没了，再这样下去要掉到5000名去了""",7,3,2023
"""对不起大家啊！上星期买了五百股，所以主力不愿意拉高了，请大家多多包涵。等我赚点买""",7,3,2023
"""今天跟氦气，明天跟晦气""",7,3,2023
"""凡是有大股东减持的，大盘涨再多都不会动的。""",7,3,2023
"""滚回二十块去！垃圾股""",7,3,2023
"""涨停[大笑]""",7,3,2023
"""娘的，船也靠岸了，量还是没有""",7,3,2023
"""业务模式创新，对外提供LNG接收站窗口期，能服业务转型落地""",7,2,2023
"""九丰能源本周融资净偿还204.68万元，居燃气板块第六""",7,2,2023
"""感觉九丰7-8月有戏，目测会站稳30元！""",7,2,2023
"""九丰能源：本周沪股通持股量环比增加11%，周内增仓幅度居燃气板块第十""",7,2,2023
"""假央企的大项目!!!""",7,2,2023
"""2023年6月30日中午12点18分，随着“海洋石油301号”缓缓靠泊东莞九丰能""",7,2,2023
"""九丰能源06月30日获沪股通增持1.03万股""",7,1,2023
"""九丰能源：融资净买入45.3万元，融资余额1.12亿元（06-30）""",7,1,2023
"""汇率影响讨论""",6,30,2023
"""小九下周继续加油，这周都是跟随你[大笑]""",6,30,2023
"""加油，小九，下周看到23元""",6,30,2023
"""$九丰能源(SH605090)$""",6,30,2023
"""烂股一只""",6,30,2023
"""这就是一思股，我怎么那么倒霉，手上全是烂股""",6,30,2023
"""还是延续弱势..................................""",6,30,2023
"""道这里来可以体验主力的感觉""",6,30,2023
"""现在的情况就是，主力没拿到筹码，套牢盘散户太多，洗不出去，后期估计要加大震荡，，""",6,30,2023
"""下礼拜就会跌停的，等着吧""",6,30,2023
"""新官上任，没有火？""",6,30,2023
"""几百手就压的动不了""",6,30,2023
"""35有毒吗？""",6,30,2023
"""涨什么嘛，一看到你红就生气""",6,30,2023
"""麻烦涨到24让原始股东跑出来，再跌到18元。我们好进来""",6,30,2023
"""股是好股，可是没庄来做，因为空间不大，上24元大股东就会减持，所以在这个点位只能""",6,30,2023
"""我看你要干撒子[呲牙]""",6,30,2023
"""[吃瓜]九丰不看了，量能太差，都不敢一轮游的，还是去主做板块里的中字头，国企央企""",6,30,2023
"""预测今天小羊收盘，不超过1个点[笑哭]""",6,30,2023
"""怎么又突然没人竞价了，无语""",6,30,2023
"""今天看看你们谁敢买卖""",6,30,2023
"""九丰能源06月29日获沪股通增持1.47万股""",6,30,2023
"""九丰能源：融资净偿还680.3万元，融资余额1.12亿元（06-29）""",6,30,2023
"""九丰能源：聘任吴志伟为公司副总经理""",6,29,2023
"""九丰能源:关于聘任公司副总经理并决定其薪酬方案的公告""",6,29,2023
"""九丰能源:关于补选第二届监事会职工代表监事的公告""",6,29,2023
"""九丰能源:独立董事关于第二届董事会第二十九次会议相关事项的独立意见""",6,29,2023
"""九丰能源:第二届董事会第二十九次会议决议公告""",6,29,2023
"""安信证券：成本和收入端双重刺激 看好城燃板块困境反转""",6,29,2023
"""大家坚定持有，不信不涨停""",6,29,2023
"""流出1000W了，这是大出血呀""",6,29,2023
"""最后的上车机会了""",6,29,2023
"""你还在割肉追人工智能吗？""",6,29,2023
"""咋都不涨，""",6,29,2023
"""这是什么玩意儿？""",6,29,2023
"""又开启了等公告的一周，今晚会有公告么""",3,4,2023
"""昨天大手笔买方正证券的机构和投资者绝不是听消息购买的，是它具备投资价值和做大做强""",3,4,2023
"""无论是蚂蚁收购瑞信证券还是城堡证券收购瑞信证券，对于持有瑞信证券49%股份的方正""",3,4,2023
"""老夫炒股这些年对于是洗盘、吸筹还是主力脱逃有独到见解。那就是下一步涨了就是洗盘，""",3,4,2023
"""打板的几十万手都没走，怕个毛线""",3,4,2023
"""一个涨停出来，就出来发小作文辟谣，高新发展，你们怎么不去辟谣？这个烂记者就不想A""",3,4,2023
"""上车建仓，准备吃肉""",3,4,2023
"""事出反常必有妖。如果散户不为主力的挖坑使坏所动，不盲目跟风追涨杀跌，他们能得逞吗""",3,4,2023
"""明天轮动到券商板块大拉升，今天压在水底强力洗盘，明天就可以报复式暴涨[加油][加""",3,4,2023
"""目前利润1%，但看来明天开盘还要跌，怕是保不住这点利润了[哭]""",3,4,2023
"""看明天了，反包收阳就是洗盘，下跌收阴就是出货。""",3,4,2023
"""明天跌5个点我就接回来，就看给不给机会""",3,4,2023
"""证券真是极品渣男，前几天打板了西部证券，涨过教训了""",3,4,2023
"""关注抱团大票""",3,4,2023
"""不能碰的券商！""",3,4,2023
"""明天低开水下可以博下说不定还有大肉肉吃""",3,4,2023
"""难道庄会因为误导的小作文拉升？骗子本人吧。""",3,4,2023
"""今天券商板块涨幅铁定在板块涨幅前三位！中信证券领涨5%以上，板块内小票将掀起涨停""",3,4,2023
"""明天反包""",3,4,2023
"""大半年涨一个板，结果跌回原形，就算重组都看不上方正，差到极点""",3,4,2023
"""一篇小作文干倒一个板块，太损了。""",3,4,2023
"""什么鬼东西""",3,4,2023
"""周二看盘前2""",3,4,2023
"""机构和游资买入量倍增，砸盘的是香港的资金，看前边我发的帖子，其中有一家卖出了一个""",3,4,2023
"""周二看盘前""",3,4,2023
"""少见""",3,4,2023
"""$方正证券(SH601901)$""",3,4,2023
"""一群看消息炒股的，亏不死你才怪？？？[坏笑][坏笑][坏笑]""",3,4,2023
"""千万不要买证券""",3,4,2023
"""卖阴卖阳。即使有小作文作怪，但该涨的还是要涨。尾盘证券板块指数被方正左右。""",3,4,2023
"""周二盘前""",3,4,2023
"""今天又进来了多少新韭菜""",3,4,2023
"""今天进的散户，脑子瓦特了，鉴定完毕。""",3,4,2023
"""明天跌停板！哈哈""",3,4,2023
"""大伙儿都来说说，为啥上周五涨停的方正证券今天跌成了这个样子？""",3,4,2023
"""蚂蚁金融谋划券商，方正或成最大赢家？""",2,27,2023
"""方正证券的重组大戏即将拉开帷幕，方正+平安=券商一哥""",2,26,2023
"""下周一（3月4日）人气热点标的猜想（1）方正证券核心题材：重组预期+大金融+北上""",3,3,2023
"""方正该如何日走，大家想想，空间巨大……""",3,4,2023
"""卧龙早盘必读！！！""",3,4,2023
"""不管是周四进来还是周五进来""",3,4,2023
"""这就是t+1的好处，靠散户一套一个准。""",3,4,2023
"""这个周末会出方正证券重大利好""",3,4,2023
"""昨天进来的，估计都是割肉跑的！不排除主力那么多天的小碎步吸筹！""",3,4,2023
"""劵商合并再传消息，拭目以待明天中信证券开盘如何带领券商板块逆势领涨哈！方正最好地""",3,3,2023
"""这货三个月内必成大牛，当然啦七块附近分批上车更香→个人观点，不构成投资建议哈哈哈""",3,4,2023
"""我猜明天至少还要跌3个点！等大盘回调！这垃圾还要暴跌！""",3,4,2023
"""券商股震荡走低 方正证券跌超5%""",3,4,2023
"""渣渣方又被该死的作文带崩套牢没商量""",3,4,2023
"""上周五T飞还以为自己踏空了呢，哈哈""",3,4,2023
"""都在等风来，结果等来寒风刺骨的风""",3,4,2023
"""上午恐慌盘都跑了，下午拉！！！""",3,4,2023
"""跌的老惨喽""",3,4,2023
"""给机会，别不中用""",3,4,2023
"""遇到过类似的乌龙事件，最后开盘都低开五个点往下闷杀，市场规律，不喜勿喷[抱拳]""",3,2,2023
"""真的假的""",3,4,2023
"""梭哈，越跌越买""",3,4,2023
"""有大阴线就接一点，大阳就减仓，有底仓就是这么任性[大笑][大笑][大笑]""",3,4,2023
"""老师说明天还可以补仓，近期要启动了""",3,4,2023
"""财联社全称上海财联社金融科技有限公司，是上海界面财联社科技股份有限公司全资子公司""",3,4,2023
"""抖音天天在推这个[滴汗]""",3,4,2023
"""怎么回事""",3,4,2023
"""大盘有回调的需要了，回调了，后面上涨更健康。。。。。但是，如果不回调，真想开启牛""",3,4,2023
"""跑路进行时。""",3,4,2023
"""小碎步走的多少，昨天不知道谁点火！好啦！恐慌啥玩意都出来了！""",3,4,2023
"""今天回调有点深了，要是收在-3%左右，就好了，目前不建议重仓！""",3,4,2023
"""主力跑了四个亿，你说洗盘，内裤都把你洗干净，我是跑了。[韭菜][韭菜]""",3,4,2023
"""会不会破7啊？""",3,4,2023
"""洗盘而已，怕毛线""",3,4,2023
"""这一高一低的，没跑了""",3,4,2023
"""7.83又加仓[加油][加油][加油]""",3,4,2023
"""要死上周打板进来，损失惨重""",3,4,2023
"""我不是马后炮吧，哈哈。""",3,4,2023
"""尾盘买了1000股，明天不容乐观啊！""",3,4,2023
"""我查了一下，这里面的购得有100多条！""",3,4,2023
"""没有地板问题不大，继续观望持有，目前还有几个点盈利[哈欠]""",3,4,2023
"""下7.7就重仓，，你跌吧，，，""",3,4,2023
"""快买买买买""",3,4,2023
"""网传蚂蚁把大象吃了，公司也不辟谣！大象有49%是谁的？[坏笑]""",3,4,2023
"""这不是出货""",3,4,2023
"""九丰能源06月20日被沪股通减持14.25万股""",6,21,2023
"""九丰能源：融资净买入96.3万元，融资余额1.13亿元（06-20）""",6,21,2023
"""今天涨3个点[傲]""",6,21,2023
"""二阳何时转阴，等专家来看。""",6,20,2023
"""九丰能源:关于“九丰定01”可转债开始转股的公告""",6,20,2023
"""东吴证券：欧洲气价将迎阶段性高峰 具备国外转口能力的公司受益""",6,20,2023
"""未来不稳定因素增加，海上运输不安全，九丰能源全天候担惊受怕""",6,20,2023
"""为啥涨点就往下砸啊""",6,20,2023
"""董秘您好，6月底有在建船交付吗？""",6,21,2023
"""这个量想创历史新低？""",6,20,2023
"""九丰到底在等什么消息呢[旺柴]""",6,20,2023
"""节前无量，节后无量，还AI啦，钱都不过来了唉""",6,20,2023
"""主打一个折磨，哈哈哈[捂脸]""",6,20,2023
"""破发，破发，垃圾，垃圾。按到地板摩擦""",6,20,2023
"""继续探底，抄底还为时尚早""",6,20,2023
"""九丰能源06月19日被沪股通减持3.5万股""",6,20,2023
"""九丰能源：连续3日融资净偿还累计718.83万元（06-19）""",6,20,2023
"""产业基金的背后是涌金系陈金霞，以及山东汉缆股份张思夏家族[奸笑]，有兴趣的可以去""",6,19,2023
"""这时候利好消息。爽""",6,19,2023
"""九丰能源:关于与专业投资机构合作暨参与投资设立氢能产业基金的进展公告""",6,19,2023
"""一层双一层的W，了不是知道底在那里了，唉""",6,19,2023
"""好像没人玩了""",6,19,2023
"""赶紧跌下来，等的急人""",6,19,2023
"""止损了，""",6,19,2023
"""好股弱庄""",6,19,2023
"""今天没有5个点你就别姓""九""，你改姓""孙""好啦[笑哭][笑哭][笑哭]""",6,19,2023
"""这货出生以来涨停过没有？""",6,19,2023
"""德龙汇能是你爹？""",6,19,2023
"""人家冲了6个点，你冲了0.6还回落，你辛苦了""",6,19,2023
"""涨停""",6,19,2023
"""可惜了，少了两个跌停""",6,19,2023
"""转发""",6,18,2023
"""九丰能源本周融资净买入1599.94万元，居燃气板块第二""",6,18,2023
"""九丰能源本周沪股通持股市值增加109.42万元，居燃气板块第五""",6,18,2023
"""绿色电力？""",6,18,2023
"""九丰能源06月16日获沪股通增持12.33万股""",6,17,2023
"""九丰能源：融资净偿还351万元，融资余额1.15亿元（06-16）""",6,17,2023
"""董秘说今年上半年有新船交货，也就是说6月份有新船交货，这是不是重大隐性利好？""",6,16,2023
"""我就服了你这个老六了，下午开盘就6000多W量，现在还只有6300多W""",6,16,2023
"""马上涨停啦，九丰第二个九安，那几个大神还不回归吗""",6,16,2023
"""萌新不会来买这种冷门票，这些一手哥控盘是狠""",6,16,2023
"""大家冲，下月18见""",6,16,2023
"""南京公用这种亏损股都能涨停，价值投资呵呵呵""",6,16,2023
"""涨停[大笑]""",6,16,2023
"""就这表演完了，高潮过了[为什么]""",6,16,2023
"""今天已经很猛了，接下来就是下来了，他没变别怪他""",6,16,2023
"""每次都是跌多涨少，垃圾。""",6,16,2023
"""一不注意南京涨停了，怪不得，又咱滴了，难道真的开始抢天然气了""",6,16,2023
"""着火啦！着火啦！着火啦！[笑哭][笑哭][笑哭]""",6,16,2023
"""国际气价的下跌有助于九丰进口，这可是董秘自己说的，细细品味股吧里唱多的心理""",6,16,2023
"""去年欧洲气暴涨，九丰小秘，报表都表明没关系，去年都挣不到钱，今年还能挣到？自己安""",6,16,2023
"""欧洲气价暴涨，感觉大行情要启动了，这么好的基本面，一点就着""",6,16,2023
"""九丰能源，每天都是在下午收市前几秒偷袭拉高！这是何种用意呢？""",6,16,2023
"""九丰能源06月15日沪股通持有量198.1万股""",6,16,2023
"""九丰能源：融资净偿还35.1万元，融资余额1.18亿元（06-15）""",6,16,2023
"""2023/06/1518:54欧洲天然气期货价格飙升30%，达到每兆瓦时49.9""",6,15,2023
"""49的本，回来看看[滴汗]""",6,15,2023
"""21.31全部清了，亏了3%！""",6,15,2023
"""丰儿，你睡了吗，盖好被子""",6,15,2023
"""知道期指涨了多少吗？主力大哥们[捂脸]""",6,15,2023
"""今天涨停[大笑]""",6,15,2023
"""业绩好有什么用，清仓了。浪费时间，留下的发财。""",6,15,2023
"""资金不在天然气板块，夕阳产业而已。拥抱人工智能，国产芯片。""",6,15,2023
"""丰儿，敢不敢涨停一把？""",6,15,2023
"""坐等利好公告""",6,15,2023
"""赶紧20""",6,15,2023
"""今天还是跌吗""",6,15,2023
"""九丰能源06月14日被沪股通减持1.04万股""",6,15,2023
"""九丰能源：融资净买入324.91万元，融资余额1.19亿元（06-14）""",6,15,2023
"""$粤电力B（200539)$第二个九安医疗。抖音直播卖煤，山西坑口价570（55""",6,14,2023
"""欧洲基准天然气期货价格大涨11% 达到每兆瓦时40欧元""",6,14,2023
"""6月14日，俄罗斯总统普京签署了《关于批准俄罗斯联邦与中华人民共和国沿远东线路供""",6,14,2023
"""韭菜盒子们抓紧时间抢劫，庄家下手特别狠，一周后要坐稳了""",6,14,2023
"""最近融资余额大幅上升。按照过去的记录，暴涨就在后面。""",6,14,2023
"""最近走的不温不火，略显颓势，在气价回调这么大幅度的背景下，也算可以。二季度业绩猜""",6,14,2023
"""今天不错，把缺口都补好了。""",6,14,2023
"""29解禁，看好18块""",6,14,2023
"""天天都板块倒数[滴汗]""",6,14,2023
"""史带金融表示，看它厉害吧，各位就安心躺平吧，这股有它在，放心绝对过不了24，稳的""",6,14,2023
"""托盘太多还有的跌""",6,14,2023
"""今天又是龙头""",6,14,2023
"""这只股是真差！一直跌""",6,14,2023
"""那个谁21.2来了，抓住机会，转瞬即逝""",6,14,2023
"""板块最后一名""",6,14,2023
"""这个股现在没主力，亏了20个点，空仓等18进""",6,14,2023
"""哈哈哈，我就知道要管住手，建仓也不能建太早[捂脸]""",6,14,2023
"""昨天与今天应该又套进不少散户吧，去实地看看泰森，看看九丰，就知道该不该在这个价位""",6,14,2023
"""大盘上升，你下行，无语""",6,14,2023
"""一个涨停，千军万马都来了，啥问题解决了。你在墨迹什么呢。多久没涨停了。""",6,14,2023
"""今天的航运股可以。九丰你呢。""",6,14,2023
"""真是服了""",6,14,2023
"""绐机会就再加点[大笑][大笑][大笑][大笑]""",6,14,2023
"""$九丰能源(SH605090)$""",6,14,2023
"""怕要跌到21以下""",6,14,2023
"""四个大字啊。。。跌无止境[笑哭][笑哭][笑哭][笑哭]""",6,14,2023
"""赶紧割肉吧，庄稼有的磨你，骨头渣子都给你磨成粉""",6,14,2023
"""不懂就问，上半年天然气出厂价格大降，对九丰业绩影响是好还是坏啊""",6,14,2023
"""一季度成本下降原因""",6,14,2023
"""绿绿能源，盼完5月盼6月，盼完6月盼7月，总结就下四个字：6666""",6,14,2023
"""我又回来建个仓[呲牙]，涨停涨停""",6,14,2023
"""跌停好不好""",6,14,2023
"""九丰能源06月13日被沪股通减持3.43万股""",6,14,2023
"""九丰能源：融资净买入1714.39万元，融资余额1.16亿元（06-13）""",6,14,2023
"""看来主力是要证明21.32这个缺口是有效支撑。""",6,13,2023
"""吃少了点[大笑][大笑][大笑]""",6,13,2023
"""主力想减持又没有减持的筹码，原来的筹码又必须到24才能减持，所以股价一涨又涨不到""",6,13,2023
"""游资的风格相当的彪悍。""",6,13,2023
"""今天没希望了""",6,13,2023
"""每天这么多人抄底，看样子还不会止跌""",6,13,2023
"""怕什么，只是需要时间""",6,13,2023
"""九丰能源前景分析:1、俄罗斯通往中国的陆运管道天然气增加，国内天然气降价是必然的""",6,13,2023
"""请问公司近期还有没有和史带金融保持良好的沟通？""",6,19,2023
"""还要跌，没有上涨空间。""",6,13,2023
"""九丰能源，你欠我们一个跌停""",6,13,2023
"""割肉追人工智能，你只有一个结果！""",6,13,2023
"""人民币贬值有影响。""",6,13,2023
"""21.32，五分钟线的缺口，今天应该回补""",6,13,2023
"""接着等接着看，僵尸股""",6,13,2023
"""涨一天，跌两天，到18为止""",6,13,2023
"""21区间震荡，然后突然一天猛跌。以为捡了便宜筹码，嘿嘿，结果自己才是韭菜。哎""",6,13,2023
"""拥抱人工智能。""",6,13,2023
"""跌吧跌吧无所谓了""",6,13,2023
"""这人气，惨。。。。。。。。。。。。。。。。。。。""",6,13,2023
"""九丰能源06月12日被沪股通减持2.69万股""",6,13,2023
"""九丰能源：融资净偿还53.26万元，融资余额9836.66万元（06-12）""",6,13,2023
"""趋势下跌，远离为好""",6,13,2023
"""股东减持股份，注定今年下半年没有行情？""",6,13,2023
"""说好的欧洲能源起飞，需要LNG船呢，哈哈哈，给大家看到的就是想让你看到的罢了""",6,12,2023
"""坚强的散户造就了今天的股价…[兴奋][兴奋][兴奋]""",6,12,2023
"""不到18不买进""",6,12,2023
"""加油，马上就榜一啦[捂脸]""",6,12,2023
"""倒车接人。前期30见，后期55""",6,12,2023
"""只有这样才能搜集到筹码…[偷笑][偷笑][偷笑]""",6,12,2023
"""冷链物流。独一无二""",6,12,2023
"""看这托单情况，还要横盘震荡一段时间，大家可以做个高抛低吸来降低成本""",6,12,2023
"""九丰能源本周融资净买入589.7万元，居燃气板块第三""",6,11,2023
"""九丰能源本周沪股通持股市值减少234.09万元，居燃气板块第七""",6,11,2023
"""沪股通减持结束后，就会涨了。""",6,10,2023
"""上次说回调2-3周，实现了，但是这次预测下周可能大盘会有-2-3%行情！只因为中""",6,10,2023
"""怪不得。下周抢筹!""",6,10,2023
"""欧洲天然气期货上涨20%！""",6,10,2023
"""九丰能源06月09日被沪股通减持4.22万股""",6,10,2023
"""九丰能源：融资净买入707.6万元，融资余额9889.91万元（06-09）""",6,10,2023
"""九丰能源重组森泰能源：未完成现金对价支付仅是行政程序问题""",6,9,2023
"""一帮垃圾，涨一点全它看多，老子卖了，下周一再接回！稳稳当当的幸福！""",6,9,2023
"""方向确定加，融资""",6,9,2023
"""我觉得这操盘的，有点神戳戳的""",6,9,2023
"""今天九疯会抽风吗？""",6,9,2023
"""135市值，15分钟，300W量没有，[哭]""",6,9,2023
"""九丰能源：融资净偿还102.72万元，融资余额9182.31万元（06-08）""",6,9,2023
"""九丰能源06月08日获沪股通增持1.07万股""",6,9,2023
"""可惜毛子的气主要产地在西伯利亚，运输到国内消费中心途径很远，不然现在乘机签个长约""",6,8,2023
"""嗯哼，耐心等待有了回报，接盘筹码可以腾挪搞回转差价了""",6,8,2023
"""九丰能源:关于发行股份、可转换公司债券及支付现金购买资产并募集配套资金实施进展的公告""",6,8,2023
"""22就要下来。，，记住了。""",6,8,2023
"""龙头[旺柴]""",6,8,2023
"""吸筹码。大家抱住""",6,8,2023
"""又拿银行石油地产来稳指数不踏实""",6,8,2023
"""九丰21元处会不会形成双底""",6,8,2023
"""底部又一次确认企稳""",6,8,2023
"""好的。继续努力。涨""",6,8,2023
"""跌一天涨二天，难道是这节奏？那明天？""",6,8,2023
"""上午平盘割了20手，果然就涨了点，接下来一路高歌猛进吧""",6,8,2023
"""死股一只，随波逐流！么得救了。。。""",6,8,2023
"""居然连论坛人都没了，66666，大家都去喝咖啡了吗？都放下了？""",6,8,2023
"""没人进价了，也没人进货了，这货咱办。。。。""",6,8,2023
"""九丰能源：融资净买入6.47万元，融资余额9285.04万元（06-07）""",6,8,2023
"""懂秘喊单……！主力当他……哈哈""",6,7,2023
"""【绿色能源】九丰能源布局清洁能源业务，亟待完整准确披露环境信息数据""",6,7,2023
"""无论是涨是跌，主卖的量都是远远大过主买的量，说明持仓的都被折磨的不行了，都想急着""",6,7,2023
"""公告这么多，你股价到是涨啊""",6,7,2023
"""请开始你的表演""",6,7,2023
"""下午跳水。百分之99可能性""",6,7,2023
"""一手哥""",6,7,2023
"""此票跳水趋势。管住手。""",6,7,2023
"""寂寞一天""",6,7,2023
"""像鸿博、上海电影一样，一直涨停[大笑]""",6,7,2023
"""小心下午跳水。""",6,7,2023
"""主力打盹的情况下买入最好。二笔主力哈哈。""",6,7,2023
"""没有空间，二十元以下看有机会没。""",6,7,2023
"""这杯装得，差不多得了""",6,7,2023
"""这杯装得，差不多得了""",6,7,2023
"""终于跌停了""",6,7,2023
"""九丰能源06月06日被沪股通减持3.27万股""",6,7,2023
"""九丰能源：融资净偿还79.69万元，融资余额9278.56万元（06-06）""",6,7,2023
"""明天破21，破20机会就来了[大笑]""",6,6,2023
"""九丰能源:关于提前归还部分暂时补充流动资金的闲置募集资金的公告""",6,6,2023
"""九丰能源:关于公司及子公司为子公司提供担保的公告""",6,6,2023
"""百分之97套牢盘，我服了你""",6,6,2023
"""你是真垃圾""",6,6,2023
"""明天清仓。[微笑]""",6,6,2023
"""生死难料""",6,6,2023
"""垃圾公司咋不退市了""",6,6,2023
"""21.21突破成功，接下来20.18了，韮菜们积极参与""",6,6,2023
"""九噶""",6,6,2023
"""哈哈。看看新天然气你脸红吗。大家一起赎回现金。""",6,6,2023
"""今天要玩完了""",6,6,2023
"""这个量缩的已经没法看了[滴汗]""",6,6,2023
"""吹牛有毛用，看看新奥股份""",6,6,2023
"""兄弟萌，不要着急，等到15以下会有机会的！！！！""",6,6,2023
"""卖了出来看看。今天银行有疯""",6,6,2023
"""不是喜欢跌吗？，怎么不下了[大笑][大笑][大笑]""",6,6,2023
"""散户不交易了，机构也就割不成韭菜了。最后大A去散户化演变成了去机构化。""",6,6,2023
"""别拉稀了，天然气期货反弹了，提裤子阜啊""",6,6,2023
"""昨天前天喊建仓的，可以准备21加仓了[大笑][大笑][大笑]""",6,6,2023
"""这种股，一套一套住就得半年。慎重""",6,6,2023
"""九丰能源06月05日被沪股通减持4.35万股""",6,6,2023
"""九丰能源：融资净买入58.04万元，融资余额9358.25万元（06-05）""",6,6,2023
"""欧洲天然气期货价格大涨20%""",6,5,2023
"""别忘了九丰能源也有国资概念。参股。""",6,5,2023
"""无量天尊""",6,5,2023
"""开始织布机了。没有资金关注。融资的直接走""",6,5,2023
"""成交量要创新低[滴汗]""",6,5,2023
"""极致缩量，一手哥功不可没""",6,5,2023
"""大股东想24元以上减持，那个庄敢来做嘛，除非再降5元，这个价没做头。""",6,5,2023
"""这股为什么不涨的""",6,5,2023
"""21.53再加点[大笑][大笑][大笑]""",6,5,2023
"""夏天搞电力""",6,5,2023
"""进了点，想搞个超反弹[大笑][大笑][大笑]""",6,5,2023
"""欧佩克和非欧佩克达成减产协议，这应该利好减持吧[笑哭]""",6,5,2023
"""下来吧你[呲牙][呲牙]""",6,5,2023
"""听说你是业绩龙头？""",6,5,2023
"""您好！请问川西名山项目一期是20万吨/年还是40万吨/年？目前建设情况如何？预计""",6,6,2023
"""您好！叙永森能二期项目是否已投产？2023 年是否已申领换取 20万吨/年安全生""",6,6,2023
"""九丰能源本周融资净偿还703.03万元，居燃气板块第一""",6,4,2023
"""九丰能源本周沪股通持股市值增加593.98万元，居燃气板块第一""",6,4,2023
"""请问公司，RCEP对公司业绩有什么影响""",6,4,2023
"""减持了，别碰啊""",6,3,2023
"""国际油价在上涨，想赚钱的给我想明白为什么，不过想不明白也没事，先买点国际交易的九""",6,3,2023
"""九丰能源06月02日获沪股通增持7万股""",6,3,2023
"""九丰能源：连续5日融资净偿还累计703.03万元（06-02）""",6,3,2023
"""蓝皮书发布。储氢新能源概念来了。""",6,2,2023
"""九丰有军工概念！""",6,2,2023
"""看到55""",6,2,2023
"""拜拜，再也不见""",6,2,2023
"""请问主力，今日收盘可否收到21.73-21.8啊，拜托拜托""",6,2,2023
"""是否应该赋予新的概念军工。""",6,2,2023
"""暂时不指望啥行情，先请将上面的缺口给补上吧[捂脸][捂脸][捂脸]""",6,2,2023
"""高开低走""",6,2,2023
"""九丰能源06月01日获沪股通增持5.36万股""",6,2,2023
"""今天要破21.21吗？""",6,2,2023
"""九丰能源：连续4日融资净偿还累计556.7万元（06-01）""",6,2,2023
"""现在只有百分之4的获利盘，几乎全部被套，谁也别想好，大不了等到冬天。还不涨？？""",6,1,2023
"""，进来两天不动直接给我亏损接近4个点，算你狠""",6,1,2023
"""狗托[成交][成交][成交]""",6,1,2023
"""，""",6,1,2023
"""太黑了""",6,1,2023
"""私营企业的里暗。""",6,1,2023
"""不买，腰斩后再买""",6,1,2023
"""看好，不代表死拿""",6,1,2023
"""想起前两天一直有人说抄底了，不知道还好不[捂脸]""",6,1,2023
"""氢能每日报，纵览氢能天下事""",6,1,2023
"""朋友今天准备怎么走式！""",6,1,2023
"""买货用美金，卖货收人民币，亏死九丰这垃圾玩意儿！""",6,1,2023
"""明年大解禁""",6,1,2023
"""你个垃圾东西""",6,1,2023
"""行业就是个垃圾行业[滴汗]没人玩""",6,1,2023
"""劝大家割肉换股，我先跑了，拜拜""",6,1,2023
"""不知道要被一手哥控盘到什么时候，都去炒AI吧""",6,1,2023
"""玩那么多股票能看出这是，建议兄弟们换票玩""",6,1,2023
"""赶紧拉红，我还有十分之一没割肉，抓紧的，多看一眼都觉得恶心的久疯能源。""",6,1,2023
"""大夏天一群人在这里在这幻想[捂脸]，而且还是刚经历过天然气最高价格""",6,1,2023
"""垃圾，跌停吧""",6,1,2023
"""昨天说的不中听，但是事实啊，哈哈哈""",6,1,2023
"""证监会严查九丰能源财务帐目是否有违规现象""",6,1,2023
"""6.1儿童节快乐""",6,1,2023
"""这种开盘价格太刻意了，可以去举报了。""",6,1,2023
"""请问截止到今天，汇天泽和宁波信拓还是公司十大流通股东吗？宁波信拓目前持有公司多少""",6,1,2023
"""九丰能源05月31日被沪股通减持5.67万股""",6,1,2023
"""九丰能源：连续3日融资净偿还累计509.39万元（05-31）""",6,1,2023
"""哈默费斯特液化天然气工厂停工后，欧洲天然气价格上涨高达14%""",5,31,2023
"""夏季需求高峰来临，高温天气将促使天然气价格大涨""",5,31,2023
"""近两个月以来的三次大宗折价都是同一营业部卖出，总股数是515万股，根据十大流通股""",5,31,2023
"""大宗交易大概知道底在哪里了。。。参考。""",5,31,2023
"""人民币兑美元又创新高了，丰哥持有不少美金，面上是大利好，但老股东都懂，利好必跌，""",5,31,2023
"""大宗交易：九丰能源成交994万元，折价8.01%（05-31）""",5,31,2023
"""这个价位还是让鸡狗儿子先跑吧""",5,31,2023
"""解禁股""",5,31,2023
"""割了，小亏。没按规则的操作基本都亏。下跌通道中，对比昨天量价，今天做空力量较大。""",5,31,2023
"""下跌趋势形成，管住手。""",5,31,2023
"""能跌到啥样，""",5,31,2023
"""史带肯定和九丰有着不能搬上台面的矛盾，杀敌三千也要自损八百""",5,31,2023
"""现在是除了AI相关的票都在泥里，没有资金多看一眼""",5,31,2023
"""阅读公司年报观点，长期来看，未来海外LNG供需平衡，不支持价格高位运行；国内LN""",6,1,2023
"""贵司未来两年在广东地区有无新增LNG产能投产？谢谢！""",6,1,2023
"""公司已是华油中蓝第一大股东，持股28%，未来是否有可能进一步收购至控股呢？""",6,1,2023
"""贵司2022年年报新增能源服务业务收入，是否在2022年以前，公司相关运营资产（""",6,1,2023
"""请教下，公司氦气业务目前毛利率水平如何？近两年的业务发展规划和成长空间如何？谢谢""",6,1,2023
"""您好！请问贵司LNG是否可通过国家管网，销售至广东以外其他省份？公司在华东区域好""",6,1,2023
"""这主力应该是老年痴呆症，大盘反弹它也不动，燃气拉升它也慢半拍。""",5,31,2023
"""除了减持，6月还有减禁""",5,31,2023
"""管住手，耐心20""",5,31,2023
"""拿了半年，跌跌不休，扶不起的阿斗，割了""",5,31,2023
"""干脆点，放量大跌买入""",5,31,2023
"""起飞""",5,31,2023
"""$九丰能源(SH605090)$""",5,31,2023
"""趁低吸纳，信者必发。""",5,31,2023
"""进来就被套吃面""",5,31,2023
"""史带金融持有十五年了。持股本金应该早就变成负数了吧，为什么减持一定要24呢如果和""",5,31,2023
"""说实话史带劲也不缺这点钱，喊着减持也没行动。公司自认为报表不错，整天阴阳怪气说些""",5,31,2023
"""刚发的工资，补了200股，没钱了。每个月买200股。当存定期存款了。""",5,31,2023
"""凡是有大股东要减持的股都不可能涨，除非是减持完毕，开始增持才有可能涨。""",5,31,2023
"""再跌四块，到十八，就是底部了""",5,31,2023
"""我自横刀向天笑，去留肝胆两昆仑，走了，挺不住了，挺了1.5年快，钱也输得差不多了""",5,31,2023
"""会到20，大家不要买""",5,31,2023
"""16见，垃圾股""",5,31,2023
"""割肉了，太恶心了，这东西。""",5,31,2023
"""我要减持[捂脸]，减持价格22就行""",5,31,2023
"""这票没有机构和游资敢碰，因为轿子里有只壳郎等待轿夫""",5,31,2023
"""都没人买卖了，天气热了，天然气没气了？？？？？""",5,31,2023
"""九丰能源05月30日获沪股通增持2.6万股""",5,31,2023
"""九丰能源：融资净偿还101.4万元，融资余额9622.03万元（05-30）""",5,31,2023
"""这两天散户应该进的挺疯狂的，不要在下跌的时候抄底，因为没有底，等发量再上也不会迟""",5,30,2023
"""服了[微笑]""",5,30,2023
"""砸到跌停板，就有人出货了，庄家就能收到筹码了，赶紧砸""",5,30,2023
"""下跌即将开始，只要一破位就会有很多人跑""",5,30,2023
"""[大笑]你们没发现吗，涨一两个点，就来一堆人吹，涨到多少多少，""",5,30,2023
"""看这情况这次大概率要破21了……""",5,30,2023
"""今天能收个十字星也行啊，明天反转，今天这个样看起来不友好啊。""",5,30,2023
"""看样子是要到18止跌，再涨到60""",5,30,2023
"""为何公司从上市至今两年的时间，公司的股价长期处于破发，估计一直得不到市场的认可？""",5,31,2023
"""弱爆了.....................""",5,30,2023
"""九丰能源05月29日获沪股通增持17.85万股""",5,30,2023
"""九丰能源：融资净偿还279.81万元，融资余额9723.43万元（05-29）""",5,30,2023
"""中国企业获得欧洲天然气码头使用权。""",5,30,2023
"""问问各位资深老大，明天就今天收盘的价位建仓会不会风险很大？""",5,29,2023
"""今天看板块，进场了。今天量价还算健康，不过上升趋势还没形成。明天不太好说。行情好""",5,29,2023
"""什么时候到24""",5,29,2023
"""弱反弹，唉还是不行，死相""",5,29,2023
"""有点弱了，唉，没资金愿意抬轿[哭]""",5,29,2023
"""九丰属于典型的优质垃圾股。""",5,29,2023
"""对不起，我买了""",5,29,2023
"""又是在套人""",5,29,2023
"""今天22.23把你割了，也不晓得割对没有，唉。希望明天22以内还可以接回来""",5,29,2023
"""卖飞了。玩蛇皮""",5,29,2023
"""你能展示一下下雄风吗。""",5,29,2023
"""人家小贵又要涨停了，唉，你这实力放着不是委屈了""",5,29,2023
"""今天这是不破均价吸筹？""",5,29,2023
"""一手哥天下无敌""",5,29,2023
"""融券融券融券赶快融券""",5,29,2023
"""弱势股的表现来了""",5,29,2023
"""您好，第一就想目前的氦气产能，因为去年年报显示，设计产能36万方，全面产量18万""",5,30,2023
"""又要开始套人了，深跌啊[旺柴]""",5,29,2023
"""九丰能源5月29日快速上涨""",5,29,2023
"""小心暴力洗盘""",5,29,2023
"""这股怎么了要踩黑天鹅了吗？""",5,29,2023
"""燃气板块龙飞凤舞，九丰短裤难道要破掉了？""",5,29,2023
"""减持不会影响每股业绩，总股本不变，不用太在意！""",5,29,2023
"""这个票每次跌都是2-3周……做好心理准备吧！""",5,29,2023
"""九丰能源本周融资净买入472.2万元，居燃气板块第五""",5,28,2023
"""九丰能源本周沪股通持股市值减少931.65万元，居燃气板块第二""",5,28,2023
"""刚好打到三角形底边就收回了明显的恶心主力洗盘形为，快的下周一就会止跌开启新一轮的""",5,28,2023
"""大数据精准割韭菜""",5,27,2023
"""拉升之前的强式洗盘形为""",5,27,2023
"""九丰能源：融资净买入276.78万元，融资余额1亿元（05-26）""",5,27,2023
"""这个价格按每股净利润分红每年都有7个点，而且每年业绩都在增长。做为一名老股民，选""",5,26,2023
"""吃了它2次亏，君子报仇就是抄底""",5,26,2023
"""现在来看，是四月份的大宗交易价格出来后股价没跌下去，有机构不满意了，觉得韭菜太坚""",5,26,2023
"""没用了，就是要打压股价收集筹码""",5,26,2023
"""全球规模最大燃料电池发电站落地；国鸿氢能再递招股书 | 氢能热点周报""",5,26,2023
"""增持股也在跌，市场太坏[抓狂]""",5,26,2023
"""各位有什么好担心的嘞？就今天的成交量都有700多万股，都比减持的股数要多啦！[大""",5,26,2023
"""打脸了，昨天赚几个点没跑，今天还倒亏了。无语，今天尾盘全仓干了，短线变成长线""",5,26,2023
"""垃圾""",5,26,2023
"""严查九丰能源集团，恶意操纵股市""",5,26,2023
"""今天的放量下跌管住手，还有新低。。。""",5,26,2023
"""亏麻了[怒]""",5,26,2023
"""这货是不是有基金爆仓了，和广汇能源同一个基金？""",5,26,2023
"""水发上方压力山大""",5,26,2023
"""昨天还好8.3左右进了些水发""",5,26,2023
"""今天尾盘跌停，明天再跌八个点，我就进来试试盘""",5,26,2023
"""没得救了，割了吧""",5,26,2023
"""看看水发燃气的主力真金白银往里打，再看看你要死不活的还往下拉稀""",5,26,2023
"""今天抄底的扣1，今天没抄底的扣2，深套的没有抄不抄底一说的扣3""",5,26,2023
"""水发燃气起飞""",5,26,2023
"""燃气这两天咋滴了？""",5,26,2023
"""从金洪来这大S。B股，后悔死""",5,26,2023
"""说白了就是没有机构愿意来给史带金抬轿子，拉上去给你减持套现？""",5,26,2023
"""今天抄底的人太多了，不太乐观，唉。。。。。。""",5,26,2023
"""这比昨天涨停的燃气股爹地还多[赞][赞]""",5,26,2023
"""这个史带针把九丰干趴下了""",5,26,2023
"""21.60附近买入1000手，不知道能赚几个点，静待花开。""",5,26,2023
"""彻底没势了，没个几个月起不来""",5,26,2023
"""强烈建议公司或大股东回购或增持史带金融减持的65多万股""",5,26,2023
"""，""",5,26,2023
"""意想不到[囧]，要不要抄底一下""",5,26,2023
"""减持保底价24块零9，有什么好担心的呢？""",5,26,2023
"""昨天整个燃气板块都有大资金进入，下周都会有所表现，难不成就九丰它就装死不动！""",5,26,2023
"""恶心的主力硬要往下打压破掉20的话那这票就折腾的时间就久了""",5,26,2023
"""要创新低才会反弹，目标15块""",5,26,2023
"""这股打下来就是给建仓的机会""",5,26,2023
"""股是好股就是主力太恶心了只要有刚进入的他就会无论怎么就要把新进的洗出去""",5,26,2023
"""这垃圾si金融解禁以来一直忙着减持，这是有多不看好这个垃圾公司，投资了十五年没分""",5,26,2023
"""此票该走该留，给你最精准芬析，操作建议""",5,26,2023
"""今天这根短时间没戏了！远离！！！""",5,26,2023
"""也有可能是最后一跌了""",5,26,2023
"""下午哭死你们""",5,26,2023
"""已破位还在做梦呢。""",5,26,2023
"""史带不走我走！""",5,26,2023
"""九丰能源跌超4% 第三大股东拟减持不超1.0466%股份""",5,26,2023
"""承接盘没有，稍微动一动就倒下""",5,26,2023
"""说好的减持价格不低于24，难道22都就开始减持了。""",5,26,2023
"""九丰？？RNM韭疯！""",5,26,2023
"""A股异动 | 九丰能源跌5% 股东拟减持不超1.05%股份""",5,26,2023
"""这么多利好用完了，现在稍微一点利空就倒下了""",5,26,2023
"""今天进来下个星期能吃点肉吧，给机会吧？""",5,26,2023
"""还有没有敢买的？""",5,26,2023
"""确定没有内幕泄漏是吗？今年以来北上资金近乎轻仓式减持公司二级股票，而同时间买爆了""",5,30,2023
"""全球天然气价格持续走跌，欧洲天然气价昨天跌破27欧元兆时，九丰，广汇这些天然气股""",5,26,2023
"""放心的砸，反正我昨日做了高抛，就等你狠砸来接你""",5,26,2023
"""主力向下做盘""",5,26,2023
"""股市里只要有人放点屁都会引起股票大跌""",5,26,2023
"""九丰能源5月26日盘中跌幅达5%""",5,26,2023
"""先抄底三分之一""",5,26,2023
"""昨天拉高出货，今天跌停，果真有黑料""",5,26,2023
"""肯定有内幕啊，这公司不正常""",5,26,2023
"""九丰能源不涨的原因已经非常明确了，公司股东都不看好，24块就要坚持，没什么好玩的""",5,26,2023
"""太狗""",5,26,2023
"""九丰能源分析:每次出货之前，九丰的操盘手都会向下打压20%左右，等到吸货够了，然""",5,26,2023
"""前几天抄底的不知道还好吗[捂脸]""",5,26,2023
"""请快点跌停，我要抄底！""",5,26,2023
"""板块涨不跟，跌可带劲了，真的是废柴[笑哭]""",5,26,2023
"""敢不敢去举报这个减持的和最近在控盘的资本？很明显在唱双簧，7倍的市盈率，能这么玩""",5,26,2023
"""大股东想高位减持，二年内不要给他机会。降降降""",5,26,2023
"""请问公司其他股东有无增持计划？比如张董比如吉总""",5,30,2023
"""7倍市盈率，居然还在内耗，等外资来收吧""",5,26,2023
"""这个垃圾每次都是刚有点起色，就出减持公告，不想让公司好啊！""",5,26,2023
"""跌停板吸货，大家配合跑""",5,26,2023
"""实名举报史带金融，深查资金来源""",5,26,2023
"""昨天我就说了低开，有人不高兴，但这是事实，没办法，最大股东减持都不是利空，还有什""",5,26,2023
"""22.17买入""",5,26,2023
"""今天领跌[大笑][大笑][大笑]""",5,26,2023
"""请九丰能源所有二级市场的股东保存这条互动，下面三个问题，请公司分点回答，1.请问""",5,30,2023
"""史带不走，九丰不涨！""",5,26,2023
"""九丰能源05月25日被沪股通减持28.88万股""",5,26,2023
"""九丰能源：融资净买入370.32万元，融资余额9726.46万元（05-25）""",5,26,2023
"""讨论一下哈，如果是真减持，势必要拉到24以上，目前是22，如果不看好，到24就赶""",5,25,2023
"""看下公告，这个股东去年开始一直在发布减持，对股价影响很小的，不存在啥子利空利好的""",5,25,2023
"""明天低开了，史带不看好九丰，硬要减持[捂脸]""",5,25,2023
"""板了，稀有气体""",5,25,2023
"""不知道大家有没有感到愤怒，反正我挺愤怒的，三年减持三次，我有两个猜想，1.要不就""",5,25,2023
"""告诫自己千万不要买这样的僵尸股！""",5,25,2023
"""涨电时，你说没电，现在涨气时，又没气了？""",5,25,2023
"""想操九丰能源底的大把的人存在，现在是为了明年的丰收播下种子""",5,25,2023
"""九丰能源：股东拟减持不超1.05%股份""",5,25,2023
"""最近股票名称带能源两字都涨停了""",5,25,2023
"""九丰能源：第三大股东史带金融拟减持不超1.04%公司股份 减持价不低于24.09元/股""",5,25,2023
"""九丰能源(605090.SH)：史带金融拟减持不超1.0466%股份""",5,25,2023
"""九丰能源:关于持股5%以上股东减持股份计划的预披露公告""",5,25,2023
"""100块估值才是正常水平，市盈率才7，堪比银行""",5,25,2023
"""今天被它片了""",5,25,2023
"""看这情形，26应该稳了[毛估估]""",5,25,2023
"""九丰能源拟出资3000万元 参与投资设立氢能产业基金""",5,25,2023
"""这个垃圾主力不懂赚钱的，还在这呆着干嘛呢？""",5,25,2023
"""这炮骗的好啊""",5,25,2023
"""这么好的股完全被操盘手玩残费""",5,25,2023
"""那个什么虫的私募操盘手，不行赶紧滚！""",5,25,2023
"""天燃气期货一直在上涨""",5,25,2023
"""涨潮没赶上，退潮倒是赶上了，66666666""",5,25,2023
"""拉三个点就出货了？垃圾啊""",5,25,2023
"""哎呀你着讨厌的鬼，真让人惊喜""",5,25,2023
"""贵洲燃气稳坐笫一把交椅""",5,25,2023
"""择价大宗交易不会大涨的""",5,25,2023
"""水发刚进一笔它就板了""",5,25,2023
"""我卖了你就涨，有本事涨停""",5,25,2023
"""买了点水发""",5,25,2023
"""水发要板了""",5,25,2023
"""燃气板块异动了""",5,25,2023
"""贵州然气要板了""",5,25,2023
"""千手哥没来，成不了""",5,25,2023
"""这垃圾还在等什么？""",5,25,2023
"""所有均线都往下了，要上去有点难度，压力比较大""",5,25,2023
"""燃气板块有异动了，美能已经板了""",5,25,2023
"""燃气我觉得就这个垃圾不涨，故事有公司就是不讲给大家听，大股东减持是不能低于发行价""",5,25,2023
"""只要我卖的都大涨，要不我清仓成全大家了[捂脸]""",5,25,2023
"""直接砸到20""",5,25,2023
"""没借利好，拉高回落收割韭菜，算是厚道。""",5,25,2023
"""九丰能源拟与专业机构发起设立氢能产业基金""",5,25,2023
"""下来了""",5,25,2023
"""变盘节点，往下走。废话不多说自己琢磨。""",5,25,2023
"""谁玩了一把涨停啦，严重伤害了我的感情""",5,25,2023
"""九丰能源进入长期慢牛行情机构进来了，他们要慢慢吸筹，如果涨太快，他们就反手打压""",5,25,2023
"""九丰能源05月24日被沪股通减持2.35万股""",5,25,2023
"""九丰能源：融资净偿还42.61万元，融资余额9356.14万元（05-24）""",5,25,2023
"""没办法了，只能走了。""",5,24,2023
"""3月份26.16元都没减持，现在这股价怕啥，今天又出氢能源利好，人气也上来了，明""",5,24,2023
"""九丰能源：参与投资设立氢能产业基金""",5,24,2023
"""九丰能源(605090.SH)拟斥3000万元参设氢能产业基金""",5,24,2023
"""史带金融在减持期间一股也没有减持，太狡猾了，股民朋友们看清楚了吗？不涨的秘密就在""",5,24,2023
"""九丰能源：出资3000万元参与设立氢能产业基金，持股9.51%""",5,24,2023
"""九丰能源：参与投资设立氢能产业基金""",5,24,2023
"""九丰能源：拟参与投资设立氢能产业基金""",5,24,2023
"""九丰能源(605090.SH)：拟3000万元参与投资设立氢能产业基金""",5,24,2023
"""九丰能源:关于持股5%以上股东减持股份计划时间届满暨减持结果的公告""",5,24,2023
"""九丰能源:关于与专业投资机构合作暨参与投资设立氢能产业基金的公告""",5,24,2023
"""赚了个晚餐钱，想想还是明天再加仓，黑色星期四还是要尊重一下[捂脸]""",5,24,2023
"""欢迎新韭菜进来""",5,24,2023
"""最后的水下上车机会了，明天最多再挖个坑，怎么搞你们自己看着办吧""",5,24,2023
"""这只股没人气，历史看都是缩量反弹，单日放量就得死。成交量没持续性。""",5,24,2023
"""估计今天丝带在出货""",5,24,2023
"""只是因为在股群中多看了你一眼，从此就登上了那艘的船""",5,24,2023
"""护盘神股，九丰不涨，大盘不红""",5,24,2023
"""护盘神股""",5,24,2023
"""今天能红就不错了，至少不至于垫底""",5,24,2023
"""已到变盘点了向上还是向下回踩""",5,24,2023
"""只要跌到20左右这票引来买入的人肯定不少""",5,24,2023
"""业绩也还不错你走趋势不行吗""",5,24,2023
"""下跌趋势""",5,24,2023
"""这股市被这些庄家主力玩坏了玩残了""",5,24,2023
"""慢慢熬吧，等六月份加仓后再看""",5,24,2023
"""指数破掉3200整数关口再拉回就完美了""",5,24,2023
"""加不加呀，家人们，想加又怕明天星期四[捂脸]""",5,24,2023
"""只要你打到合适的卫置就有人进""",5,24,2023
"""九丰能源的业绩是明牌，大盘好题材四面开花的时候也许轮不到，大盘跌的时候就是避风港""",5,24,2023
"""心思恶毒之人财不进你门！""",5,24,2023
"""跌停，跌停，我要进来""",5,24,2023
"""九丰能源05月23日被沪股通减持9.33万股""",5,24,2023
"""九丰能源：融资净买入150.52万元，融资余额9398.75万元（05-23）""",5,24,2023
"""关注天华新能""",5,23,2023
"""盲猜史带金融明天第二次减持期满又开始发布第三轮减持计划""",5,23,2023
"""拉尾盘非奸即盗""",5,23,2023
"""上攻无力，横久就必跌""",5,23,2023
"""大盘指数此位置有可能向下再来三根阴线到3200点处企稳""",5,23,2023
"""留给史带金融的时间不多了""",5,23,2023
"""这票就是波动幅度太低了""",5,23,2023
"""马上就上28冲""",5,23,2023
"""养老股，向前一步退三步，看着能上去也不知道是真是假""",5,23,2023
"""果然不争气""",5,23,2023
"""大盘坏了，这股不涨但很安全。""",5,23,2023
"""指数要拉稀了""",5,23,2023
"""市场资金还在选择进入哪个板块""",5,23,2023
"""信我的来000153[呲牙]""",5,23,2023
"""没3至4个点就没意义""",5,23,2023
"""砸到22就可以加部份仓""",5,23,2023
"""第五天了，择机，可以把握机会了，[哭]""",5,23,2023
"""洗就洗到底""",5,23,2023
"""砸呀，向下砸""",5,23,2023
"""先往下砸一个点[捂脸][捂脸][捂脸]""",5,23,2023
"""机会来了，在向下砸了""",5,23,2023
"""今天跟对了，全绿要跟着绿，，全红要反着跟[傲][傲]""",5,23,2023
"""下面压得越多越虚，唉，接着等吧""",5,23,2023
"""九丰能源05月22日沪股通持有量229.82万股""",5,23,2023
"""九丰能源：融资净偿还282.81万元，融资余额9248.23万元（05-22）""",5,23,2023
"""去年建仓的鸿合科技和完美世界全部清完，都是拿了一年多，赶上了风口，圆满完成任务。""",5,22,2023
"""一手哥控盘[666]""",5,22,2023
"""今天5000W上不去了，可怕""",5,22,2023
"""已经卖了，你随便吧。""",5,22,2023
"""再见了，垃圾""",5,22,2023
"""早上的竞价跌停了，我买了一万手，为什么没买进？""",5,22,2023
"""评级机构出来发表一下补充意见""",5,22,2023
"""没有人敢轻举妄动去吃上面的一万手""",5,22,2023
"""我又回来了[旺柴]""",5,22,2023
"""真是垃圾啊！""",5,22,2023
"""今天跟氦气啊""",5,22,2023
"""今天又跟哪个？？""",5,22,2023
"""上周五收盘一个万手卖单将这里面打算做多的资金给吓傻了，谁都不敢乱动[捂脸][捂脸""",5,22,2023
"""每天都倒数第一，牛逼""",5,22,2023
"""每天开盘都要向下杀1个点左右，操盘手是有强迫症吗？""",5,22,2023
"""第四天了稳住，明天可以抄底了""",5,22,2023
"""等九丰跟上次一样最后来个急跌就满仓""",5,21,2023
"""九丰能源本周融资净偿还767.98万元，居燃气板块第三""",5,21,2023
"""九丰能源本周沪股通持股市值增加282.77万元，居燃气板块第九""",5,21,2023
"""看下杭州热电，主力是否有所作为？""",5,21,2023
"""九丰能源05月19日获沪股通增持3.57万股""",5,20,2023
"""九丰能源：融资净偿还428.82万元，融资余额9531.04万元（05-19）""",5,20,2023
"""这万手哥是显示你有钱?咋不直接砸跌停呢?""",5,19,2023
"""画心电图了""",5,19,2023
"""玩个锤子""",5,19,2023
"""一手哥牛逼，给爷看吐了""",5,19,2023
"""这股现在只会小涨""",5,19,2023
"""靠10手10手买上去的，像样不？""",5,19,2023
"""70""",5,19,2023
"""史带金融减持24日到期，新船即将交付，国际天然气价格大幅下跌，三大利好下不涨都难""",5,19,2023
"""打到20元给你加到七层""",5,19,2023
"""选择涨停？还是跌停？""",5,19,2023
"""漂亮，知道你小子行""",5,19,2023
"""啥时候成交量能起来呀""",5,19,2023
"""知道你小子憋不住了，哈哈""",5,19,2023
"""没事猜猜今天跟什么板块？我猜是氢能源""",5,19,2023
"""目前市场上有效股票有5204支，破发的有697支，剔除st的剩下的破发股票不多，""",5,19,2023
"""涨吧，知道你可以""",5,19,2023
"""今天不垫底吗？""",5,19,2023
"""涨停吧，别憋着了""",5,19,2023
"""九丰能源05月18日被沪股通减持11.41万股""",5,19,2023
"""九丰能源：融资净买入213.06万元，融资余额9959.86万元（05-18）""",5,19,2023
"""小庄，我看你今天怎么压的住""",5,19,2023
"""庄，你看着办吧，""",5,18,2023
"""大家挺住，坚持到底，不到目的，绝不减仓。""",5,18,2023
"""还有3天面吃才会拉一点点。这个月都上不了24。""",5,18,2023
"""走势的确恶心，不过放量涨，缩量跌，很可能是主力资金的震仓行为，大家留意明天的走势""",5,18,2023
"""套住哥们了，算你狠""",5,18,2023
"""抄底了，上午抄了，下午又有低了""",5,18,2023
"""今天抄底明天吃肉不谢""",5,18,2023
"""跟的啥概念。""",5,18,2023
"""又是它啊？怎么做到的这家伙""",5,18,2023
"""超低超早了""",5,18,2023
"""大家对公司有还满意吗？对股价满意吗？""",5,18,2023
"""大盘涨了，不涨的票还是观察""",5,18,2023
"""等放量下跌来跟大阴线[呲牙]""",5,18,2023
"""今天跟的氦气[鼓掌]""",5,18,2023
"""又超你老底了，哈哈，""",5,18,2023
"""吵你老底了，哈哈，""",5,18,2023
"""老铁们，给个关注，点点关注，哈哈，个带你们上高速""",5,18,2023
"""向下杀呀，杀到21就爽歪歪""",5,18,2023
"""可能会到18，""",5,18,2023
"""弱势震荡，向下可能性很大，""",5,18,2023
"""庄，我不想收割你了，你怎么做好自为之吧，""",5,18,2023
"""庄，你又倒车接人呢？""",5,18,2023
"""出货了""",5,18,2023
"""硬过，，一泻千里[好困惑]直到18""",5,18,2023
"""主力吸筹""",5,18,2023
"""这家公司是不是有雷啊""",5,18,2023
"""又是倒数第一""",5,18,2023
"""忍无可忍概念股""",5,18,2023
"""九丰能源05月17日获沪股通增持10.52万股""",5,18,2023
"""九丰能源：融资净买入203.6万元，融资余额9746.8万元（05-17）""",5,18,2023
"""九丰能源-心系投资者 携手共行动--2023年江西辖区上市公司投资者网上集体接待日【全景路演】""",5,17,2023
"""回调22吧。""",5,17,2023
"""继续做T""",5,17,2023
"""交易疲劳了，中场休息了，。。。。。。。。。。""",5,17,2023
"""昨天好不容易做了一次龙头，今天马上就夹着尾巴了！！！""",5,17,2023
"""垃圾，还是垃圾""",5,17,2023
"""为啥你老喜欢做最后面呢""",5,17,2023
"""5月24日史带金融减持期又满了，请问下一期他们打算减持多少？""",5,17,2023
"""今天跟的是冷链物流""",5,17,2023
"""[哭][哭]死垃圾你不是也有船嘛""",5,17,2023
"""我就等你下来，18见""",5,17,2023
"""每次涨一天之后就有人说牛来了，目标多少多少，然后开始回调一个星期-二个星期，不知""",5,17,2023
"""九丰能源05月16日被沪股通减持2.39万股""",5,17,2023
"""九丰能源：融资净偿还466.34万元，融资余额9543.2万元（05-16）""",5,17,2023
"""慢牛行情，本周冲24元""",5,16,2023
"""明天24了[上涨][上涨][上涨]""",5,16,2023
"""看好它""",5,16,2023
"""九丰能源:关于参加2023年江西辖区上市公司投资者网上集体接待日活动的公告""",5,16,2023
"""董秘您好！公司年报显示一艘LNG船待交付、一艘LNG船在建，两艘LPG船在建。这""",5,16,2023
"""下面2600手是打折用的嘛？6666""",5,16,2023
"""拉高出货[赞]牛逼""",5,16,2023
"""散被玩死了，纠结而死，进了就下，出了就上，上了不进难受，下了不卖又难受，完美""",5,16,2023
"""什么时候九丰能自由的把板块拉红或拉绿，它就成了正真的龙头了""",5,16,2023
"""11的本，你随便来""",5,16,2023
"""龙头位置没抢到，看样子还有的跌""",5,16,2023
"""涨了2.5个点，人气涨了一千多，个哈装装，涨5个点的话基本上进前100了""",5,16,2023
"""一手哥YYDS""",5,16,2023
"""今天新奥燃气的来换变，说燃气要涨价，都5%的涨价！今天这是放量吗？昨天刚出了！""",5,16,2023
"""涨涨涨""",5,16,2023
"""劳资终于解套了！劳资不动，劳资要到36再出！""",5,16,2023
"""四月用电量上升8%，天然气发电还不涨吗""",5,16,2023
"""庄，你怎么整的，赶紧的，我成本都11.56了""",5,16,2023
"""[捂脸][捂脸]我错了""",5,16,2023
"""今天保持板块前列腺就行，后市可期""",5,16,2023
"""九丰不会让你“失望的”""",5,16,2023
"""现在看空的是傻吗？""",5,16,2023
"""股市不言底，论此九丰底在16-18之间[大笑]""",5,16,2023
"""我发起了一个投票，【市盈率不到8倍，后期能否一飞冲天】，快来参与投票吧~""",5,16,2023
"""九丰能源05月15日获沪股通增持12.38万股""",5,16,2023
"""九丰能源：融资净偿还289.48万元，融资余额1亿元（05-15）""",5,16,2023
"""产房传喜讯，生了个奥力给，哈哈""",5,15,2023
"""巨龙巨龙你擦亮眼，""",5,15,2023
"""这么看来加仓没错[捂脸]""",5,15,2023
"""九九好样的，奥力给""",5,15,2023
"""量创新低。。。。。。""",5,15,2023
"""龙哥龙哥你快飞""",5,15,2023
"""记住，你是太平洋上的巨轮，你是驰插九霄云外的巨龙，""",5,15,2023
"""小龙加油，龙哥威武""",5,15,2023
"""垃圾""",5,15,2023
"""我是真蠢一直觉得这货要启动要启动。上周4买的新天然气周5从新天然气出来买回来""",5,15,2023
"""票一天到晚。跌就是跌，涨就是涨。每天几毛钱晃荡。烦的很，看看新天然气""",5,15,2023
"""你看看新天然气，他可没法和你聊天的你懂""",5,15,2023
"""记住你将是燃气里面的老大，龙的存在，只不过现在还在睡觉，等你龙啸九天""",5,15,2023
"""你是新股，你能带头拉一下不垃圾玩意""",5,15,2023
"""来了老弟""",5,15,2023
"""是六月份解禁吗？怎么各个平台信息不一样嘛？九丰能源:2023-06-29解禁52""",5,15,2023
"""外资至少又是减持10万股""",5,15,2023
"""完了，没戏了""",5,15,2023
"""加仓！""",5,15,2023
"""建仓机会来了哈""",5,15,2023
"""大家一起喊，跌停，跌停，跌停，我好进来赔你们""",5,15,2023
"""今天要破22元""",5,15,2023
"""名牌了，社保在手机筹码。所以不涨""",5,15,2023
"""加仓又加早了[捂脸]""",5,15,2023
"""真安静，都没人出来互动，来个美女，有没有""",5,15,2023
"""俄罗斯的燃气进来了""",5,14,2023
"""九丰能源本周融资净买入450.11万元，居燃气板块第三""",5,14,2023
"""九丰能源本周沪股通持股市值减少228.83万元，居燃气板块第二""",5,14,2023
"""九紫离火运来啦，哈哈，这个又有九字，又有火，你们说对吗""",5,14,2023
"""本人决定，即日起于小红红划清界线，一刀两断，哈哈""",5,14,2023
"""九丰能源05月12日被沪股通减持10.03万股""",5,13,2023
"""九丰能源：融资净买入10.12万元，融资余额1.03亿元（05-12）""",5,13,2023
"""[呲牙][呲牙]""",5,12,2023
"""小红红，我回来啦，哈哈，我刚从外面回来，一回来就套啦""",5,12,2023
"""这个量怎么回事啊，这么少？""",5,12,2023
"""本人决定，今日梭哈，差不多了""",5,12,2023
"""炒完电力该炒燃料吧，没有煤炭和天然气，光靠水电和光伏发电哪够，夏天用电量太大了[""",5,12,2023
"""好了各位不用怕了这主力不敢破22.12放心拿着就行了。。有脾气下午破掉22.""",5,12,2023
"""这股是坏。不是一般的坏""",5,12,2023
"""再跌一波，又可以加仓了，一天跌一点又不想加，就等着多放量大跌[捂脸][捂脸]""",5,12,2023
"""下午会跌停让我进么""",5,12,2023
"""板块中最弱的仔""",5,12,2023
"""我九丰可是坚定的绿色环保分子，板块的拖后腿中坚力量，破发的专业户，拉垮第一名""",5,12,2023
"""无人关注，散户自残""",5,12,2023
"""每天开盘都跌，然后一点一点网上爬""",5,12,2023
"""九丰能源05月11日获沪股通增持5.54万股""",5,12,2023
"""回到十八元，我买十万股""",5,12,2023
"""九丰能源：融资净偿还48.7万元，融资余额1.03亿元（05-11）""",5,12,2023
"""吗主力故意压。明天我在回来。继续每天在末尾哈""",5,11,2023
"""我九丰是坚定的绿色环保分子，板块的拖后腿中坚力量，破发的专业户""",5,11,2023
"""天然气板块涨的，为什么它跌啊？难道有雷吗""",5,11,2023
"""变成僵尸股了，庄家，你还在吗？""",5,11,2023
"""你要不要脸哦。什么德行哦""",5,11,2023
"""该加仓了""",5,11,2023
"""天天倒数，板块涨那么好也不跟，这是要干嘛呢？""",5,11,2023
"""天然气板块3000亿市值，九丰不沾一半，至少也要占一半的一半吧，比新奥燃气一个纯""",5,11,2023
"""公司上市马上两周年，公司的股票一直处于破发行价格，一直得不到市场的认同，是不是发""",5,11,2023
"""看状态，要大涨了，冲冲冲""",5,11,2023
"""不到18不进，快下来""",5,11,2023
"""即将暴跌模式开始""",5,11,2023
"""尊敬的董秘您好！请问5月10日股东户数是多少？谢谢！""",5,11,2023
"""看好贵州燃气""",5,11,2023
"""垃圾逆板块啊，板块涨他不跟，跌的时候冲前面""",5,11,2023
"""换个颜色，我绿色过敏[捂脸]""",5,11,2023
"""杂什么种，你有种把股价跌停""",5,11,2023
"""垃圾，真恶心""",5,11,2023
"""九丰能源05月10日被沪股通减持14.58万股""",5,11,2023
"""九丰能源：融资净买入468.31万元，融资余额1.03亿元（05-10）""",5,11,2023
"""业绩优且逆势增长，上市快两年股价尚在次底部，众机构正在建仓中，一块带有氦气和氢气""",5,11,2023
"""这股真是了色""",5,10,2023
"""社保估计割肉了""",5,10,2023
"""庄家出货，别动""",5,10,2023
"""庄家出货""",5,10,2023
"""上方压力有这么大嘛？""",5,10,2023
"""机构持仓才36%，至少到46，才可以进""",5,10,2023
"""清仓完毕，主力随意""",5,10,2023
"""清仓回家""",5,10,2023
"""早上冲高已出[大笑]""",5,10,2023
"""今天会上23吗""",5,10,2023
"""没量没量，没花头，老规矩""",5,10,2023
"""九丰能源05月09日被沪股通减持11.57万股""",5,10,2023
"""九丰能源：融资净买入165.95万元，融资余额9869.29万元（05-09）""",5,10,2023
"""九丰社保和基金等等机构进入了，游资走了，进入慢牛行情""",5,10,2023
"""明天铁定高开高走？""",5,9,2023
"""明天涨停""",5,9,2023
"""九丰能源:关于发行股份、可转换公司债券及支付现金购买资产并募集配套资金实施进展的公告""",5,9,2023
"""为什么卖出一万8手续费23块这么高""",5,9,2023
"""大盘秀啊""",5,9,2023
"""今天只跌这么点""",5,9,2023
"""收盘前把22.5这些吃掉""",5,9,2023
"""22.6抄个底买了1000股，不知道可能吃点肉[捂脸]""",5,9,2023
"""什么破股啊！昨天涨3个多点，唱多的一堆。""",5,9,2023
"""跳水冠军九哥在此，表演水花消失术，抗不住的先走""",5,9,2023
"""加油，奥利给""",5,9,2023
"""评估失误，还要回到18后再起来[哭]""",5,9,2023
"""九丰业绩+船+港运，涨！""",5,9,2023
"""既然跌不动，就开始涨吧""",5,9,2023
"""未来十年科技股是主线，央国企副线。其余都是鸡肋。""",5,9,2023
"""本周24的应该能解套了""",5,9,2023
"""块买，马上到28""",5,9,2023
"""又是亏钱的一天[捂脸]""",5,9,2023
"""九丰能源05月08日获沪股通增持20.29万股""",5,9,2023
"""九丰能源：融资净偿还145.57万元，融资余额9703.34万元（05-08）""",5,9,2023
"""国际气价低于10美金，进入九丰常规顺价模式""",5,8,2023
"""九丰能源这是有大动作了""",5,8,2023
"""1704973.01万元营收，碳氢能源，还是子公司[捂脸]""",5,8,2023
"""悄悄的，加油吧小九""",5,8,2023
"""九丰能源:关于公司及全资子公司为子公司提供担保的公告""",5,8,2023
"""明天还会长吗""",5,8,2023
"""底部启动需要一个涨停！""",5,8,2023
"""买啦买啦买啦""",5,8,2023
"""新人报道，买个底仓。""",5,8,2023
"""资金是流出的，骗谁呢""",5,8,2023
"""持有三天还亏了一点，真是无语的""",5,7,2023
"""有一周了，看你的表演""",5,7,2023
"""九丰能源05月05日被沪股通减持19.88万股""",5,6,2023
"""九丰能源：融资净偿还282.11万元，融资余额9848.91万元（05-05）""",5,6,2023
"""会发生变化，说明还是一如既往的好。""",5,5,2023
"""垃圾公司""",5,5,2023
"""请问今年的内外围的经营环境好还是去年的经营环境好？""",5,5,2023
"""又拉尾盘。""",5,5,2023
"""真稳定[赞]""",5,5,2023
"""垃圾垃圾""",5,5,2023
"""九丰出了名的大盘暴涨它不涨，大盘微跌它大跌。天然气板块大涨它不涨，微跌它直接排倒""",5,5,2023
"""这个月到30[呲牙]""",5,5,2023
"""本来就没有价值投资这一说[捂脸]""",5,5,2023
"""下星期到18我来接盘""",5,5,2023
"""我也收割了一下""",5,5,2023
"""离发车不远了，你上车了吗""",5,5,2023
"""我想问24的本，这个月能回本吗""",5,5,2023
"""拉尾盘就必须要走的""",5,5,2023
"""看见拉尾盘，还好昨天跑了""",5,5,2023
"""九丰能源05月04日获沪股通增持4.97万股""",5,5,2023
"""九丰能源：融资净买入4.18万元，融资余额1.01亿元（05-04）""",5,5,2023
"""上市两年，业绩那么好，仍然破发，丢人啊！""",5,5,2023
"""不知道九丰跟的是啥指标，[旺柴]足够困惑的标的，雾里看花，花非花，雾非雾。""",5,4,2023
"""九丰连跳七板""",5,4,2023
"""有关罐装的问题""",5,4,2023
"""资金是流出的，反正我是拉高卖了""",5,4,2023
"""拉尾盘""",5,4,2023
"""真的丢脸天然气两天涨那么多这货一点没涨别的两天都涨了10个点""",5,4,2023
"""请问截至4月28日公司股东户数是多少？谢谢！""",5,5,2023
"""跌不下去就得表现一下吧，这个位置，走也没什么意思。""",5,4,2023
"""这几天走势都是吸筹走势""",5,4,2023
